seq,uid,row,y_true,y_score,y_pred@tau=0.976
1441,LPa.csv#row=1441#ctx=3#off=1,1441,0,0.090576171875,0
1188,LPa.csv#row=1188#ctx=3#off=1,1188,0,0.090576171875,0
2191,LPa.csv#row=2191#ctx=3#off=1,2191,0,0.090576171875,0
2090,LPa.csv#row=2090#ctx=3#off=1,2090,0,0.090576171875,0
1216,LPa.csv#row=1216#ctx=3#off=1,1216,0,0.090576171875,0
1024,LPa.csv#row=1024#ctx=3#off=1,1024,0,0.090576171875,0
1300,LPa.csv#row=1300#ctx=3#off=1,1300,0,0.090576171875,0
1342,LPa.csv#row=1342#ctx=3#off=1,1342,0,0.090576171875,0
1802,LPa.csv#row=1802#ctx=3#off=1,1802,0,0.090576171875,0
329,LPa.csv#row=329#ctx=3#off=1,329,0,0.090576171875,0
2500,LPa.csv#row=2500#ctx=3#off=1,2500,0,0.090576171875,0
360,LPa.csv#row=360#ctx=3#off=1,360,0,0.090576171875,0
976,LPa.csv#row=976#ctx=3#off=1,976,0,0.090576171875,0
1866,LPa.csv#row=1866#ctx=3#off=1,1866,0,0.090576171875,0
1243,LPa.csv#row=1243#ctx=3#off=1,1243,0,0.090576171875,0
1616,LPa.csv#row=1616#ctx=3#off=1,1616,0,0.090576171875,0
537,LPa.csv#row=537#ctx=3#off=1,537,0,0.090576171875,0
1735,LPa.csv#row=1735#ctx=3#off=1,1735,0,0.090576171875,0
898,LPa.csv#row=898#ctx=3#off=1,898,0,0.090576171875,0
1490,LPa.csv#row=1490#ctx=3#off=1,1490,0,0.090576171875,0
1952,LPa.csv#row=1952#ctx=3#off=1,1952,0,0.090576171875,0
1649,LPa.csv#row=1649#ctx=3#off=1,1649,0,0.090576171875,0
1746,LPa.csv#row=1746#ctx=3#off=1,1746,0,0.090576171875,0
576,LPa.csv#row=576#ctx=3#off=1,576,0,0.090576171875,0
955,LPa.csv#row=955#ctx=3#off=1,955,0,0.090576171875,0
2040,LPa.csv#row=2040#ctx=3#off=1,2040,0,0.090576171875,0
21,LPa.csv#row=21#ctx=3#off=1,21,0,0.9140625,0
1252,LPa.csv#row=1252#ctx=3#off=1,1252,0,0.090576171875,0
1660,LPa.csv#row=1660#ctx=3#off=1,1660,0,0.090576171875,0
1718,LPa.csv#row=1718#ctx=3#off=1,1718,0,0.090576171875,0
1518,LPa.csv#row=1518#ctx=3#off=1,1518,0,0.090576171875,0
704,LPa.csv#row=704#ctx=3#off=1,704,0,0.090576171875,0
1525,LPa.csv#row=1525#ctx=3#off=1,1525,0,0.090576171875,0
2105,LPa.csv#row=2105#ctx=3#off=1,2105,0,0.090576171875,0
2216,LPa.csv#row=2216#ctx=3#off=1,2216,0,0.090576171875,0
255,LPa.csv#row=255#ctx=3#off=1,255,0,0.090576171875,0
2027,LPa.csv#row=2027#ctx=3#off=1,2027,0,0.090576171875,0
1779,LPa.csv#row=1779#ctx=3#off=1,1779,0,0.090576171875,0
299,LPa.csv#row=299#ctx=3#off=1,299,0,0.090576171875,0
1813,LPa.csv#row=1813#ctx=3#off=1,1813,0,0.090576171875,0
2633,LPa.csv#row=2633#ctx=3#off=1,2633,0,0.090576171875,0
2492,LPa.csv#row=2492#ctx=3#off=1,2492,0,0.090576171875,0
2231,LPa.csv#row=2231#ctx=3#off=1,2231,0,0.090576171875,0
1326,LPa.csv#row=1326#ctx=3#off=1,1326,0,0.090576171875,0
2025,LPa.csv#row=2025#ctx=3#off=1,2025,0,0.090576171875,0
167,LPa.csv#row=167#ctx=3#off=1,167,0,0.090576171875,0
1394,LPa.csv#row=1394#ctx=3#off=1,1394,0,0.090576171875,0
387,LPa.csv#row=387#ctx=3#off=1,387,0,0.090576171875,0
1107,LPa.csv#row=1107#ctx=3#off=1,1107,0,0.090576171875,0
369,LPa.csv#row=369#ctx=3#off=1,369,0,0.090576171875,0
1414,LPa.csv#row=1414#ctx=3#off=1,1414,0,0.090576171875,0
397,LPa.csv#row=397#ctx=3#off=1,397,0,0.9951171875,1
1586,LPa.csv#row=1586#ctx=3#off=1,1586,0,0.090576171875,0
655,LPa.csv#row=655#ctx=3#off=1,655,0,0.090576171875,0
2310,LPa.csv#row=2310#ctx=3#off=1,2310,0,0.090576171875,0
268,LPa.csv#row=268#ctx=3#off=1,268,0,0.090576171875,0
541,LPa.csv#row=541#ctx=3#off=1,541,0,0.090576171875,0
1969,LPa.csv#row=1969#ctx=3#off=1,1969,0,0.090576171875,0
1413,LPa.csv#row=1413#ctx=3#off=1,1413,0,0.090576171875,0
224,LPa.csv#row=224#ctx=3#off=1,224,0,0.090576171875,0
2375,LPa.csv#row=2375#ctx=3#off=1,2375,0,0.090576171875,0
2077,LPa.csv#row=2077#ctx=3#off=1,2077,0,0.090576171875,0
2214,LPa.csv#row=2214#ctx=3#off=1,2214,0,0.090576171875,0
1698,LPa.csv#row=1698#ctx=3#off=1,1698,0,0.090576171875,0
1092,LPa.csv#row=1092#ctx=3#off=1,1092,0,0.090576171875,0
1791,LPa.csv#row=1791#ctx=3#off=1,1791,0,0.090576171875,0
2316,LPa.csv#row=2316#ctx=3#off=1,2316,0,0.090576171875,0
1129,LPa.csv#row=1129#ctx=3#off=1,1129,0,0.090576171875,0
915,LPa.csv#row=915#ctx=3#off=1,915,0,0.090576171875,0
1383,LPa.csv#row=1383#ctx=3#off=1,1383,0,0.090576171875,0
1721,LPa.csv#row=1721#ctx=3#off=1,1721,0,0.090576171875,0
1940,LPa.csv#row=1940#ctx=3#off=1,1940,0,0.090576171875,0
1587,LPa.csv#row=1587#ctx=3#off=1,1587,0,0.090576171875,0
1789,LPa.csv#row=1789#ctx=3#off=1,1789,0,0.090576171875,0
1941,LPa.csv#row=1941#ctx=3#off=1,1941,0,0.090576171875,0
1591,LPa.csv#row=1591#ctx=3#off=1,1591,0,0.090576171875,0
248,LPa.csv#row=248#ctx=3#off=1,248,0,0.090576171875,0
575,LPa.csv#row=575#ctx=3#off=1,575,0,0.090576171875,0
1152,LPa.csv#row=1152#ctx=3#off=1,1152,0,0.090576171875,0
902,LPa.csv#row=902#ctx=3#off=1,902,0,0.090576171875,0
1763,LPa.csv#row=1763#ctx=3#off=1,1763,0,0.090576171875,0
1712,LPa.csv#row=1712#ctx=3#off=1,1712,0,0.090576171875,0
151,LPa.csv#row=151#ctx=3#off=1,151,1,0.99609375,1
2467,LPa.csv#row=2467#ctx=3#off=1,2467,0,0.090576171875,0
1468,LPa.csv#row=1468#ctx=3#off=1,1468,0,0.090576171875,0
2494,LPa.csv#row=2494#ctx=3#off=1,2494,0,0.090576171875,0
1981,LPa.csv#row=1981#ctx=3#off=1,1981,0,0.090576171875,0
719,LPa.csv#row=719#ctx=3#off=1,719,0,0.090576171875,0
2270,LPa.csv#row=2270#ctx=3#off=1,2270,0,0.090576171875,0
2586,LPa.csv#row=2586#ctx=3#off=1,2586,0,0.090576171875,0
894,LPa.csv#row=894#ctx=3#off=1,894,0,0.090576171875,0
2553,LPa.csv#row=2553#ctx=3#off=1,2553,0,0.090576171875,0
2,LPa.csv#row=2#ctx=3#off=1,2,1,0.9873046875,1
2508,LPa.csv#row=2508#ctx=3#off=1,2508,0,0.090576171875,0
2344,LPa.csv#row=2344#ctx=3#off=1,2344,0,0.090576171875,0
141,LPa.csv#row=141#ctx=3#off=1,141,0,0.090576171875,0
2472,LPa.csv#row=2472#ctx=3#off=1,2472,0,0.090576171875,0
1076,LPa.csv#row=1076#ctx=3#off=1,1076,0,0.090576171875,0
1058,LPa.csv#row=1058#ctx=3#off=1,1058,0,0.090576171875,0
330,LPa.csv#row=330#ctx=3#off=1,330,0,0.090576171875,0
570,LPa.csv#row=570#ctx=3#off=1,570,0,0.090576171875,0
2062,LPa.csv#row=2062#ctx=3#off=1,2062,0,0.090576171875,0
1717,LPa.csv#row=1717#ctx=3#off=1,1717,0,0.090576171875,0
529,LPa.csv#row=529#ctx=3#off=1,529,0,0.090576171875,0
2476,LPa.csv#row=2476#ctx=3#off=1,2476,0,0.090576171875,0
1762,LPa.csv#row=1762#ctx=3#off=1,1762,0,0.090576171875,0
1838,LPa.csv#row=1838#ctx=3#off=1,1838,0,0.090576171875,0
129,LPa.csv#row=129#ctx=3#off=1,129,0,0.090576171875,0
1750,LPa.csv#row=1750#ctx=3#off=1,1750,0,0.98681640625,1
470,LPa.csv#row=470#ctx=3#off=1,470,0,0.090576171875,0
591,LPa.csv#row=591#ctx=3#off=1,591,0,0.090576171875,0
783,LPa.csv#row=783#ctx=3#off=1,783,0,0.090576171875,0
2358,LPa.csv#row=2358#ctx=3#off=1,2358,0,0.090576171875,0
1554,LPa.csv#row=1554#ctx=3#off=1,1554,0,0.090576171875,0
1331,LPa.csv#row=1331#ctx=3#off=1,1331,0,0.090576171875,0
436,LPa.csv#row=436#ctx=3#off=1,436,0,0.090576171875,0
2078,LPa.csv#row=2078#ctx=3#off=1,2078,0,0.090576171875,0
1929,LPa.csv#row=1929#ctx=3#off=1,1929,0,0.090576171875,0
1634,LPa.csv#row=1634#ctx=3#off=1,1634,0,0.090576171875,0
1661,LPa.csv#row=1661#ctx=3#off=1,1661,0,0.090576171875,0
352,LPa.csv#row=352#ctx=3#off=1,352,0,0.090576171875,0
1753,LPa.csv#row=1753#ctx=3#off=1,1753,0,0.090576171875,0
734,LPa.csv#row=734#ctx=3#off=1,734,0,0.090576171875,0
2622,LPa.csv#row=2622#ctx=3#off=1,2622,0,0.090576171875,0
2061,LPa.csv#row=2061#ctx=3#off=1,2061,0,0.8837890625,0
338,LPa.csv#row=338#ctx=3#off=1,338,0,0.090576171875,0
1325,LPa.csv#row=1325#ctx=3#off=1,1325,0,0.090576171875,0
1715,LPa.csv#row=1715#ctx=3#off=1,1715,0,0.090576171875,0
686,LPa.csv#row=686#ctx=3#off=1,686,0,0.090576171875,0
409,LPa.csv#row=409#ctx=3#off=1,409,0,0.090576171875,0
875,LPa.csv#row=875#ctx=3#off=1,875,0,0.090576171875,0
375,LPa.csv#row=375#ctx=3#off=1,375,0,0.090576171875,0
237,LPa.csv#row=237#ctx=3#off=1,237,0,0.090576171875,0
1437,LPa.csv#row=1437#ctx=3#off=1,1437,0,0.090576171875,0
1094,LPa.csv#row=1094#ctx=3#off=1,1094,0,0.090576171875,0
90,LPa.csv#row=90#ctx=3#off=1,90,0,0.70947265625,0
1871,LPa.csv#row=1871#ctx=3#off=1,1871,0,0.090576171875,0
2113,LPa.csv#row=2113#ctx=3#off=1,2113,0,0.090576171875,0
1742,LPa.csv#row=1742#ctx=3#off=1,1742,0,0.090576171875,0
196,LPa.csv#row=196#ctx=3#off=1,196,0,0.090576171875,0
2560,LPa.csv#row=2560#ctx=3#off=1,2560,0,0.090576171875,0
1519,LPa.csv#row=1519#ctx=3#off=1,1519,0,0.090576171875,0
2509,LPa.csv#row=2509#ctx=3#off=1,2509,0,0.090576171875,0
2002,LPa.csv#row=2002#ctx=3#off=1,2002,0,0.090576171875,0
2564,LPa.csv#row=2564#ctx=3#off=1,2564,0,0.090576171875,0
302,LPa.csv#row=302#ctx=3#off=1,302,0,0.98681640625,1
109,LPa.csv#row=109#ctx=3#off=1,109,0,0.090576171875,0
411,LPa.csv#row=411#ctx=3#off=1,411,0,0.8837890625,0
816,LPa.csv#row=816#ctx=3#off=1,816,0,0.090576171875,0
1658,LPa.csv#row=1658#ctx=3#off=1,1658,0,0.090576171875,0
682,LPa.csv#row=682#ctx=3#off=1,682,0,0.090576171875,0
154,LPa.csv#row=154#ctx=3#off=1,154,0,0.090576171875,0
1113,LPa.csv#row=1113#ctx=3#off=1,1113,0,0.090576171875,0
798,LPa.csv#row=798#ctx=3#off=1,798,0,0.090576171875,0
667,LPa.csv#row=667#ctx=3#off=1,667,0,0.090576171875,0
1497,LPa.csv#row=1497#ctx=3#off=1,1497,0,0.090576171875,0
2578,LPa.csv#row=2578#ctx=3#off=1,2578,0,0.090576171875,0
131,LPa.csv#row=131#ctx=3#off=1,131,0,0.090576171875,0
1812,LPa.csv#row=1812#ctx=3#off=1,1812,0,0.090576171875,0
992,LPa.csv#row=992#ctx=3#off=1,992,0,0.090576171875,0
808,LPa.csv#row=808#ctx=3#off=1,808,0,0.090576171875,0
1810,LPa.csv#row=1810#ctx=3#off=1,1810,0,0.090576171875,0
792,LPa.csv#row=792#ctx=3#off=1,792,0,0.090576171875,0
2123,LPa.csv#row=2123#ctx=3#off=1,2123,0,0.090576171875,0
1313,LPa.csv#row=1313#ctx=3#off=1,1313,0,0.090576171875,0
1033,LPa.csv#row=1033#ctx=3#off=1,1033,0,0.090576171875,0
288,LPa.csv#row=288#ctx=3#off=1,288,0,0.090576171875,0
975,LPa.csv#row=975#ctx=3#off=1,975,0,0.090576171875,0
1292,LPa.csv#row=1292#ctx=3#off=1,1292,0,0.090576171875,0
1381,LPa.csv#row=1381#ctx=3#off=1,1381,0,0.090576171875,0
933,LPa.csv#row=933#ctx=3#off=1,933,0,0.090576171875,0
2161,LPa.csv#row=2161#ctx=3#off=1,2161,0,0.090576171875,0
1084,LPa.csv#row=1084#ctx=3#off=1,1084,0,0.090576171875,0
2356,LPa.csv#row=2356#ctx=3#off=1,2356,0,0.090576171875,0
1915,LPa.csv#row=1915#ctx=3#off=1,1915,0,0.090576171875,0
722,LPa.csv#row=722#ctx=3#off=1,722,0,0.090576171875,0
1355,LPa.csv#row=1355#ctx=3#off=1,1355,0,0.090576171875,0
733,LPa.csv#row=733#ctx=3#off=1,733,0,0.090576171875,0
191,LPa.csv#row=191#ctx=3#off=1,191,0,0.090576171875,0
828,LPa.csv#row=828#ctx=3#off=1,828,0,0.090576171875,0
216,LPa.csv#row=216#ctx=3#off=1,216,0,0.090576171875,0
913,LPa.csv#row=913#ctx=3#off=1,913,0,0.090576171875,0
2014,LPa.csv#row=2014#ctx=3#off=1,2014,0,0.090576171875,0
530,LPa.csv#row=530#ctx=3#off=1,530,0,0.090576171875,0
379,LPa.csv#row=379#ctx=3#off=1,379,0,0.090576171875,0
613,LPa.csv#row=613#ctx=3#off=1,613,0,0.090576171875,0
859,LPa.csv#row=859#ctx=3#off=1,859,0,0.090576171875,0
2510,LPa.csv#row=2510#ctx=3#off=1,2510,0,0.090576171875,0
1676,LPa.csv#row=1676#ctx=3#off=1,1676,0,0.090576171875,0
2384,LPa.csv#row=2384#ctx=3#off=1,2384,0,0.090576171875,0
336,LPa.csv#row=336#ctx=3#off=1,336,0,0.090576171875,0
339,LPa.csv#row=339#ctx=3#off=1,339,0,0.090576171875,0
500,LPa.csv#row=500#ctx=3#off=1,500,0,0.090576171875,0
1747,LPa.csv#row=1747#ctx=3#off=1,1747,0,0.090576171875,0
2203,LPa.csv#row=2203#ctx=3#off=1,2203,0,0.090576171875,0
1288,LPa.csv#row=1288#ctx=3#off=1,1288,0,0.090576171875,0
453,LPa.csv#row=453#ctx=3#off=1,453,0,0.090576171875,0
1305,LPa.csv#row=1305#ctx=3#off=1,1305,0,0.090576171875,0
2336,LPa.csv#row=2336#ctx=3#off=1,2336,0,0.090576171875,0
1778,LPa.csv#row=1778#ctx=3#off=1,1778,0,0.090576171875,0
2480,LPa.csv#row=2480#ctx=3#off=1,2480,1,0.98681640625,1
2057,LPa.csv#row=2057#ctx=3#off=1,2057,0,0.090576171875,0
1668,LPa.csv#row=1668#ctx=3#off=1,1668,0,0.090576171875,0
113,LPa.csv#row=113#ctx=3#off=1,113,0,0.090576171875,0
1009,LPa.csv#row=1009#ctx=3#off=1,1009,0,0.090576171875,0
2639,LPa.csv#row=2639#ctx=3#off=1,2639,0,0.090576171875,0
1876,LPa.csv#row=1876#ctx=3#off=1,1876,0,0.090576171875,0
2519,LPa.csv#row=2519#ctx=3#off=1,2519,0,0.090576171875,0
1823,LPa.csv#row=1823#ctx=3#off=1,1823,0,0.090576171875,0
1077,LPa.csv#row=1077#ctx=3#off=1,1077,0,0.090576171875,0
1334,LPa.csv#row=1334#ctx=3#off=1,1334,0,0.090576171875,0
332,LPa.csv#row=332#ctx=3#off=1,332,0,0.090576171875,0
1432,LPa.csv#row=1432#ctx=3#off=1,1432,0,0.090576171875,0
1681,LPa.csv#row=1681#ctx=3#off=1,1681,0,0.090576171875,0
1040,LPa.csv#row=1040#ctx=3#off=1,1040,0,0.090576171875,0
2150,LPa.csv#row=2150#ctx=3#off=1,2150,0,0.090576171875,0
515,LPa.csv#row=515#ctx=3#off=1,515,0,0.090576171875,0
759,LPa.csv#row=759#ctx=3#off=1,759,0,0.090576171875,0
242,LPa.csv#row=242#ctx=3#off=1,242,0,0.090576171875,0
2167,LPa.csv#row=2167#ctx=3#off=1,2167,0,0.090576171875,0
400,LPa.csv#row=400#ctx=3#off=1,400,0,0.090576171875,0
1147,LPa.csv#row=1147#ctx=3#off=1,1147,0,0.090576171875,0
114,LPa.csv#row=114#ctx=3#off=1,114,0,0.090576171875,0
889,LPa.csv#row=889#ctx=3#off=1,889,0,0.090576171875,0
2567,LPa.csv#row=2567#ctx=3#off=1,2567,0,0.090576171875,0
1523,LPa.csv#row=1523#ctx=3#off=1,1523,0,0.090576171875,0
489,LPa.csv#row=489#ctx=3#off=1,489,0,0.090576171875,0
1571,LPa.csv#row=1571#ctx=3#off=1,1571,0,0.090576171875,0
934,LPa.csv#row=934#ctx=3#off=1,934,0,0.090576171875,0
1291,LPa.csv#row=1291#ctx=3#off=1,1291,0,0.090576171875,0
2241,LPa.csv#row=2241#ctx=3#off=1,2241,0,0.090576171875,0
1697,LPa.csv#row=1697#ctx=3#off=1,1697,0,0.090576171875,0
1353,LPa.csv#row=1353#ctx=3#off=1,1353,0,0.090576171875,0
410,LPa.csv#row=410#ctx=3#off=1,410,0,0.090576171875,0
1965,LPa.csv#row=1965#ctx=3#off=1,1965,0,0.090576171875,0
1013,LPa.csv#row=1013#ctx=3#off=1,1013,0,0.090576171875,0
16,LPa.csv#row=16#ctx=3#off=1,16,1,0.9912109375,1
1180,LPa.csv#row=1180#ctx=3#off=1,1180,0,0.090576171875,0
2173,LPa.csv#row=2173#ctx=3#off=1,2173,0,0.090576171875,0
2383,LPa.csv#row=2383#ctx=3#off=1,2383,0,0.090576171875,0
574,LPa.csv#row=574#ctx=3#off=1,574,0,0.090576171875,0
1239,LPa.csv#row=1239#ctx=3#off=1,1239,0,0.090576171875,0
751,LPa.csv#row=751#ctx=3#off=1,751,0,0.090576171875,0
371,LPa.csv#row=371#ctx=3#off=1,371,0,0.090576171875,0
2536,LPa.csv#row=2536#ctx=3#off=1,2536,0,0.090576171875,0
180,LPa.csv#row=180#ctx=3#off=1,180,0,0.090576171875,0
1159,LPa.csv#row=1159#ctx=3#off=1,1159,0,0.090576171875,0
2115,LPa.csv#row=2115#ctx=3#off=1,2115,0,0.090576171875,0
3,LPa.csv#row=3#ctx=3#off=1,3,1,0.9873046875,1
2530,LPa.csv#row=2530#ctx=3#off=1,2530,0,0.090576171875,0
2558,LPa.csv#row=2558#ctx=3#off=1,2558,0,0.090576171875,0
1233,LPa.csv#row=1233#ctx=3#off=1,1233,0,0.090576171875,0
2065,LPa.csv#row=2065#ctx=3#off=1,2065,0,0.090576171875,0
772,LPa.csv#row=772#ctx=3#off=1,772,0,0.090576171875,0
1618,LPa.csv#row=1618#ctx=3#off=1,1618,0,0.090576171875,0
1869,LPa.csv#row=1869#ctx=3#off=1,1869,0,0.090576171875,0
1260,LPa.csv#row=1260#ctx=3#off=1,1260,0,0.090576171875,0
1516,LPa.csv#row=1516#ctx=3#off=1,1516,0,0.090576171875,0
2630,LPa.csv#row=2630#ctx=3#off=1,2630,0,0.090576171875,0
1301,LPa.csv#row=1301#ctx=3#off=1,1301,0,0.090576171875,0
374,LPa.csv#row=374#ctx=3#off=1,374,0,0.090576171875,0
1276,LPa.csv#row=1276#ctx=3#off=1,1276,0,0.090576171875,0
2514,LPa.csv#row=2514#ctx=3#off=1,2514,0,0.090576171875,0
493,LPa.csv#row=493#ctx=3#off=1,493,0,0.090576171875,0
1338,LPa.csv#row=1338#ctx=3#off=1,1338,0,0.090576171875,0
418,LPa.csv#row=418#ctx=3#off=1,418,0,0.090576171875,0
665,LPa.csv#row=665#ctx=3#off=1,665,0,0.090576171875,0
1528,LPa.csv#row=1528#ctx=3#off=1,1528,0,0.090576171875,0
532,LPa.csv#row=532#ctx=3#off=1,532,0,0.090576171875,0
2159,LPa.csv#row=2159#ctx=3#off=1,2159,0,0.090576171875,0
88,LPa.csv#row=88#ctx=3#off=1,88,0,0.70947265625,0
1074,LPa.csv#row=1074#ctx=3#off=1,1074,0,0.090576171875,0
346,LPa.csv#row=346#ctx=3#off=1,346,0,0.090576171875,0
2017,LPa.csv#row=2017#ctx=3#off=1,2017,0,0.090576171875,0
1526,LPa.csv#row=1526#ctx=3#off=1,1526,0,0.090576171875,0
1048,LPa.csv#row=1048#ctx=3#off=1,1048,0,0.090576171875,0
524,LPa.csv#row=524#ctx=3#off=1,524,0,0.090576171875,0
370,LPa.csv#row=370#ctx=3#off=1,370,0,0.090576171875,0
548,LPa.csv#row=548#ctx=3#off=1,548,0,0.090576171875,0
1708,LPa.csv#row=1708#ctx=3#off=1,1708,0,0.090576171875,0
2003,LPa.csv#row=2003#ctx=3#off=1,2003,0,0.090576171875,0
92,LPa.csv#row=92#ctx=3#off=1,92,0,0.98486328125,1
2190,LPa.csv#row=2190#ctx=3#off=1,2190,0,0.090576171875,0
1883,LPa.csv#row=1883#ctx=3#off=1,1883,0,0.090576171875,0
2114,LPa.csv#row=2114#ctx=3#off=1,2114,0,0.090576171875,0
1517,LPa.csv#row=1517#ctx=3#off=1,1517,0,0.090576171875,0
1464,LPa.csv#row=1464#ctx=3#off=1,1464,0,0.090576171875,0
758,LPa.csv#row=758#ctx=3#off=1,758,0,0.090576171875,0
2341,LPa.csv#row=2341#ctx=3#off=1,2341,0,0.090576171875,0
185,LPa.csv#row=185#ctx=3#off=1,185,0,0.090576171875,0
77,LPa.csv#row=77#ctx=3#off=1,77,0,0.98486328125,1
398,LPa.csv#row=398#ctx=3#off=1,398,0,0.090576171875,0
2053,LPa.csv#row=2053#ctx=3#off=1,2053,0,0.090576171875,0
924,LPa.csv#row=924#ctx=3#off=1,924,0,0.090576171875,0
1594,LPa.csv#row=1594#ctx=3#off=1,1594,0,0.090576171875,0
519,LPa.csv#row=519#ctx=3#off=1,519,0,0.090576171875,0
1073,LPa.csv#row=1073#ctx=3#off=1,1073,0,0.090576171875,0
2083,LPa.csv#row=2083#ctx=3#off=1,2083,0,0.090576171875,0
1578,LPa.csv#row=1578#ctx=3#off=1,1578,0,0.090576171875,0
2466,LPa.csv#row=2466#ctx=3#off=1,2466,0,0.090576171875,0
1583,LPa.csv#row=1583#ctx=3#off=1,1583,0,0.090576171875,0
287,LPa.csv#row=287#ctx=3#off=1,287,0,0.97509765625,0
559,LPa.csv#row=559#ctx=3#off=1,559,0,0.090576171875,0
711,LPa.csv#row=711#ctx=3#off=1,711,0,0.090576171875,0
1080,LPa.csv#row=1080#ctx=3#off=1,1080,0,0.090576171875,0
2597,LPa.csv#row=2597#ctx=3#off=1,2597,0,0.090576171875,0
325,LPa.csv#row=325#ctx=3#off=1,325,0,0.090576171875,0
528,LPa.csv#row=528#ctx=3#off=1,528,0,0.090576171875,0
168,LPa.csv#row=168#ctx=3#off=1,168,0,0.090576171875,0
1088,LPa.csv#row=1088#ctx=3#off=1,1088,0,0.090576171875,0
1795,LPa.csv#row=1795#ctx=3#off=1,1795,0,0.090576171875,0
1486,LPa.csv#row=1486#ctx=3#off=1,1486,0,0.090576171875,0
2551,LPa.csv#row=2551#ctx=3#off=1,2551,0,0.090576171875,0
2156,LPa.csv#row=2156#ctx=3#off=1,2156,0,0.090576171875,0
2112,LPa.csv#row=2112#ctx=3#off=1,2112,0,0.090576171875,0
755,LPa.csv#row=755#ctx=3#off=1,755,0,0.090576171875,0
2620,LPa.csv#row=2620#ctx=3#off=1,2620,0,0.090576171875,0
1669,LPa.csv#row=1669#ctx=3#off=1,1669,0,0.090576171875,0
2229,LPa.csv#row=2229#ctx=3#off=1,2229,0,0.090576171875,0
1336,LPa.csv#row=1336#ctx=3#off=1,1336,0,0.090576171875,0
2461,LPa.csv#row=2461#ctx=3#off=1,2461,0,0.090576171875,0
1354,LPa.csv#row=1354#ctx=3#off=1,1354,0,0.090576171875,0
710,LPa.csv#row=710#ctx=3#off=1,710,0,0.090576171875,0
1639,LPa.csv#row=1639#ctx=3#off=1,1639,0,0.090576171875,0
716,LPa.csv#row=716#ctx=3#off=1,716,0,0.090576171875,0
2268,LPa.csv#row=2268#ctx=3#off=1,2268,0,0.090576171875,0
880,LPa.csv#row=880#ctx=3#off=1,880,0,0.090576171875,0
1610,LPa.csv#row=1610#ctx=3#off=1,1610,0,0.090576171875,0
2146,LPa.csv#row=2146#ctx=3#off=1,2146,0,0.090576171875,0
61,LPa.csv#row=61#ctx=3#off=1,61,0,0.090576171875,0
780,LPa.csv#row=780#ctx=3#off=1,780,0,0.090576171875,0
2380,LPa.csv#row=2380#ctx=3#off=1,2380,0,0.98681640625,1
1081,LPa.csv#row=1081#ctx=3#off=1,1081,0,0.090576171875,0
175,LPa.csv#row=175#ctx=3#off=1,175,0,0.090576171875,0
261,LPa.csv#row=261#ctx=3#off=1,261,0,0.090576171875,0
546,LPa.csv#row=546#ctx=3#off=1,546,0,0.090576171875,0
2448,LPa.csv#row=2448#ctx=3#off=1,2448,0,0.090576171875,0
2008,LPa.csv#row=2008#ctx=3#off=1,2008,0,0.090576171875,0
752,LPa.csv#row=752#ctx=3#off=1,752,0,0.99560546875,1
2482,LPa.csv#row=2482#ctx=3#off=1,2482,0,0.090576171875,0
776,LPa.csv#row=776#ctx=3#off=1,776,0,0.090576171875,0
448,LPa.csv#row=448#ctx=3#off=1,448,0,0.090576171875,0
1139,LPa.csv#row=1139#ctx=3#off=1,1139,0,0.090576171875,0
1796,LPa.csv#row=1796#ctx=3#off=1,1796,0,0.090576171875,0
2139,LPa.csv#row=2139#ctx=3#off=1,2139,0,0.090576171875,0
1303,LPa.csv#row=1303#ctx=3#off=1,1303,0,0.090576171875,0
70,LPa.csv#row=70#ctx=3#off=1,70,0,0.70947265625,0
2013,LPa.csv#row=2013#ctx=3#off=1,2013,0,0.090576171875,0
136,LPa.csv#row=136#ctx=3#off=1,136,0,0.090576171875,0
2128,LPa.csv#row=2128#ctx=3#off=1,2128,0,0.090576171875,0
1010,LPa.csv#row=1010#ctx=3#off=1,1010,0,0.090576171875,0
447,LPa.csv#row=447#ctx=3#off=1,447,0,0.090576171875,0
263,LPa.csv#row=263#ctx=3#off=1,263,0,0.98681640625,1
2587,LPa.csv#row=2587#ctx=3#off=1,2587,0,0.090576171875,0
2571,LPa.csv#row=2571#ctx=3#off=1,2571,0,0.090576171875,0
403,LPa.csv#row=403#ctx=3#off=1,403,0,0.8837890625,0
2275,LPa.csv#row=2275#ctx=3#off=1,2275,1,0.8837890625,0
1881,LPa.csv#row=1881#ctx=3#off=1,1881,0,0.090576171875,0
1461,LPa.csv#row=1461#ctx=3#off=1,1461,0,0.090576171875,0
2471,LPa.csv#row=2471#ctx=3#off=1,2471,0,0.090576171875,0
892,LPa.csv#row=892#ctx=3#off=1,892,0,0.090576171875,0
238,LPa.csv#row=238#ctx=3#off=1,238,0,0.090576171875,0
1985,LPa.csv#row=1985#ctx=3#off=1,1985,0,0.090576171875,0
491,LPa.csv#row=491#ctx=3#off=1,491,0,0.090576171875,0
2410,LPa.csv#row=2410#ctx=3#off=1,2410,0,0.090576171875,0
2142,LPa.csv#row=2142#ctx=3#off=1,2142,0,0.090576171875,0
1987,LPa.csv#row=1987#ctx=3#off=1,1987,0,0.090576171875,0
698,LPa.csv#row=698#ctx=3#off=1,698,0,0.090576171875,0
10,LPa.csv#row=10#ctx=3#off=1,10,0,0.9140625,0
1254,LPa.csv#row=1254#ctx=3#off=1,1254,0,0.090576171875,0
454,LPa.csv#row=454#ctx=3#off=1,454,0,0.090576171875,0
1827,LPa.csv#row=1827#ctx=3#off=1,1827,0,0.090576171875,0
1872,LPa.csv#row=1872#ctx=3#off=1,1872,0,0.090576171875,0
2004,LPa.csv#row=2004#ctx=3#off=1,2004,0,0.090576171875,0
2006,LPa.csv#row=2006#ctx=3#off=1,2006,0,0.090576171875,0
2199,LPa.csv#row=2199#ctx=3#off=1,2199,0,0.090576171875,0
1515,LPa.csv#row=1515#ctx=3#off=1,1515,0,0.090576171875,0
1344,LPa.csv#row=1344#ctx=3#off=1,1344,0,0.090576171875,0
956,LPa.csv#row=956#ctx=3#off=1,956,0,0.090576171875,0
2491,LPa.csv#row=2491#ctx=3#off=1,2491,0,0.090576171875,0
281,LPa.csv#row=281#ctx=3#off=1,281,0,0.090576171875,0
2582,LPa.csv#row=2582#ctx=3#off=1,2582,0,0.090576171875,0
899,LPa.csv#row=899#ctx=3#off=1,899,0,0.090576171875,0
1230,LPa.csv#row=1230#ctx=3#off=1,1230,0,0.090576171875,0
602,LPa.csv#row=602#ctx=3#off=1,602,0,0.090576171875,0
557,LPa.csv#row=557#ctx=3#off=1,557,0,0.090576171875,0
22,LPa.csv#row=22#ctx=3#off=1,22,0,0.9140625,0
2211,LPa.csv#row=2211#ctx=3#off=1,2211,0,0.090576171875,0
1701,LPa.csv#row=1701#ctx=3#off=1,1701,0,0.090576171875,0
134,LPa.csv#row=134#ctx=3#off=1,134,0,0.090576171875,0
1803,LPa.csv#row=1803#ctx=3#off=1,1803,0,0.090576171875,0
1036,LPa.csv#row=1036#ctx=3#off=1,1036,0,0.090576171875,0
1424,LPa.csv#row=1424#ctx=3#off=1,1424,0,0.090576171875,0
2126,LPa.csv#row=2126#ctx=3#off=1,2126,1,0.99365234375,1
2453,LPa.csv#row=2453#ctx=3#off=1,2453,0,0.090576171875,0
429,LPa.csv#row=429#ctx=3#off=1,429,0,0.090576171875,0
991,LPa.csv#row=991#ctx=3#off=1,991,0,0.090576171875,0
2501,LPa.csv#row=2501#ctx=3#off=1,2501,0,0.090576171875,0
2420,LPa.csv#row=2420#ctx=3#off=1,2420,0,0.090576171875,0
2043,LPa.csv#row=2043#ctx=3#off=1,2043,0,0.090576171875,0
1431,LPa.csv#row=1431#ctx=3#off=1,1431,0,0.090576171875,0
968,LPa.csv#row=968#ctx=3#off=1,968,0,0.090576171875,0
2440,LPa.csv#row=2440#ctx=3#off=1,2440,0,0.090576171875,0
1557,LPa.csv#row=1557#ctx=3#off=1,1557,0,0.090576171875,0
42,LPa.csv#row=42#ctx=3#off=1,42,1,0.97802734375,1
426,LPa.csv#row=426#ctx=3#off=1,426,0,0.090576171875,0
2557,LPa.csv#row=2557#ctx=3#off=1,2557,0,0.090576171875,0
1601,LPa.csv#row=1601#ctx=3#off=1,1601,0,0.090576171875,0
110,LPa.csv#row=110#ctx=3#off=1,110,0,0.090576171875,0
292,LPa.csv#row=292#ctx=3#off=1,292,0,0.090576171875,0
1624,LPa.csv#row=1624#ctx=3#off=1,1624,0,0.090576171875,0
1012,LPa.csv#row=1012#ctx=3#off=1,1012,0,0.090576171875,0
2204,LPa.csv#row=2204#ctx=3#off=1,2204,0,0.090576171875,0
538,LPa.csv#row=538#ctx=3#off=1,538,0,0.090576171875,0
1132,LPa.csv#row=1132#ctx=3#off=1,1132,0,0.090576171875,0
660,LPa.csv#row=660#ctx=3#off=1,660,0,0.090576171875,0
1609,LPa.csv#row=1609#ctx=3#off=1,1609,0,0.090576171875,0
1189,LPa.csv#row=1189#ctx=3#off=1,1189,0,0.090576171875,0
1255,LPa.csv#row=1255#ctx=3#off=1,1255,0,0.090576171875,0
849,LPa.csv#row=849#ctx=3#off=1,849,0,0.090576171875,0
2149,LPa.csv#row=2149#ctx=3#off=1,2149,0,0.090576171875,0
958,LPa.csv#row=958#ctx=3#off=1,958,0,0.090576171875,0
1249,LPa.csv#row=1249#ctx=3#off=1,1249,0,0.090576171875,0
663,LPa.csv#row=663#ctx=3#off=1,663,0,0.090576171875,0
1489,LPa.csv#row=1489#ctx=3#off=1,1489,0,0.090576171875,0
1455,LPa.csv#row=1455#ctx=3#off=1,1455,0,0.090576171875,0
1572,LPa.csv#row=1572#ctx=3#off=1,1572,0,0.090576171875,0
166,LPa.csv#row=166#ctx=3#off=1,166,0,0.090576171875,0
2165,LPa.csv#row=2165#ctx=3#off=1,2165,0,0.090576171875,0
2531,LPa.csv#row=2531#ctx=3#off=1,2531,0,0.090576171875,0
2217,LPa.csv#row=2217#ctx=3#off=1,2217,0,0.090576171875,0
2442,LPa.csv#row=2442#ctx=3#off=1,2442,0,0.090576171875,0
914,LPa.csv#row=914#ctx=3#off=1,914,0,0.090576171875,0
1825,LPa.csv#row=1825#ctx=3#off=1,1825,0,0.090576171875,0
210,LPa.csv#row=210#ctx=3#off=1,210,0,0.090576171875,0
564,LPa.csv#row=564#ctx=3#off=1,564,0,0.090576171875,0
165,LPa.csv#row=165#ctx=3#off=1,165,0,0.090576171875,0
632,LPa.csv#row=632#ctx=3#off=1,632,0,0.090576171875,0
2068,LPa.csv#row=2068#ctx=3#off=1,2068,0,0.090576171875,0
1237,LPa.csv#row=1237#ctx=3#off=1,1237,0,0.090576171875,0
249,LPa.csv#row=249#ctx=3#off=1,249,0,0.090576171875,0
2452,LPa.csv#row=2452#ctx=3#off=1,2452,0,0.090576171875,0
2183,LPa.csv#row=2183#ctx=3#off=1,2183,0,0.090576171875,0
2403,LPa.csv#row=2403#ctx=3#off=1,2403,0,0.090576171875,0
964,LPa.csv#row=964#ctx=3#off=1,964,0,0.090576171875,0
291,LPa.csv#row=291#ctx=3#off=1,291,0,0.090576171875,0
531,LPa.csv#row=531#ctx=3#off=1,531,0,0.090576171875,0
707,LPa.csv#row=707#ctx=3#off=1,707,0,0.090576171875,0
2110,LPa.csv#row=2110#ctx=3#off=1,2110,0,0.090576171875,0
2547,LPa.csv#row=2547#ctx=3#off=1,2547,0,0.98681640625,1
1117,LPa.csv#row=1117#ctx=3#off=1,1117,0,0.090576171875,0
17,LPa.csv#row=17#ctx=3#off=1,17,0,0.9140625,0
1474,LPa.csv#row=1474#ctx=3#off=1,1474,0,0.090576171875,0
627,LPa.csv#row=627#ctx=3#off=1,627,0,0.090576171875,0
1017,LPa.csv#row=1017#ctx=3#off=1,1017,0,0.090576171875,0
985,LPa.csv#row=985#ctx=3#off=1,985,0,0.090576171875,0
833,LPa.csv#row=833#ctx=3#off=1,833,0,0.090576171875,0
275,LPa.csv#row=275#ctx=3#off=1,275,0,0.090576171875,0
980,LPa.csv#row=980#ctx=3#off=1,980,0,0.090576171875,0
669,LPa.csv#row=669#ctx=3#off=1,669,0,0.090576171875,0
1568,LPa.csv#row=1568#ctx=3#off=1,1568,0,0.090576171875,0
2423,LPa.csv#row=2423#ctx=3#off=1,2423,0,0.090576171875,0
805,LPa.csv#row=805#ctx=3#off=1,805,0,0.090576171875,0
1805,LPa.csv#row=1805#ctx=3#off=1,1805,0,0.090576171875,0
94,LPa.csv#row=94#ctx=3#off=1,94,1,0.98486328125,1
1889,LPa.csv#row=1889#ctx=3#off=1,1889,0,0.090576171875,0
853,LPa.csv#row=853#ctx=3#off=1,853,0,0.090576171875,0
1936,LPa.csv#row=1936#ctx=3#off=1,1936,0,0.090576171875,0
2425,LPa.csv#row=2425#ctx=3#off=1,2425,0,0.090576171875,0
2527,LPa.csv#row=2527#ctx=3#off=1,2527,0,0.090576171875,0
1765,LPa.csv#row=1765#ctx=3#off=1,1765,0,0.090576171875,0
1241,LPa.csv#row=1241#ctx=3#off=1,1241,0,0.090576171875,0
27,LPa.csv#row=27#ctx=3#off=1,27,0,0.94873046875,0
1397,LPa.csv#row=1397#ctx=3#off=1,1397,0,0.090576171875,0
2294,LPa.csv#row=2294#ctx=3#off=1,2294,0,0.090576171875,0
2321,LPa.csv#row=2321#ctx=3#off=1,2321,0,0.090576171875,0
554,LPa.csv#row=554#ctx=3#off=1,554,0,0.090576171875,0
2465,LPa.csv#row=2465#ctx=3#off=1,2465,0,0.090576171875,0
2280,LPa.csv#row=2280#ctx=3#off=1,2280,0,0.090576171875,0
807,LPa.csv#row=807#ctx=3#off=1,807,1,0.090576171875,0
1570,LPa.csv#row=1570#ctx=3#off=1,1570,0,0.090576171875,0
378,LPa.csv#row=378#ctx=3#off=1,378,0,0.090576171875,0
1716,LPa.csv#row=1716#ctx=3#off=1,1716,0,0.090576171875,0
1203,LPa.csv#row=1203#ctx=3#off=1,1203,0,0.090576171875,0
82,LPa.csv#row=82#ctx=3#off=1,82,0,0.70947265625,0
542,LPa.csv#row=542#ctx=3#off=1,542,0,0.090576171875,0
1552,LPa.csv#row=1552#ctx=3#off=1,1552,0,0.090576171875,0
1407,LPa.csv#row=1407#ctx=3#off=1,1407,0,0.090576171875,0
871,LPa.csv#row=871#ctx=3#off=1,871,0,0.090576171875,0
811,LPa.csv#row=811#ctx=3#off=1,811,0,0.090576171875,0
1363,LPa.csv#row=1363#ctx=3#off=1,1363,0,0.090576171875,0
1141,LPa.csv#row=1141#ctx=3#off=1,1141,0,0.090576171875,0
1878,LPa.csv#row=1878#ctx=3#off=1,1878,0,0.090576171875,0
1123,LPa.csv#row=1123#ctx=3#off=1,1123,0,0.090576171875,0
675,LPa.csv#row=675#ctx=3#off=1,675,0,0.090576171875,0
2351,LPa.csv#row=2351#ctx=3#off=1,2351,0,0.090576171875,0
1975,LPa.csv#row=1975#ctx=3#off=1,1975,0,0.98681640625,1
1738,LPa.csv#row=1738#ctx=3#off=1,1738,0,0.090576171875,0
2534,LPa.csv#row=2534#ctx=3#off=1,2534,0,0.090576171875,0
78,LPa.csv#row=78#ctx=3#off=1,78,0,0.70947265625,0
1775,LPa.csv#row=1775#ctx=3#off=1,1775,0,0.090576171875,0
362,LPa.csv#row=362#ctx=3#off=1,362,0,0.090576171875,0
2397,LPa.csv#row=2397#ctx=3#off=1,2397,0,0.090576171875,0
572,LPa.csv#row=572#ctx=3#off=1,572,0,0.090576171875,0
2488,LPa.csv#row=2488#ctx=3#off=1,2488,0,0.090576171875,0
1901,LPa.csv#row=1901#ctx=3#off=1,1901,0,0.090576171875,0
633,LPa.csv#row=633#ctx=3#off=1,633,0,0.090576171875,0
2086,LPa.csv#row=2086#ctx=3#off=1,2086,0,0.090576171875,0
2580,LPa.csv#row=2580#ctx=3#off=1,2580,0,0.090576171875,0
2233,LPa.csv#row=2233#ctx=3#off=1,2233,0,0.090576171875,0
637,LPa.csv#row=637#ctx=3#off=1,637,0,0.090576171875,0
300,LPa.csv#row=300#ctx=3#off=1,300,0,0.98681640625,1
1700,LPa.csv#row=1700#ctx=3#off=1,1700,0,0.090576171875,0
1268,LPa.csv#row=1268#ctx=3#off=1,1268,0,0.090576171875,0
451,LPa.csv#row=451#ctx=3#off=1,451,0,0.090576171875,0
937,LPa.csv#row=937#ctx=3#off=1,937,0,0.090576171875,0
1726,LPa.csv#row=1726#ctx=3#off=1,1726,0,0.090576171875,0
1265,LPa.csv#row=1265#ctx=3#off=1,1265,0,0.090576171875,0
1244,LPa.csv#row=1244#ctx=3#off=1,1244,0,0.090576171875,0
1278,LPa.csv#row=1278#ctx=3#off=1,1278,0,0.090576171875,0
497,LPa.csv#row=497#ctx=3#off=1,497,0,0.090576171875,0
1595,LPa.csv#row=1595#ctx=3#off=1,1595,0,0.090576171875,0
2091,LPa.csv#row=2091#ctx=3#off=1,2091,0,0.98681640625,1
479,LPa.csv#row=479#ctx=3#off=1,479,0,0.090576171875,0
184,LPa.csv#row=184#ctx=3#off=1,184,0,0.090576171875,0
1463,LPa.csv#row=1463#ctx=3#off=1,1463,0,0.090576171875,0
38,LPa.csv#row=38#ctx=3#off=1,38,0,0.70947265625,0
2250,LPa.csv#row=2250#ctx=3#off=1,2250,0,0.090576171875,0
1761,LPa.csv#row=1761#ctx=3#off=1,1761,0,0.090576171875,0
1858,LPa.csv#row=1858#ctx=3#off=1,1858,0,0.090576171875,0
1636,LPa.csv#row=1636#ctx=3#off=1,1636,0,0.090576171875,0
1931,LPa.csv#row=1931#ctx=3#off=1,1931,0,0.090576171875,0
140,LPa.csv#row=140#ctx=3#off=1,140,0,0.090576171875,0
778,LPa.csv#row=778#ctx=3#off=1,778,0,0.090576171875,0
1120,LPa.csv#row=1120#ctx=3#off=1,1120,0,0.090576171875,0
2428,LPa.csv#row=2428#ctx=3#off=1,2428,0,0.090576171875,0
2589,LPa.csv#row=2589#ctx=3#off=1,2589,0,0.090576171875,0
219,LPa.csv#row=219#ctx=3#off=1,219,0,0.090576171875,0
1401,LPa.csv#row=1401#ctx=3#off=1,1401,0,0.090576171875,0
354,LPa.csv#row=354#ctx=3#off=1,354,0,0.090576171875,0
2196,LPa.csv#row=2196#ctx=3#off=1,2196,0,0.090576171875,0
2325,LPa.csv#row=2325#ctx=3#off=1,2325,0,0.090576171875,0
468,LPa.csv#row=468#ctx=3#off=1,468,0,0.090576171875,0
609,LPa.csv#row=609#ctx=3#off=1,609,0,0.090576171875,0
804,LPa.csv#row=804#ctx=3#off=1,804,0,0.090576171875,0
179,LPa.csv#row=179#ctx=3#off=1,179,0,0.090576171875,0
313,LPa.csv#row=313#ctx=3#off=1,313,0,0.090576171875,0
1967,LPa.csv#row=1967#ctx=3#off=1,1967,0,0.090576171875,0
1943,LPa.csv#row=1943#ctx=3#off=1,1943,0,0.090576171875,0
443,LPa.csv#row=443#ctx=3#off=1,443,0,0.090576171875,0
543,LPa.csv#row=543#ctx=3#off=1,543,0,0.090576171875,0
2365,LPa.csv#row=2365#ctx=3#off=1,2365,0,0.090576171875,0
1007,LPa.csv#row=1007#ctx=3#off=1,1007,0,0.090576171875,0
487,LPa.csv#row=487#ctx=3#off=1,487,0,0.090576171875,0
462,LPa.csv#row=462#ctx=3#off=1,462,0,0.090576171875,0
1044,LPa.csv#row=1044#ctx=3#off=1,1044,0,0.090576171875,0
2273,LPa.csv#row=2273#ctx=3#off=1,2273,0,0.090576171875,0
1015,LPa.csv#row=1015#ctx=3#off=1,1015,0,0.090576171875,0
1630,LPa.csv#row=1630#ctx=3#off=1,1630,0,0.090576171875,0
2398,LPa.csv#row=2398#ctx=3#off=1,2398,0,0.090576171875,0
2162,LPa.csv#row=2162#ctx=3#off=1,2162,0,0.090576171875,0
2450,LPa.csv#row=2450#ctx=3#off=1,2450,0,0.090576171875,0
1067,LPa.csv#row=1067#ctx=3#off=1,1067,0,0.090576171875,0
243,LPa.csv#row=243#ctx=3#off=1,243,0,0.090576171875,0
2093,LPa.csv#row=2093#ctx=3#off=1,2093,0,0.090576171875,0
103,LPa.csv#row=103#ctx=3#off=1,103,0,0.84228515625,0
618,LPa.csv#row=618#ctx=3#off=1,618,0,0.090576171875,0
2377,LPa.csv#row=2377#ctx=3#off=1,2377,0,0.090576171875,0
1984,LPa.csv#row=1984#ctx=3#off=1,1984,0,0.090576171875,0
928,LPa.csv#row=928#ctx=3#off=1,928,0,0.090576171875,0
1548,LPa.csv#row=1548#ctx=3#off=1,1548,0,0.090576171875,0
1690,LPa.csv#row=1690#ctx=3#off=1,1690,0,0.090576171875,0
1377,LPa.csv#row=1377#ctx=3#off=1,1377,0,0.090576171875,0
886,LPa.csv#row=886#ctx=3#off=1,886,1,0.98681640625,1
877,LPa.csv#row=877#ctx=3#off=1,877,0,0.090576171875,0
1502,LPa.csv#row=1502#ctx=3#off=1,1502,0,0.090576171875,0
1004,LPa.csv#row=1004#ctx=3#off=1,1004,0,0.090576171875,0
2195,LPa.csv#row=2195#ctx=3#off=1,2195,0,0.090576171875,0
1318,LPa.csv#row=1318#ctx=3#off=1,1318,0,0.090576171875,0
1090,LPa.csv#row=1090#ctx=3#off=1,1090,0,0.090576171875,0
1947,LPa.csv#row=1947#ctx=3#off=1,1947,0,0.090576171875,0
1387,LPa.csv#row=1387#ctx=3#off=1,1387,0,0.090576171875,0
586,LPa.csv#row=586#ctx=3#off=1,586,0,0.994140625,1
1907,LPa.csv#row=1907#ctx=3#off=1,1907,0,0.090576171875,0
466,LPa.csv#row=466#ctx=3#off=1,466,0,0.090576171875,0
918,LPa.csv#row=918#ctx=3#off=1,918,0,0.090576171875,0
1064,LPa.csv#row=1064#ctx=3#off=1,1064,0,0.090576171875,0
1161,LPa.csv#row=1161#ctx=3#off=1,1161,0,0.090576171875,0
2011,LPa.csv#row=2011#ctx=3#off=1,2011,0,0.090576171875,0
1654,LPa.csv#row=1654#ctx=3#off=1,1654,0,0.090576171875,0
158,LPa.csv#row=158#ctx=3#off=1,158,0,0.090576171875,0
305,LPa.csv#row=305#ctx=3#off=1,305,0,0.090576171875,0
508,LPa.csv#row=508#ctx=3#off=1,508,0,0.090576171875,0
1006,LPa.csv#row=1006#ctx=3#off=1,1006,0,0.090576171875,0
2152,LPa.csv#row=2152#ctx=3#off=1,2152,0,0.090576171875,0
1436,LPa.csv#row=1436#ctx=3#off=1,1436,0,0.090576171875,0
1589,LPa.csv#row=1589#ctx=3#off=1,1589,0,0.090576171875,0
2022,LPa.csv#row=2022#ctx=3#off=1,2022,0,0.090576171875,0
2399,LPa.csv#row=2399#ctx=3#off=1,2399,0,0.090576171875,0
1045,LPa.csv#row=1045#ctx=3#off=1,1045,0,0.090576171875,0
206,LPa.csv#row=206#ctx=3#off=1,206,0,0.090576171875,0
625,LPa.csv#row=625#ctx=3#off=1,625,0,0.090576171875,0
1037,LPa.csv#row=1037#ctx=3#off=1,1037,0,0.090576171875,0
2141,LPa.csv#row=2141#ctx=3#off=1,2141,0,0.090576171875,0
1186,LPa.csv#row=1186#ctx=3#off=1,1186,0,0.090576171875,0
2163,LPa.csv#row=2163#ctx=3#off=1,2163,0,0.090576171875,0
1809,LPa.csv#row=1809#ctx=3#off=1,1809,0,0.090576171875,0
1792,LPa.csv#row=1792#ctx=3#off=1,1792,0,0.090576171875,0
83,LPa.csv#row=83#ctx=3#off=1,83,0,0.84228515625,0
2449,LPa.csv#row=2449#ctx=3#off=1,2449,0,0.090576171875,0
2048,LPa.csv#row=2048#ctx=3#off=1,2048,0,0.090576171875,0
317,LPa.csv#row=317#ctx=3#off=1,317,0,0.090576171875,0
1427,LPa.csv#row=1427#ctx=3#off=1,1427,0,0.090576171875,0
742,LPa.csv#row=742#ctx=3#off=1,742,0,0.090576171875,0
1423,LPa.csv#row=1423#ctx=3#off=1,1423,0,0.090576171875,0
1978,LPa.csv#row=1978#ctx=3#off=1,1978,0,0.090576171875,0
923,LPa.csv#row=923#ctx=3#off=1,923,0,0.090576171875,0
1781,LPa.csv#row=1781#ctx=3#off=1,1781,0,0.090576171875,0
563,LPa.csv#row=563#ctx=3#off=1,563,0,0.090576171875,0
2550,LPa.csv#row=2550#ctx=3#off=1,2550,0,0.090576171875,0
1817,LPa.csv#row=1817#ctx=3#off=1,1817,0,0.090576171875,0
1148,LPa.csv#row=1148#ctx=3#off=1,1148,0,0.090576171875,0
1471,LPa.csv#row=1471#ctx=3#off=1,1471,0,0.090576171875,0
1545,LPa.csv#row=1545#ctx=3#off=1,1545,0,0.090576171875,0
323,LPa.csv#row=323#ctx=3#off=1,323,0,0.090576171875,0
1269,LPa.csv#row=1269#ctx=3#off=1,1269,0,0.090576171875,0
614,LPa.csv#row=614#ctx=3#off=1,614,0,0.090576171875,0
2125,LPa.csv#row=2125#ctx=3#off=1,2125,0,0.090576171875,0
217,LPa.csv#row=217#ctx=3#off=1,217,0,0.090576171875,0
28,LPa.csv#row=28#ctx=3#off=1,28,1,0.9912109375,1
806,LPa.csv#row=806#ctx=3#off=1,806,0,0.090576171875,0
435,LPa.csv#row=435#ctx=3#off=1,435,0,0.090576171875,0
2404,LPa.csv#row=2404#ctx=3#off=1,2404,0,0.090576171875,0
442,LPa.csv#row=442#ctx=3#off=1,442,0,0.090576171875,0
1960,LPa.csv#row=1960#ctx=3#off=1,1960,0,0.090576171875,0
2406,LPa.csv#row=2406#ctx=3#off=1,2406,0,0.090576171875,0
2445,LPa.csv#row=2445#ctx=3#off=1,2445,0,0.090576171875,0
944,LPa.csv#row=944#ctx=3#off=1,944,0,0.090576171875,0
1011,LPa.csv#row=1011#ctx=3#off=1,1011,0,0.090576171875,0
551,LPa.csv#row=551#ctx=3#off=1,551,0,0.090576171875,0
1732,LPa.csv#row=1732#ctx=3#off=1,1732,0,0.090576171875,0
1730,LPa.csv#row=1730#ctx=3#off=1,1730,0,0.090576171875,0
1921,LPa.csv#row=1921#ctx=3#off=1,1921,0,0.090576171875,0
1224,LPa.csv#row=1224#ctx=3#off=1,1224,0,0.090576171875,0
1426,LPa.csv#row=1426#ctx=3#off=1,1426,0,0.090576171875,0
433,LPa.csv#row=433#ctx=3#off=1,433,0,0.090576171875,0
2446,LPa.csv#row=2446#ctx=3#off=1,2446,0,0.090576171875,0
2469,LPa.csv#row=2469#ctx=3#off=1,2469,0,0.090576171875,0
1532,LPa.csv#row=1532#ctx=3#off=1,1532,0,0.090576171875,0
1251,LPa.csv#row=1251#ctx=3#off=1,1251,0,0.090576171875,0
661,LPa.csv#row=661#ctx=3#off=1,661,0,0.090576171875,0
999,LPa.csv#row=999#ctx=3#off=1,999,0,0.090576171875,0
1794,LPa.csv#row=1794#ctx=3#off=1,1794,0,0.090576171875,0
1714,LPa.csv#row=1714#ctx=3#off=1,1714,0,0.090576171875,0
170,LPa.csv#row=170#ctx=3#off=1,170,0,0.090576171875,0
2166,LPa.csv#row=2166#ctx=3#off=1,2166,0,0.090576171875,0
830,LPa.csv#row=830#ctx=3#off=1,830,0,0.090576171875,0
851,LPa.csv#row=851#ctx=3#off=1,851,0,0.090576171875,0
2269,LPa.csv#row=2269#ctx=3#off=1,2269,0,0.090576171875,0
684,LPa.csv#row=684#ctx=3#off=1,684,0,0.090576171875,0
1556,LPa.csv#row=1556#ctx=3#off=1,1556,0,0.090576171875,0
1175,LPa.csv#row=1175#ctx=3#off=1,1175,0,0.090576171875,0
1368,LPa.csv#row=1368#ctx=3#off=1,1368,0,0.090576171875,0
55,LPa.csv#row=55#ctx=3#off=1,55,0,0.70947265625,0
1699,LPa.csv#row=1699#ctx=3#off=1,1699,0,0.090576171875,0
2005,LPa.csv#row=2005#ctx=3#off=1,2005,0,0.090576171875,0
520,LPa.csv#row=520#ctx=3#off=1,520,0,0.090576171875,0
1339,LPa.csv#row=1339#ctx=3#off=1,1339,0,0.090576171875,0
817,LPa.csv#row=817#ctx=3#off=1,817,0,0.090576171875,0
1664,LPa.csv#row=1664#ctx=3#off=1,1664,0,0.090576171875,0
1725,LPa.csv#row=1725#ctx=3#off=1,1725,0,0.090576171875,0
1706,LPa.csv#row=1706#ctx=3#off=1,1706,0,0.090576171875,0
856,LPa.csv#row=856#ctx=3#off=1,856,0,0.090576171875,0
293,LPa.csv#row=293#ctx=3#off=1,293,0,0.090576171875,0
2256,LPa.csv#row=2256#ctx=3#off=1,2256,0,0.090576171875,0
579,LPa.csv#row=579#ctx=3#off=1,579,0,0.090576171875,0
954,LPa.csv#row=954#ctx=3#off=1,954,0,0.090576171875,0
2330,LPa.csv#row=2330#ctx=3#off=1,2330,0,0.090576171875,0
2537,LPa.csv#row=2537#ctx=3#off=1,2537,0,0.090576171875,0
186,LPa.csv#row=186#ctx=3#off=1,186,0,0.090576171875,0
2131,LPa.csv#row=2131#ctx=3#off=1,2131,0,0.090576171875,0
2088,LPa.csv#row=2088#ctx=3#off=1,2088,0,0.090576171875,0
1512,LPa.csv#row=1512#ctx=3#off=1,1512,0,0.090576171875,0
757,LPa.csv#row=757#ctx=3#off=1,757,0,0.090576171875,0
1720,LPa.csv#row=1720#ctx=3#off=1,1720,0,0.090576171875,0
2118,LPa.csv#row=2118#ctx=3#off=1,2118,0,0.090576171875,0
1645,LPa.csv#row=1645#ctx=3#off=1,1645,0,0.090576171875,0
822,LPa.csv#row=822#ctx=3#off=1,822,0,0.090576171875,0
743,LPa.csv#row=743#ctx=3#off=1,743,0,0.090576171875,0
887,LPa.csv#row=887#ctx=3#off=1,887,0,0.090576171875,0
1488,LPa.csv#row=1488#ctx=3#off=1,1488,0,0.090576171875,0
2234,LPa.csv#row=2234#ctx=3#off=1,2234,0,0.090576171875,0
819,LPa.csv#row=819#ctx=3#off=1,819,0,0.090576171875,0
1957,LPa.csv#row=1957#ctx=3#off=1,1957,0,0.090576171875,0
1922,LPa.csv#row=1922#ctx=3#off=1,1922,0,0.090576171875,0
0,LPa.csv#row=0#ctx=3#off=1,0,1,0.9921875,1
797,LPa.csv#row=797#ctx=3#off=1,797,0,0.090576171875,0
2129,LPa.csv#row=2129#ctx=3#off=1,2129,0,0.090576171875,0
553,LPa.csv#row=553#ctx=3#off=1,553,0,0.090576171875,0
1365,LPa.csv#row=1365#ctx=3#off=1,1365,0,0.090576171875,0
452,LPa.csv#row=452#ctx=3#off=1,452,0,0.090576171875,0
1678,LPa.csv#row=1678#ctx=3#off=1,1678,0,0.090576171875,0
1958,LPa.csv#row=1958#ctx=3#off=1,1958,0,0.090576171875,0
48,LPa.csv#row=48#ctx=3#off=1,48,1,0.98486328125,1
440,LPa.csv#row=440#ctx=3#off=1,440,0,0.090576171875,0
1964,LPa.csv#row=1964#ctx=3#off=1,1964,0,0.090576171875,0
1666,LPa.csv#row=1666#ctx=3#off=1,1666,0,0.090576171875,0
863,LPa.csv#row=863#ctx=3#off=1,863,0,0.090576171875,0
50,LPa.csv#row=50#ctx=3#off=1,50,1,0.98486328125,1
204,LPa.csv#row=204#ctx=3#off=1,204,0,0.090576171875,0
1509,LPa.csv#row=1509#ctx=3#off=1,1509,0,0.090576171875,0
455,LPa.csv#row=455#ctx=3#off=1,455,0,0.090576171875,0
1561,LPa.csv#row=1561#ctx=3#off=1,1561,0,0.090576171875,0
1859,LPa.csv#row=1859#ctx=3#off=1,1859,0,0.090576171875,0
234,LPa.csv#row=234#ctx=3#off=1,234,0,0.090576171875,0
1361,LPa.csv#row=1361#ctx=3#off=1,1361,0,0.090576171875,0
1635,LPa.csv#row=1635#ctx=3#off=1,1635,0,0.090576171875,0
692,LPa.csv#row=692#ctx=3#off=1,692,0,0.090576171875,0
1751,LPa.csv#row=1751#ctx=3#off=1,1751,0,0.090576171875,0
2322,LPa.csv#row=2322#ctx=3#off=1,2322,0,0.090576171875,0
1945,LPa.csv#row=1945#ctx=3#off=1,1945,0,0.090576171875,0
149,LPa.csv#row=149#ctx=3#off=1,149,0,0.090576171875,0
589,LPa.csv#row=589#ctx=3#off=1,589,0,0.090576171875,0
295,LPa.csv#row=295#ctx=3#off=1,295,0,0.090576171875,0
2619,LPa.csv#row=2619#ctx=3#off=1,2619,0,0.090576171875,0
1466,LPa.csv#row=1466#ctx=3#off=1,1466,0,0.090576171875,0
2411,LPa.csv#row=2411#ctx=3#off=1,2411,0,0.090576171875,0
2281,LPa.csv#row=2281#ctx=3#off=1,2281,0,0.090576171875,0
1286,LPa.csv#row=1286#ctx=3#off=1,1286,0,0.090576171875,0
737,LPa.csv#row=737#ctx=3#off=1,737,0,0.090576171875,0
41,LPa.csv#row=41#ctx=3#off=1,41,1,0.98486328125,1
356,LPa.csv#row=356#ctx=3#off=1,356,0,0.090576171875,0
2026,LPa.csv#row=2026#ctx=3#off=1,2026,0,0.090576171875,0
2577,LPa.csv#row=2577#ctx=3#off=1,2577,0,0.090576171875,0
298,LPa.csv#row=298#ctx=3#off=1,298,0,0.090576171875,0
2135,LPa.csv#row=2135#ctx=3#off=1,2135,0,0.090576171875,0
1539,LPa.csv#row=1539#ctx=3#off=1,1539,0,0.090576171875,0
2242,LPa.csv#row=2242#ctx=3#off=1,2242,0,0.090576171875,0
1194,LPa.csv#row=1194#ctx=3#off=1,1194,0,0.090576171875,0
1887,LPa.csv#row=1887#ctx=3#off=1,1887,0,0.090576171875,0
965,LPa.csv#row=965#ctx=3#off=1,965,0,0.090576171875,0
763,LPa.csv#row=763#ctx=3#off=1,763,0,0.090576171875,0
1959,LPa.csv#row=1959#ctx=3#off=1,1959,0,0.090576171875,0
534,LPa.csv#row=534#ctx=3#off=1,534,0,0.090576171875,0
26,LPa.csv#row=26#ctx=3#off=1,26,0,0.9140625,0
1100,LPa.csv#row=1100#ctx=3#off=1,1100,0,0.090576171875,0
124,LPa.csv#row=124#ctx=3#off=1,124,0,0.090576171875,0
2585,LPa.csv#row=2585#ctx=3#off=1,2585,0,0.090576171875,0
223,LPa.csv#row=223#ctx=3#off=1,223,0,0.090576171875,0
2623,LPa.csv#row=2623#ctx=3#off=1,2623,0,0.090576171875,0
148,LPa.csv#row=148#ctx=3#off=1,148,0,0.98681640625,1
930,LPa.csv#row=930#ctx=3#off=1,930,0,0.090576171875,0
628,LPa.csv#row=628#ctx=3#off=1,628,0,0.090576171875,0
619,LPa.csv#row=619#ctx=3#off=1,619,0,0.090576171875,0
1451,LPa.csv#row=1451#ctx=3#off=1,1451,0,0.090576171875,0
1850,LPa.csv#row=1850#ctx=3#off=1,1850,0,0.090576171875,0
2257,LPa.csv#row=2257#ctx=3#off=1,2257,0,0.090576171875,0
2099,LPa.csv#row=2099#ctx=3#off=1,2099,0,0.090576171875,0
2575,LPa.csv#row=2575#ctx=3#off=1,2575,0,0.090576171875,0
603,LPa.csv#row=603#ctx=3#off=1,603,0,0.090576171875,0
1330,LPa.csv#row=1330#ctx=3#off=1,1330,0,0.090576171875,0
1042,LPa.csv#row=1042#ctx=3#off=1,1042,0,0.090576171875,0
2610,LPa.csv#row=2610#ctx=3#off=1,2610,0,0.090576171875,0
1328,LPa.csv#row=1328#ctx=3#off=1,1328,0,0.090576171875,0
1914,LPa.csv#row=1914#ctx=3#off=1,1914,0,0.090576171875,0
873,LPa.csv#row=873#ctx=3#off=1,873,0,0.090576171875,0
2624,LPa.csv#row=2624#ctx=3#off=1,2624,0,0.090576171875,0
1337,LPa.csv#row=1337#ctx=3#off=1,1337,0,0.090576171875,0
1173,LPa.csv#row=1173#ctx=3#off=1,1173,0,0.090576171875,0
782,LPa.csv#row=782#ctx=3#off=1,782,0,0.090576171875,0
1648,LPa.csv#row=1648#ctx=3#off=1,1648,0,0.090576171875,0
1174,LPa.csv#row=1174#ctx=3#off=1,1174,0,0.090576171875,0
2504,LPa.csv#row=2504#ctx=3#off=1,2504,0,0.090576171875,0
343,LPa.csv#row=343#ctx=3#off=1,343,0,0.090576171875,0
333,LPa.csv#row=333#ctx=3#off=1,333,0,0.090576171875,0
580,LPa.csv#row=580#ctx=3#off=1,580,0,0.090576171875,0
683,LPa.csv#row=683#ctx=3#off=1,683,0,0.090576171875,0
1222,LPa.csv#row=1222#ctx=3#off=1,1222,0,0.090576171875,0
2185,LPa.csv#row=2185#ctx=3#off=1,2185,0,0.090576171875,0
1682,LPa.csv#row=1682#ctx=3#off=1,1682,0,0.090576171875,0
799,LPa.csv#row=799#ctx=3#off=1,799,0,0.090576171875,0
1184,LPa.csv#row=1184#ctx=3#off=1,1184,0,0.090576171875,0
917,LPa.csv#row=917#ctx=3#off=1,917,0,0.090576171875,0
1304,LPa.csv#row=1304#ctx=3#off=1,1304,0,0.090576171875,0
1411,LPa.csv#row=1411#ctx=3#off=1,1411,0,0.090576171875,0
1031,LPa.csv#row=1031#ctx=3#off=1,1031,0,0.090576171875,0
1821,LPa.csv#row=1821#ctx=3#off=1,1821,0,0.090576171875,0
2388,LPa.csv#row=2388#ctx=3#off=1,2388,0,0.090576171875,0
1927,LPa.csv#row=1927#ctx=3#off=1,1927,0,0.090576171875,0
2020,LPa.csv#row=2020#ctx=3#off=1,2020,0,0.090576171875,0
2121,LPa.csv#row=2121#ctx=3#off=1,2121,0,0.090576171875,0
1385,LPa.csv#row=1385#ctx=3#off=1,1385,0,0.090576171875,0
753,LPa.csv#row=753#ctx=3#off=1,753,0,0.090576171875,0
1549,LPa.csv#row=1549#ctx=3#off=1,1549,0,0.090576171875,0
2592,LPa.csv#row=2592#ctx=3#off=1,2592,0,0.090576171875,0
2632,LPa.csv#row=2632#ctx=3#off=1,2632,0,0.090576171875,0
1068,LPa.csv#row=1068#ctx=3#off=1,1068,0,0.090576171875,0
673,LPa.csv#row=673#ctx=3#off=1,673,0,0.090576171875,0
150,LPa.csv#row=150#ctx=3#off=1,150,0,0.090576171875,0
1001,LPa.csv#row=1001#ctx=3#off=1,1001,0,0.090576171875,0
1944,LPa.csv#row=1944#ctx=3#off=1,1944,0,0.090576171875,0
296,LPa.csv#row=296#ctx=3#off=1,296,0,0.090576171875,0
820,LPa.csv#row=820#ctx=3#off=1,820,0,0.090576171875,0
2347,LPa.csv#row=2347#ctx=3#off=1,2347,0,0.090576171875,0
2227,LPa.csv#row=2227#ctx=3#off=1,2227,0,0.090576171875,0
2364,LPa.csv#row=2364#ctx=3#off=1,2364,0,0.090576171875,0
2481,LPa.csv#row=2481#ctx=3#off=1,2481,0,0.090576171875,0
1499,LPa.csv#row=1499#ctx=3#off=1,1499,0,0.090576171875,0
2628,LPa.csv#row=2628#ctx=3#off=1,2628,0,0.090576171875,0
740,LPa.csv#row=740#ctx=3#off=1,740,0,0.090576171875,0
60,LPa.csv#row=60#ctx=3#off=1,60,0,0.70947265625,0
415,LPa.csv#row=415#ctx=3#off=1,415,0,0.090576171875,0
8,LPa.csv#row=8#ctx=3#off=1,8,1,0.99169921875,1
1378,LPa.csv#row=1378#ctx=3#off=1,1378,0,0.090576171875,0
1820,LPa.csv#row=1820#ctx=3#off=1,1820,0,0.090576171875,0
2483,LPa.csv#row=2483#ctx=3#off=1,2483,0,0.090576171875,0
598,LPa.csv#row=598#ctx=3#off=1,598,0,0.090576171875,0
162,LPa.csv#row=162#ctx=3#off=1,162,0,0.090576171875,0
2301,LPa.csv#row=2301#ctx=3#off=1,2301,0,0.090576171875,0
756,LPa.csv#row=756#ctx=3#off=1,756,0,0.090576171875,0
1950,LPa.csv#row=1950#ctx=3#off=1,1950,0,0.090576171875,0
1524,LPa.csv#row=1524#ctx=3#off=1,1524,0,0.090576171875,0
2574,LPa.csv#row=2574#ctx=3#off=1,2574,0,0.090576171875,0
314,LPa.csv#row=314#ctx=3#off=1,314,0,0.090576171875,0
2067,LPa.csv#row=2067#ctx=3#off=1,2067,0,0.090576171875,0
1566,LPa.csv#row=1566#ctx=3#off=1,1566,0,0.090576171875,0
1903,LPa.csv#row=1903#ctx=3#off=1,1903,0,0.090576171875,0
1768,LPa.csv#row=1768#ctx=3#off=1,1768,0,0.090576171875,0
2151,LPa.csv#row=2151#ctx=3#off=1,2151,0,0.090576171875,0
2030,LPa.csv#row=2030#ctx=3#off=1,2030,0,0.090576171875,0
795,LPa.csv#row=795#ctx=3#off=1,795,0,0.090576171875,0
125,LPa.csv#row=125#ctx=3#off=1,125,0,0.090576171875,0
1191,LPa.csv#row=1191#ctx=3#off=1,1191,0,0.090576171875,0
1599,LPa.csv#row=1599#ctx=3#off=1,1599,0,0.090576171875,0
506,LPa.csv#row=506#ctx=3#off=1,506,0,0.090576171875,0
2429,LPa.csv#row=2429#ctx=3#off=1,2429,0,0.090576171875,0
503,LPa.csv#row=503#ctx=3#off=1,503,0,0.090576171875,0
1131,LPa.csv#row=1131#ctx=3#off=1,1131,0,0.090576171875,0
1119,LPa.csv#row=1119#ctx=3#off=1,1119,0,0.090576171875,0
1537,LPa.csv#row=1537#ctx=3#off=1,1537,0,0.090576171875,0
2412,LPa.csv#row=2412#ctx=3#off=1,2412,0,0.090576171875,0
1181,LPa.csv#row=1181#ctx=3#off=1,1181,0,0.090576171875,0
1370,LPa.csv#row=1370#ctx=3#off=1,1370,0,0.090576171875,0
1250,LPa.csv#row=1250#ctx=3#off=1,1250,0,0.090576171875,0
1057,LPa.csv#row=1057#ctx=3#off=1,1057,0,0.090576171875,0
674,LPa.csv#row=674#ctx=3#off=1,674,0,0.090576171875,0
2291,LPa.csv#row=2291#ctx=3#off=1,2291,0,0.090576171875,0
2634,LPa.csv#row=2634#ctx=3#off=1,2634,0,0.090576171875,0
1242,LPa.csv#row=1242#ctx=3#off=1,1242,0,0.090576171875,0
278,LPa.csv#row=278#ctx=3#off=1,278,0,0.090576171875,0
1776,LPa.csv#row=1776#ctx=3#off=1,1776,0,0.090576171875,0
2144,LPa.csv#row=2144#ctx=3#off=1,2144,0,0.090576171875,0
1822,LPa.csv#row=1822#ctx=3#off=1,1822,0,0.090576171875,0
1868,LPa.csv#row=1868#ctx=3#off=1,1868,0,0.090576171875,0
1379,LPa.csv#row=1379#ctx=3#off=1,1379,0,0.090576171875,0
2327,LPa.csv#row=2327#ctx=3#off=1,2327,0,0.090576171875,0
279,LPa.csv#row=279#ctx=3#off=1,279,0,0.090576171875,0
2354,LPa.csv#row=2354#ctx=3#off=1,2354,0,0.090576171875,0
71,LPa.csv#row=71#ctx=3#off=1,71,0,0.70947265625,0
1916,LPa.csv#row=1916#ctx=3#off=1,1916,0,0.090576171875,0
176,LPa.csv#row=176#ctx=3#off=1,176,0,0.090576171875,0
626,LPa.csv#row=626#ctx=3#off=1,626,0,0.090576171875,0
2145,LPa.csv#row=2145#ctx=3#off=1,2145,0,0.090576171875,0
1236,LPa.csv#row=1236#ctx=3#off=1,1236,0,0.090576171875,0
34,LPa.csv#row=34#ctx=3#off=1,34,0,0.84228515625,0
785,LPa.csv#row=785#ctx=3#off=1,785,0,0.090576171875,0
2572,LPa.csv#row=2572#ctx=3#off=1,2572,0,0.090576171875,0
408,LPa.csv#row=408#ctx=3#off=1,408,1,0.9931640625,1
1477,LPa.csv#row=1477#ctx=3#off=1,1477,0,0.090576171875,0
511,LPa.csv#row=511#ctx=3#off=1,511,0,0.090576171875,0
1880,LPa.csv#row=1880#ctx=3#off=1,1880,0,0.090576171875,0
97,LPa.csv#row=97#ctx=3#off=1,97,0,0.84228515625,0
1551,LPa.csv#row=1551#ctx=3#off=1,1551,0,0.090576171875,0
518,LPa.csv#row=518#ctx=3#off=1,518,0,0.090576171875,0
432,LPa.csv#row=432#ctx=3#off=1,432,0,0.090576171875,0
1375,LPa.csv#row=1375#ctx=3#off=1,1375,0,0.090576171875,0
1405,LPa.csv#row=1405#ctx=3#off=1,1405,0,0.090576171875,0
1897,LPa.csv#row=1897#ctx=3#off=1,1897,0,0.090576171875,0
126,LPa.csv#row=126#ctx=3#off=1,126,0,0.090576171875,0
1296,LPa.csv#row=1296#ctx=3#off=1,1296,0,0.090576171875,0
932,LPa.csv#row=932#ctx=3#off=1,932,0,0.090576171875,0
116,LPa.csv#row=116#ctx=3#off=1,116,0,0.090576171875,0
457,LPa.csv#row=457#ctx=3#off=1,457,0,0.090576171875,0
907,LPa.csv#row=907#ctx=3#off=1,907,0,0.090576171875,0
1079,LPa.csv#row=1079#ctx=3#off=1,1079,0,0.090576171875,0
2430,LPa.csv#row=2430#ctx=3#off=1,2430,0,0.090576171875,0
269,LPa.csv#row=269#ctx=3#off=1,269,0,0.090576171875,0
1050,LPa.csv#row=1050#ctx=3#off=1,1050,0,0.090576171875,0
240,LPa.csv#row=240#ctx=3#off=1,240,0,0.090576171875,0
2208,LPa.csv#row=2208#ctx=3#off=1,2208,0,0.090576171875,0
227,LPa.csv#row=227#ctx=3#off=1,227,0,0.090576171875,0
561,LPa.csv#row=561#ctx=3#off=1,561,0,0.090576171875,0
2432,LPa.csv#row=2432#ctx=3#off=1,2432,0,0.090576171875,0
726,LPa.csv#row=726#ctx=3#off=1,726,0,0.090576171875,0
891,LPa.csv#row=891#ctx=3#off=1,891,0,0.090576171875,0
1494,LPa.csv#row=1494#ctx=3#off=1,1494,0,0.090576171875,0
2486,LPa.csv#row=2486#ctx=3#off=1,2486,0,0.090576171875,0
2248,LPa.csv#row=2248#ctx=3#off=1,2248,0,0.090576171875,0
2050,LPa.csv#row=2050#ctx=3#off=1,2050,0,0.090576171875,0
967,LPa.csv#row=967#ctx=3#off=1,967,0,0.090576171875,0
1225,LPa.csv#row=1225#ctx=3#off=1,1225,0,0.090576171875,0
395,LPa.csv#row=395#ctx=3#off=1,395,0,0.090576171875,0
2532,LPa.csv#row=2532#ctx=3#off=1,2532,0,0.090576171875,0
838,LPa.csv#row=838#ctx=3#off=1,838,0,0.090576171875,0
1892,LPa.csv#row=1892#ctx=3#off=1,1892,0,0.090576171875,0
174,LPa.csv#row=174#ctx=3#off=1,174,0,0.090576171875,0
2447,LPa.csv#row=2447#ctx=3#off=1,2447,0,0.090576171875,0
767,LPa.csv#row=767#ctx=3#off=1,767,0,0.090576171875,0
2604,LPa.csv#row=2604#ctx=3#off=1,2604,0,0.090576171875,0
2600,LPa.csv#row=2600#ctx=3#off=1,2600,0,0.090576171875,0
925,LPa.csv#row=925#ctx=3#off=1,925,0,0.090576171875,0
769,LPa.csv#row=769#ctx=3#off=1,769,0,0.090576171875,0
765,LPa.csv#row=765#ctx=3#off=1,765,0,0.090576171875,0
1852,LPa.csv#row=1852#ctx=3#off=1,1852,0,0.090576171875,0
847,LPa.csv#row=847#ctx=3#off=1,847,0,0.090576171875,0
56,LPa.csv#row=56#ctx=3#off=1,56,0,0.70947265625,0
2220,LPa.csv#row=2220#ctx=3#off=1,2220,0,0.090576171875,0
1913,LPa.csv#row=1913#ctx=3#off=1,1913,0,0.090576171875,0
540,LPa.csv#row=540#ctx=3#off=1,540,0,0.090576171875,0
1396,LPa.csv#row=1396#ctx=3#off=1,1396,0,0.090576171875,0
1996,LPa.csv#row=1996#ctx=3#off=1,1996,0,0.090576171875,0
938,LPa.csv#row=938#ctx=3#off=1,938,0,0.090576171875,0
727,LPa.csv#row=727#ctx=3#off=1,727,0,0.090576171875,0
1764,LPa.csv#row=1764#ctx=3#off=1,1764,0,0.090576171875,0
438,LPa.csv#row=438#ctx=3#off=1,438,0,0.090576171875,0
2236,LPa.csv#row=2236#ctx=3#off=1,2236,0,0.090576171875,0
1536,LPa.csv#row=1536#ctx=3#off=1,1536,0,0.090576171875,0
1151,LPa.csv#row=1151#ctx=3#off=1,1151,0,0.090576171875,0
1911,LPa.csv#row=1911#ctx=3#off=1,1911,0,0.090576171875,0
1008,LPa.csv#row=1008#ctx=3#off=1,1008,0,0.090576171875,0
730,LPa.csv#row=730#ctx=3#off=1,730,0,0.090576171875,0
241,LPa.csv#row=241#ctx=3#off=1,241,0,0.090576171875,0
1323,LPa.csv#row=1323#ctx=3#off=1,1323,0,0.090576171875,0
1603,LPa.csv#row=1603#ctx=3#off=1,1603,0,0.090576171875,0
153,LPa.csv#row=153#ctx=3#off=1,153,0,0.090576171875,0
837,LPa.csv#row=837#ctx=3#off=1,837,0,0.090576171875,0
1206,LPa.csv#row=1206#ctx=3#off=1,1206,0,0.090576171875,0
1446,LPa.csv#row=1446#ctx=3#off=1,1446,0,0.090576171875,0
1910,LPa.csv#row=1910#ctx=3#off=1,1910,0,0.090576171875,0
2084,LPa.csv#row=2084#ctx=3#off=1,2084,0,0.090576171875,0
43,LPa.csv#row=43#ctx=3#off=1,43,1,0.9814453125,1
1621,LPa.csv#row=1621#ctx=3#off=1,1621,0,0.090576171875,0
1393,LPa.csv#row=1393#ctx=3#off=1,1393,0,0.090576171875,0
1826,LPa.csv#row=1826#ctx=3#off=1,1826,0,0.090576171875,0
936,LPa.csv#row=936#ctx=3#off=1,936,0,0.090576171875,0
1049,LPa.csv#row=1049#ctx=3#off=1,1049,0,0.090576171875,0
52,LPa.csv#row=52#ctx=3#off=1,52,0,0.9921875,1
1946,LPa.csv#row=1946#ctx=3#off=1,1946,0,0.090576171875,0
670,LPa.csv#row=670#ctx=3#off=1,670,0,0.090576171875,0
1190,LPa.csv#row=1190#ctx=3#off=1,1190,0,0.090576171875,0
2608,LPa.csv#row=2608#ctx=3#off=1,2608,0,0.090576171875,0
383,LPa.csv#row=383#ctx=3#off=1,383,0,0.98681640625,1
984,LPa.csv#row=984#ctx=3#off=1,984,0,0.090576171875,0
1487,LPa.csv#row=1487#ctx=3#off=1,1487,0,0.090576171875,0
1029,LPa.csv#row=1029#ctx=3#off=1,1029,0,0.090576171875,0
1219,LPa.csv#row=1219#ctx=3#off=1,1219,0,0.090576171875,0
309,LPa.csv#row=309#ctx=3#off=1,309,0,0.090576171875,0
1110,LPa.csv#row=1110#ctx=3#off=1,1110,0,0.090576171875,0
1061,LPa.csv#row=1061#ctx=3#off=1,1061,0,0.090576171875,0
1584,LPa.csv#row=1584#ctx=3#off=1,1584,0,0.090576171875,0
668,LPa.csv#row=668#ctx=3#off=1,668,0,0.090576171875,0
1641,LPa.csv#row=1641#ctx=3#off=1,1641,0,0.090576171875,0
2502,LPa.csv#row=2502#ctx=3#off=1,2502,0,0.090576171875,0
700,LPa.csv#row=700#ctx=3#off=1,700,0,0.090576171875,0
1257,LPa.csv#row=1257#ctx=3#off=1,1257,0,0.090576171875,0
812,LPa.csv#row=812#ctx=3#off=1,812,0,0.090576171875,0
754,LPa.csv#row=754#ctx=3#off=1,754,0,0.090576171875,0
624,LPa.csv#row=624#ctx=3#off=1,624,0,0.090576171875,0
1671,LPa.csv#row=1671#ctx=3#off=1,1671,0,0.090576171875,0
2170,LPa.csv#row=2170#ctx=3#off=1,2170,0,0.090576171875,0
953,LPa.csv#row=953#ctx=3#off=1,953,0,0.090576171875,0
1465,LPa.csv#row=1465#ctx=3#off=1,1465,0,0.090576171875,0
1997,LPa.csv#row=1997#ctx=3#off=1,1997,0,0.090576171875,0
693,LPa.csv#row=693#ctx=3#off=1,693,0,0.090576171875,0
1862,LPa.csv#row=1862#ctx=3#off=1,1862,0,0.090576171875,0
2255,LPa.csv#row=2255#ctx=3#off=1,2255,0,0.090576171875,0
1949,LPa.csv#row=1949#ctx=3#off=1,1949,0,0.090576171875,0
1724,LPa.csv#row=1724#ctx=3#off=1,1724,0,0.090576171875,0
1879,LPa.csv#row=1879#ctx=3#off=1,1879,0,0.090576171875,0
2143,LPa.csv#row=2143#ctx=3#off=1,2143,0,0.090576171875,0
2244,LPa.csv#row=2244#ctx=3#off=1,2244,0,0.090576171875,0
1530,LPa.csv#row=1530#ctx=3#off=1,1530,0,0.090576171875,0
1819,LPa.csv#row=1819#ctx=3#off=1,1819,0,0.090576171875,0
608,LPa.csv#row=608#ctx=3#off=1,608,0,0.090576171875,0
1458,LPa.csv#row=1458#ctx=3#off=1,1458,0,0.090576171875,0
1506,LPa.csv#row=1506#ctx=3#off=1,1506,0,0.090576171875,0
2601,LPa.csv#row=2601#ctx=3#off=1,2601,0,0.090576171875,0
401,LPa.csv#row=401#ctx=3#off=1,401,0,0.090576171875,0
1420,LPa.csv#row=1420#ctx=3#off=1,1420,0,0.090576171875,0
826,LPa.csv#row=826#ctx=3#off=1,826,0,0.090576171875,0
789,LPa.csv#row=789#ctx=3#off=1,789,0,0.090576171875,0
1783,LPa.csv#row=1783#ctx=3#off=1,1783,0,0.090576171875,0
1974,LPa.csv#row=1974#ctx=3#off=1,1974,0,0.090576171875,0
1620,LPa.csv#row=1620#ctx=3#off=1,1620,0,0.090576171875,0
389,LPa.csv#row=389#ctx=3#off=1,389,0,0.090576171875,0
2155,LPa.csv#row=2155#ctx=3#off=1,2155,0,0.090576171875,0
1302,LPa.csv#row=1302#ctx=3#off=1,1302,0,0.090576171875,0
2059,LPa.csv#row=2059#ctx=3#off=1,2059,0,0.090576171875,0
286,LPa.csv#row=286#ctx=3#off=1,286,0,0.090576171875,0
760,LPa.csv#row=760#ctx=3#off=1,760,0,0.090576171875,0
2028,LPa.csv#row=2028#ctx=3#off=1,2028,0,0.090576171875,0
596,LPa.csv#row=596#ctx=3#off=1,596,0,0.090576171875,0
2611,LPa.csv#row=2611#ctx=3#off=1,2611,0,0.090576171875,0
1493,LPa.csv#row=1493#ctx=3#off=1,1493,0,0.090576171875,0
1909,LPa.csv#row=1909#ctx=3#off=1,1909,0,0.090576171875,0
2089,LPa.csv#row=2089#ctx=3#off=1,2089,0,0.090576171875,0
2401,LPa.csv#row=2401#ctx=3#off=1,2401,0,0.090576171875,0
739,LPa.csv#row=739#ctx=3#off=1,739,0,0.090576171875,0
1126,LPa.csv#row=1126#ctx=3#off=1,1126,0,0.090576171875,0
319,LPa.csv#row=319#ctx=3#off=1,319,1,0.090576171875,0
2456,LPa.csv#row=2456#ctx=3#off=1,2456,0,0.8837890625,0
616,LPa.csv#row=616#ctx=3#off=1,616,0,0.090576171875,0
876,LPa.csv#row=876#ctx=3#off=1,876,0,0.090576171875,0
601,LPa.csv#row=601#ctx=3#off=1,601,0,0.090576171875,0
1638,LPa.csv#row=1638#ctx=3#off=1,1638,0,0.090576171875,0
1759,LPa.csv#row=1759#ctx=3#off=1,1759,0,0.090576171875,0
2638,LPa.csv#row=2638#ctx=3#off=1,2638,0,0.090576171875,0
2029,LPa.csv#row=2029#ctx=3#off=1,2029,0,0.090576171875,0
1248,LPa.csv#row=1248#ctx=3#off=1,1248,0,0.090576171875,0
45,LPa.csv#row=45#ctx=3#off=1,45,0,0.98583984375,1
2290,LPa.csv#row=2290#ctx=3#off=1,2290,0,0.090576171875,0
1091,LPa.csv#row=1091#ctx=3#off=1,1091,0,0.090576171875,0
1580,LPa.csv#row=1580#ctx=3#off=1,1580,0,0.090576171875,0
2335,LPa.csv#row=2335#ctx=3#off=1,2335,0,0.090576171875,0
161,LPa.csv#row=161#ctx=3#off=1,161,0,0.090576171875,0
35,LPa.csv#row=35#ctx=3#off=1,35,0,0.70947265625,0
1459,LPa.csv#row=1459#ctx=3#off=1,1459,0,0.090576171875,0
2319,LPa.csv#row=2319#ctx=3#off=1,2319,0,0.090576171875,0
514,LPa.csv#row=514#ctx=3#off=1,514,0,0.090576171875,0
1371,LPa.csv#row=1371#ctx=3#off=1,1371,0,0.090576171875,0
890,LPa.csv#row=890#ctx=3#off=1,890,0,0.090576171875,0
1158,LPa.csv#row=1158#ctx=3#off=1,1158,0,0.090576171875,0
1689,LPa.csv#row=1689#ctx=3#off=1,1689,0,0.090576171875,0
501,LPa.csv#row=501#ctx=3#off=1,501,0,0.090576171875,0
2385,LPa.csv#row=2385#ctx=3#off=1,2385,0,0.090576171875,0
1884,LPa.csv#row=1884#ctx=3#off=1,1884,0,0.090576171875,0
630,LPa.csv#row=630#ctx=3#off=1,630,0,0.090576171875,0
2625,LPa.csv#row=2625#ctx=3#off=1,2625,0,0.090576171875,0
725,LPa.csv#row=725#ctx=3#off=1,725,0,0.090576171875,0
2262,LPa.csv#row=2262#ctx=3#off=1,2262,0,0.090576171875,0
1143,LPa.csv#row=1143#ctx=3#off=1,1143,0,0.090576171875,0
912,LPa.csv#row=912#ctx=3#off=1,912,0,0.090576171875,0
1543,LPa.csv#row=1543#ctx=3#off=1,1543,0,0.090576171875,0
827,LPa.csv#row=827#ctx=3#off=1,827,0,0.090576171875,0
322,LPa.csv#row=322#ctx=3#off=1,322,0,0.090576171875,0
107,LPa.csv#row=107#ctx=3#off=1,107,0,0.090576171875,0
1098,LPa.csv#row=1098#ctx=3#off=1,1098,0,0.090576171875,0
678,LPa.csv#row=678#ctx=3#off=1,678,0,0.090576171875,0
208,LPa.csv#row=208#ctx=3#off=1,208,0,0.090576171875,0
786,LPa.csv#row=786#ctx=3#off=1,786,0,0.090576171875,0
2521,LPa.csv#row=2521#ctx=3#off=1,2521,0,0.090576171875,0
66,LPa.csv#row=66#ctx=3#off=1,66,1,0.98486328125,1
1833,LPa.csv#row=1833#ctx=3#off=1,1833,0,0.090576171875,0
1882,LPa.csv#row=1882#ctx=3#off=1,1882,0,0.090576171875,0
1443,LPa.csv#row=1443#ctx=3#off=1,1443,0,0.090576171875,0
1352,LPa.csv#row=1352#ctx=3#off=1,1352,0,0.090576171875,0
474,LPa.csv#row=474#ctx=3#off=1,474,0,0.090576171875,0
1065,LPa.csv#row=1065#ctx=3#off=1,1065,0,0.090576171875,0
1961,LPa.csv#row=1961#ctx=3#off=1,1961,0,0.090576171875,0
51,LPa.csv#row=51#ctx=3#off=1,51,0,0.70947265625,0
1106,LPa.csv#row=1106#ctx=3#off=1,1106,0,0.090576171875,0
2237,LPa.csv#row=2237#ctx=3#off=1,2237,0,0.090576171875,0
2148,LPa.csv#row=2148#ctx=3#off=1,2148,0,0.090576171875,0
2367,LPa.csv#row=2367#ctx=3#off=1,2367,0,0.090576171875,0
687,LPa.csv#row=687#ctx=3#off=1,687,0,0.98681640625,1
1020,LPa.csv#row=1020#ctx=3#off=1,1020,0,0.090576171875,0
940,LPa.csv#row=940#ctx=3#off=1,940,0,0.090576171875,0
2122,LPa.csv#row=2122#ctx=3#off=1,2122,0,0.090576171875,0
1966,LPa.csv#row=1966#ctx=3#off=1,1966,0,0.090576171875,0
1163,LPa.csv#row=1163#ctx=3#off=1,1163,0,0.090576171875,0
385,LPa.csv#row=385#ctx=3#off=1,385,0,0.090576171875,0
2328,LPa.csv#row=2328#ctx=3#off=1,2328,0,0.090576171875,0
1416,LPa.csv#row=1416#ctx=3#off=1,1416,0,0.090576171875,0
803,LPa.csv#row=803#ctx=3#off=1,803,0,0.090576171875,0
2416,LPa.csv#row=2416#ctx=3#off=1,2416,0,0.090576171875,0
2415,LPa.csv#row=2415#ctx=3#off=1,2415,0,0.090576171875,0
1071,LPa.csv#row=1071#ctx=3#off=1,1071,0,0.090576171875,0
1348,LPa.csv#row=1348#ctx=3#off=1,1348,0,0.090576171875,0
1256,LPa.csv#row=1256#ctx=3#off=1,1256,0,0.090576171875,0
1476,LPa.csv#row=1476#ctx=3#off=1,1476,0,0.090576171875,0
2286,LPa.csv#row=2286#ctx=3#off=1,2286,0,0.090576171875,0
1165,LPa.csv#row=1165#ctx=3#off=1,1165,0,0.090576171875,0
1622,LPa.csv#row=1622#ctx=3#off=1,1622,0,0.090576171875,0
2396,LPa.csv#row=2396#ctx=3#off=1,2396,0,0.090576171875,0
257,LPa.csv#row=257#ctx=3#off=1,257,0,0.090576171875,0
345,LPa.csv#row=345#ctx=3#off=1,345,0,0.090576171875,0
1298,LPa.csv#row=1298#ctx=3#off=1,1298,0,0.090576171875,0
1619,LPa.csv#row=1619#ctx=3#off=1,1619,0,0.090576171875,0
1832,LPa.csv#row=1832#ctx=3#off=1,1832,0,0.090576171875,0
155,LPa.csv#row=155#ctx=3#off=1,155,0,0.090576171875,0
656,LPa.csv#row=656#ctx=3#off=1,656,0,0.090576171875,0
1038,LPa.csv#row=1038#ctx=3#off=1,1038,0,0.090576171875,0
2343,LPa.csv#row=2343#ctx=3#off=1,2343,0,0.090576171875,0
802,LPa.csv#row=802#ctx=3#off=1,802,0,0.090576171875,0
2205,LPa.csv#row=2205#ctx=3#off=1,2205,0,0.090576171875,0
364,LPa.csv#row=364#ctx=3#off=1,364,0,0.090576171875,0
706,LPa.csv#row=706#ctx=3#off=1,706,0,0.090576171875,0
770,LPa.csv#row=770#ctx=3#off=1,770,0,0.090576171875,0
2334,LPa.csv#row=2334#ctx=3#off=1,2334,0,0.090576171875,0
790,LPa.csv#row=790#ctx=3#off=1,790,0,0.090576171875,0
1736,LPa.csv#row=1736#ctx=3#off=1,1736,0,0.090576171875,0
1705,LPa.csv#row=1705#ctx=3#off=1,1705,0,0.090576171875,0
2289,LPa.csv#row=2289#ctx=3#off=1,2289,0,0.090576171875,0
1321,LPa.csv#row=1321#ctx=3#off=1,1321,0,0.090576171875,0
1842,LPa.csv#row=1842#ctx=3#off=1,1842,0,0.090576171875,0
1912,LPa.csv#row=1912#ctx=3#off=1,1912,0,0.090576171875,0
1209,LPa.csv#row=1209#ctx=3#off=1,1209,0,0.090576171875,0
2369,LPa.csv#row=2369#ctx=3#off=1,2369,0,0.090576171875,0
2506,LPa.csv#row=2506#ctx=3#off=1,2506,0,0.090576171875,0
846,LPa.csv#row=846#ctx=3#off=1,846,0,0.090576171875,0
1600,LPa.csv#row=1600#ctx=3#off=1,1600,0,0.090576171875,0
198,LPa.csv#row=198#ctx=3#off=1,198,0,0.090576171875,0
664,LPa.csv#row=664#ctx=3#off=1,664,0,0.090576171875,0
1367,LPa.csv#row=1367#ctx=3#off=1,1367,0,0.090576171875,0
2284,LPa.csv#row=2284#ctx=3#off=1,2284,0,0.090576171875,0
1541,LPa.csv#row=1541#ctx=3#off=1,1541,0,0.090576171875,0
1602,LPa.csv#row=1602#ctx=3#off=1,1602,0,0.090576171875,0
2618,LPa.csv#row=2618#ctx=3#off=1,2618,0,0.090576171875,0
2049,LPa.csv#row=2049#ctx=3#off=1,2049,0,0.090576171875,0
1853,LPa.csv#row=1853#ctx=3#off=1,1853,0,0.090576171875,0
211,LPa.csv#row=211#ctx=3#off=1,211,0,0.090576171875,0
523,LPa.csv#row=523#ctx=3#off=1,523,0,0.090576171875,0
1560,LPa.csv#row=1560#ctx=3#off=1,1560,0,0.090576171875,0
1968,LPa.csv#row=1968#ctx=3#off=1,1968,0,0.090576171875,0
1995,LPa.csv#row=1995#ctx=3#off=1,1995,0,0.090576171875,0
1577,LPa.csv#row=1577#ctx=3#off=1,1577,0,0.090576171875,0
1212,LPa.csv#row=1212#ctx=3#off=1,1212,0,0.090576171875,0
2421,LPa.csv#row=2421#ctx=3#off=1,2421,0,0.090576171875,0
1976,LPa.csv#row=1976#ctx=3#off=1,1976,0,0.090576171875,0
845,LPa.csv#row=845#ctx=3#off=1,845,0,0.090576171875,0
835,LPa.csv#row=835#ctx=3#off=1,835,0,0.090576171875,0
2016,LPa.csv#row=2016#ctx=3#off=1,2016,0,0.090576171875,0
852,LPa.csv#row=852#ctx=3#off=1,852,0,0.090576171875,0
1581,LPa.csv#row=1581#ctx=3#off=1,1581,0,0.090576171875,0
569,LPa.csv#row=569#ctx=3#off=1,569,0,0.090576171875,0
527,LPa.csv#row=527#ctx=3#off=1,527,0,0.090576171875,0
544,LPa.csv#row=544#ctx=3#off=1,544,0,0.090576171875,0
502,LPa.csv#row=502#ctx=3#off=1,502,0,0.090576171875,0
1043,LPa.csv#row=1043#ctx=3#off=1,1043,0,0.090576171875,0
1550,LPa.csv#row=1550#ctx=3#off=1,1550,0,0.090576171875,0
997,LPa.csv#row=997#ctx=3#off=1,997,0,0.090576171875,0
2392,LPa.csv#row=2392#ctx=3#off=1,2392,0,0.090576171875,0
1686,LPa.csv#row=1686#ctx=3#off=1,1686,0,0.090576171875,0
1479,LPa.csv#row=1479#ctx=3#off=1,1479,0,0.090576171875,0
1025,LPa.csv#row=1025#ctx=3#off=1,1025,0,0.090576171875,0
592,LPa.csv#row=592#ctx=3#off=1,592,0,0.090576171875,0
104,LPa.csv#row=104#ctx=3#off=1,104,0,0.70947265625,0
1769,LPa.csv#row=1769#ctx=3#off=1,1769,0,0.090576171875,0
1818,LPa.csv#row=1818#ctx=3#off=1,1818,0,0.090576171875,0
2353,LPa.csv#row=2353#ctx=3#off=1,2353,0,0.090576171875,0
1505,LPa.csv#row=1505#ctx=3#off=1,1505,0,0.090576171875,0
1418,LPa.csv#row=1418#ctx=3#off=1,1418,0,0.090576171875,0
244,LPa.csv#row=244#ctx=3#off=1,244,0,0.090576171875,0
2490,LPa.csv#row=2490#ctx=3#off=1,2490,0,0.090576171875,0
193,LPa.csv#row=193#ctx=3#off=1,193,0,0.090576171875,0
1171,LPa.csv#row=1171#ctx=3#off=1,1171,0,0.090576171875,0
1801,LPa.csv#row=1801#ctx=3#off=1,1801,0,0.090576171875,0
582,LPa.csv#row=582#ctx=3#off=1,582,0,0.090576171875,0
2475,LPa.csv#row=2475#ctx=3#off=1,2475,0,0.090576171875,0
1677,LPa.csv#row=1677#ctx=3#off=1,1677,0,0.090576171875,0
623,LPa.csv#row=623#ctx=3#off=1,623,0,0.090576171875,0
1005,LPa.csv#row=1005#ctx=3#off=1,1005,0,0.090576171875,0
1153,LPa.csv#row=1153#ctx=3#off=1,1153,0,0.090576171875,0
221,LPa.csv#row=221#ctx=3#off=1,221,0,0.8837890625,0
1860,LPa.csv#row=1860#ctx=3#off=1,1860,0,0.090576171875,0
256,LPa.csv#row=256#ctx=3#off=1,256,0,0.090576171875,0
1406,LPa.csv#row=1406#ctx=3#off=1,1406,0,0.090576171875,0
1450,LPa.csv#row=1450#ctx=3#off=1,1450,0,0.090576171875,0
25,LPa.csv#row=25#ctx=3#off=1,25,1,0.9140625,0
1567,LPa.csv#row=1567#ctx=3#off=1,1567,0,0.090576171875,0
1623,LPa.csv#row=1623#ctx=3#off=1,1623,0,0.090576171875,0
1513,LPa.csv#row=1513#ctx=3#off=1,1513,0,0.090576171875,0
2426,LPa.csv#row=2426#ctx=3#off=1,2426,0,0.090576171875,0
696,LPa.csv#row=696#ctx=3#off=1,696,0,0.090576171875,0
460,LPa.csv#row=460#ctx=3#off=1,460,0,0.090576171875,0
513,LPa.csv#row=513#ctx=3#off=1,513,0,0.090576171875,0
1986,LPa.csv#row=1986#ctx=3#off=1,1986,0,0.090576171875,0
1839,LPa.csv#row=1839#ctx=3#off=1,1839,0,0.090576171875,0
1633,LPa.csv#row=1633#ctx=3#off=1,1633,0,0.090576171875,0
1851,LPa.csv#row=1851#ctx=3#off=1,1851,0,0.090576171875,0
2424,LPa.csv#row=2424#ctx=3#off=1,2424,0,0.090576171875,0
595,LPa.csv#row=595#ctx=3#off=1,595,0,0.090576171875,0
774,LPa.csv#row=774#ctx=3#off=1,774,0,0.090576171875,0
391,LPa.csv#row=391#ctx=3#off=1,391,0,0.090576171875,0
1109,LPa.csv#row=1109#ctx=3#off=1,1109,0,0.090576171875,0
236,LPa.csv#row=236#ctx=3#off=1,236,0,0.090576171875,0
1133,LPa.csv#row=1133#ctx=3#off=1,1133,0,0.090576171875,0
187,LPa.csv#row=187#ctx=3#off=1,187,0,0.090576171875,0
1923,LPa.csv#row=1923#ctx=3#off=1,1923,0,0.090576171875,0
2431,LPa.csv#row=2431#ctx=3#off=1,2431,0,0.090576171875,0
2616,LPa.csv#row=2616#ctx=3#off=1,2616,0,0.090576171875,0
2621,LPa.csv#row=2621#ctx=3#off=1,2621,0,0.090576171875,0
1973,LPa.csv#row=1973#ctx=3#off=1,1973,0,0.090576171875,0
1207,LPa.csv#row=1207#ctx=3#off=1,1207,0,0.090576171875,0
1196,LPa.csv#row=1196#ctx=3#off=1,1196,0,0.090576171875,0
1444,LPa.csv#row=1444#ctx=3#off=1,1444,0,0.090576171875,0
1758,LPa.csv#row=1758#ctx=3#off=1,1758,0,0.090576171875,0
728,LPa.csv#row=728#ctx=3#off=1,728,0,0.090576171875,0
2063,LPa.csv#row=2063#ctx=3#off=1,2063,0,0.090576171875,0
768,LPa.csv#row=768#ctx=3#off=1,768,0,0.090576171875,0
381,LPa.csv#row=381#ctx=3#off=1,381,0,0.090576171875,0
2349,LPa.csv#row=2349#ctx=3#off=1,2349,0,0.090576171875,0
1843,LPa.csv#row=1843#ctx=3#off=1,1843,0,0.090576171875,0
703,LPa.csv#row=703#ctx=3#off=1,703,0,0.090576171875,0
1836,LPa.csv#row=1836#ctx=3#off=1,1836,0,0.090576171875,0
1644,LPa.csv#row=1644#ctx=3#off=1,1644,0,0.090576171875,0
705,LPa.csv#row=705#ctx=3#off=1,705,0,0.090576171875,0
2172,LPa.csv#row=2172#ctx=3#off=1,2172,0,0.090576171875,0
1306,LPa.csv#row=1306#ctx=3#off=1,1306,0,0.090576171875,0
1157,LPa.csv#row=1157#ctx=3#off=1,1157,0,0.090576171875,0
2591,LPa.csv#row=2591#ctx=3#off=1,2591,0,0.090576171875,0
815,LPa.csv#row=815#ctx=3#off=1,815,1,0.090576171875,0
2441,LPa.csv#row=2441#ctx=3#off=1,2441,0,0.090576171875,0
1534,LPa.csv#row=1534#ctx=3#off=1,1534,0,0.090576171875,0
467,LPa.csv#row=467#ctx=3#off=1,467,0,0.090576171875,0
1026,LPa.csv#row=1026#ctx=3#off=1,1026,0,0.090576171875,0
961,LPa.csv#row=961#ctx=3#off=1,961,0,0.090576171875,0
2222,LPa.csv#row=2222#ctx=3#off=1,2222,0,0.090576171875,0
741,LPa.csv#row=741#ctx=3#off=1,741,0,0.090576171875,0
2595,LPa.csv#row=2595#ctx=3#off=1,2595,0,0.090576171875,0
2455,LPa.csv#row=2455#ctx=3#off=1,2455,1,0.95458984375,0
2073,LPa.csv#row=2073#ctx=3#off=1,2073,0,0.090576171875,0
1204,LPa.csv#row=1204#ctx=3#off=1,1204,0,0.090576171875,0
341,LPa.csv#row=341#ctx=3#off=1,341,0,0.090576171875,0
2221,LPa.csv#row=2221#ctx=3#off=1,2221,0,0.090576171875,0
1770,LPa.csv#row=1770#ctx=3#off=1,1770,0,0.090576171875,0
818,LPa.csv#row=818#ctx=3#off=1,818,0,0.090576171875,0
205,LPa.csv#row=205#ctx=3#off=1,205,1,0.98681640625,1
1848,LPa.csv#row=1848#ctx=3#off=1,1848,0,0.090576171875,0
810,LPa.csv#row=810#ctx=3#off=1,810,0,0.090576171875,0
1018,LPa.csv#row=1018#ctx=3#off=1,1018,0,0.090576171875,0
2518,LPa.csv#row=2518#ctx=3#off=1,2518,0,0.090576171875,0
1785,LPa.csv#row=1785#ctx=3#off=1,1785,0,0.090576171875,0
159,LPa.csv#row=159#ctx=3#off=1,159,0,0.090576171875,0
1614,LPa.csv#row=1614#ctx=3#off=1,1614,0,0.090576171875,0
535,LPa.csv#row=535#ctx=3#off=1,535,0,0.090576171875,0
359,LPa.csv#row=359#ctx=3#off=1,359,0,0.090576171875,0
773,LPa.csv#row=773#ctx=3#off=1,773,0,0.090576171875,0
33,LPa.csv#row=33#ctx=3#off=1,33,0,0.84228515625,0
1790,LPa.csv#row=1790#ctx=3#off=1,1790,0,0.090576171875,0
1498,LPa.csv#row=1498#ctx=3#off=1,1498,0,0.090576171875,0
2097,LPa.csv#row=2097#ctx=3#off=1,2097,0,0.090576171875,0
2381,LPa.csv#row=2381#ctx=3#off=1,2381,0,0.090576171875,0
1754,LPa.csv#row=1754#ctx=3#off=1,1754,0,0.090576171875,0
79,LPa.csv#row=79#ctx=3#off=1,79,1,0.98486328125,1
1694,LPa.csv#row=1694#ctx=3#off=1,1694,0,0.090576171875,0
1146,LPa.csv#row=1146#ctx=3#off=1,1146,0,0.090576171875,0
277,LPa.csv#row=277#ctx=3#off=1,277,0,0.090576171875,0
1670,LPa.csv#row=1670#ctx=3#off=1,1670,0,0.090576171875,0
862,LPa.csv#row=862#ctx=3#off=1,862,0,0.090576171875,0
2462,LPa.csv#row=2462#ctx=3#off=1,2462,0,0.090576171875,0
2102,LPa.csv#row=2102#ctx=3#off=1,2102,0,0.090576171875,0
949,LPa.csv#row=949#ctx=3#off=1,949,0,0.090576171875,0
368,LPa.csv#row=368#ctx=3#off=1,368,0,0.090576171875,0
1547,LPa.csv#row=1547#ctx=3#off=1,1547,0,0.090576171875,0
67,LPa.csv#row=67#ctx=3#off=1,67,0,0.70947265625,0
1722,LPa.csv#row=1722#ctx=3#off=1,1722,0,0.8837890625,0
1162,LPa.csv#row=1162#ctx=3#off=1,1162,0,0.090576171875,0
2194,LPa.csv#row=2194#ctx=3#off=1,2194,0,0.090576171875,0
2520,LPa.csv#row=2520#ctx=3#off=1,2520,0,0.090576171875,0
526,LPa.csv#row=526#ctx=3#off=1,526,0,0.090576171875,0
419,LPa.csv#row=419#ctx=3#off=1,419,0,0.090576171875,0
2605,LPa.csv#row=2605#ctx=3#off=1,2605,0,0.090576171875,0
960,LPa.csv#row=960#ctx=3#off=1,960,0,0.090576171875,0
344,LPa.csv#row=344#ctx=3#off=1,344,0,0.090576171875,0
7,LPa.csv#row=7#ctx=3#off=1,7,1,0.9921875,1
1205,LPa.csv#row=1205#ctx=3#off=1,1205,0,0.090576171875,0
1340,LPa.csv#row=1340#ctx=3#off=1,1340,0,0.090576171875,0
1898,LPa.csv#row=1898#ctx=3#off=1,1898,0,0.090576171875,0
885,LPa.csv#row=885#ctx=3#off=1,885,0,0.090576171875,0
1125,LPa.csv#row=1125#ctx=3#off=1,1125,0,0.090576171875,0
1290,LPa.csv#row=1290#ctx=3#off=1,1290,0,0.090576171875,0
2263,LPa.csv#row=2263#ctx=3#off=1,2263,0,0.090576171875,0
1740,LPa.csv#row=1740#ctx=3#off=1,1740,0,0.090576171875,0
1710,LPa.csv#row=1710#ctx=3#off=1,1710,0,0.090576171875,0
1485,LPa.csv#row=1485#ctx=3#off=1,1485,0,0.090576171875,0
1935,LPa.csv#row=1935#ctx=3#off=1,1935,0,0.090576171875,0
995,LPa.csv#row=995#ctx=3#off=1,995,0,0.090576171875,0
1149,LPa.csv#row=1149#ctx=3#off=1,1149,0,0.090576171875,0
2337,LPa.csv#row=2337#ctx=3#off=1,2337,0,0.090576171875,0
2277,LPa.csv#row=2277#ctx=3#off=1,2277,0,0.090576171875,0
2386,LPa.csv#row=2386#ctx=3#off=1,2386,0,0.090576171875,0
1183,LPa.csv#row=1183#ctx=3#off=1,1183,0,0.090576171875,0
638,LPa.csv#row=638#ctx=3#off=1,638,0,0.090576171875,0
250,LPa.csv#row=250#ctx=3#off=1,250,0,0.090576171875,0
492,LPa.csv#row=492#ctx=3#off=1,492,0,0.090576171875,0
688,LPa.csv#row=688#ctx=3#off=1,688,0,0.090576171875,0
659,LPa.csv#row=659#ctx=3#off=1,659,0,0.090576171875,0
556,LPa.csv#row=556#ctx=3#off=1,556,0,0.090576171875,0
215,LPa.csv#row=215#ctx=3#off=1,215,0,0.090576171875,0
2127,LPa.csv#row=2127#ctx=3#off=1,2127,0,0.090576171875,0
98,LPa.csv#row=98#ctx=3#off=1,98,0,0.84228515625,0
1863,LPa.csv#row=1863#ctx=3#off=1,1863,0,0.090576171875,0
957,LPa.csv#row=957#ctx=3#off=1,957,0,0.090576171875,0
555,LPa.csv#row=555#ctx=3#off=1,555,0,0.090576171875,0
2581,LPa.csv#row=2581#ctx=3#off=1,2581,0,0.090576171875,0
1500,LPa.csv#row=1500#ctx=3#off=1,1500,0,0.090576171875,0
2617,LPa.csv#row=2617#ctx=3#off=1,2617,0,0.090576171875,0
834,LPa.csv#row=834#ctx=3#off=1,834,0,0.090576171875,0
1039,LPa.csv#row=1039#ctx=3#off=1,1039,0,0.090576171875,0
929,LPa.csv#row=929#ctx=3#off=1,929,0,0.090576171875,0
691,LPa.csv#row=691#ctx=3#off=1,691,0,0.090576171875,0
969,LPa.csv#row=969#ctx=3#off=1,969,0,0.090576171875,0
1937,LPa.csv#row=1937#ctx=3#off=1,1937,0,0.090576171875,0
1176,LPa.csv#row=1176#ctx=3#off=1,1176,0,0.090576171875,0
1734,LPa.csv#row=1734#ctx=3#off=1,1734,0,0.090576171875,0
2001,LPa.csv#row=2001#ctx=3#off=1,2001,0,0.090576171875,0
285,LPa.csv#row=285#ctx=3#off=1,285,0,0.090576171875,0
921,LPa.csv#row=921#ctx=3#off=1,921,0,0.090576171875,0
262,LPa.csv#row=262#ctx=3#off=1,262,0,0.090576171875,0
380,LPa.csv#row=380#ctx=3#off=1,380,0,0.98681640625,1
2366,LPa.csv#row=2366#ctx=3#off=1,2366,0,0.090576171875,0
510,LPa.csv#row=510#ctx=3#off=1,510,0,0.090576171875,0
2355,LPa.csv#row=2355#ctx=3#off=1,2355,0,0.090576171875,0
2528,LPa.csv#row=2528#ctx=3#off=1,2528,0,0.090576171875,0
1864,LPa.csv#row=1864#ctx=3#off=1,1864,0,0.090576171875,0
952,LPa.csv#row=952#ctx=3#off=1,952,0,0.090576171875,0
488,LPa.csv#row=488#ctx=3#off=1,488,0,0.090576171875,0
297,LPa.csv#row=297#ctx=3#off=1,297,1,0.090576171875,0
270,LPa.csv#row=270#ctx=3#off=1,270,0,0.090576171875,0
441,LPa.csv#row=441#ctx=3#off=1,441,0,0.090576171875,0
2457,LPa.csv#row=2457#ctx=3#off=1,2457,0,0.090576171875,0
308,LPa.csv#row=308#ctx=3#off=1,308,0,0.090576171875,0
729,LPa.csv#row=729#ctx=3#off=1,729,0,0.090576171875,0
5,LPa.csv#row=5#ctx=3#off=1,5,1,0.9716796875,0
766,LPa.csv#row=766#ctx=3#off=1,766,1,0.090576171875,0
2324,LPa.csv#row=2324#ctx=3#off=1,2324,0,0.090576171875,0
2201,LPa.csv#row=2201#ctx=3#off=1,2201,0,0.090576171875,0
1704,LPa.csv#row=1704#ctx=3#off=1,1704,1,0.090576171875,0
1482,LPa.csv#row=1482#ctx=3#off=1,1482,0,0.090576171875,0
1167,LPa.csv#row=1167#ctx=3#off=1,1167,0,0.090576171875,0
1962,LPa.csv#row=1962#ctx=3#off=1,1962,0,0.090576171875,0
2240,LPa.csv#row=2240#ctx=3#off=1,2240,0,0.090576171875,0
2119,LPa.csv#row=2119#ctx=3#off=1,2119,0,0.090576171875,0
115,LPa.csv#row=115#ctx=3#off=1,115,0,0.090576171875,0
283,LPa.csv#row=283#ctx=3#off=1,283,0,0.090576171875,0
1382,LPa.csv#row=1382#ctx=3#off=1,1382,0,0.090576171875,0
430,LPa.csv#row=430#ctx=3#off=1,430,0,0.090576171875,0
642,LPa.csv#row=642#ctx=3#off=1,642,0,0.090576171875,0
147,LPa.csv#row=147#ctx=3#off=1,147,0,0.090576171875,0
1211,LPa.csv#row=1211#ctx=3#off=1,1211,0,0.090576171875,0
562,LPa.csv#row=562#ctx=3#off=1,562,0,0.090576171875,0
680,LPa.csv#row=680#ctx=3#off=1,680,0,0.090576171875,0
53,LPa.csv#row=53#ctx=3#off=1,53,0,0.98828125,1
1452,LPa.csv#row=1452#ctx=3#off=1,1452,0,0.090576171875,0
1797,LPa.csv#row=1797#ctx=3#off=1,1797,0,0.090576171875,0
1774,LPa.csv#row=1774#ctx=3#off=1,1774,0,0.090576171875,0
1235,LPa.csv#row=1235#ctx=3#off=1,1235,0,0.090576171875,0
634,LPa.csv#row=634#ctx=3#off=1,634,0,0.090576171875,0
1684,LPa.csv#row=1684#ctx=3#off=1,1684,0,0.090576171875,0
1245,LPa.csv#row=1245#ctx=3#off=1,1245,0,0.090576171875,0
2400,LPa.csv#row=2400#ctx=3#off=1,2400,0,0.090576171875,0
1063,LPa.csv#row=1063#ctx=3#off=1,1063,0,0.090576171875,0
49,LPa.csv#row=49#ctx=3#off=1,49,0,0.70947265625,0
861,LPa.csv#row=861#ctx=3#off=1,861,0,0.090576171875,0
480,LPa.csv#row=480#ctx=3#off=1,480,0,0.090576171875,0
310,LPa.csv#row=310#ctx=3#off=1,310,0,0.090576171875,0
321,LPa.csv#row=321#ctx=3#off=1,321,0,0.090576171875,0
2627,LPa.csv#row=2627#ctx=3#off=1,2627,0,0.090576171875,0
85,LPa.csv#row=85#ctx=3#off=1,85,0,0.98486328125,1
337,LPa.csv#row=337#ctx=3#off=1,337,0,0.090576171875,0
1447,LPa.csv#row=1447#ctx=3#off=1,1447,0,0.090576171875,0
495,LPa.csv#row=495#ctx=3#off=1,495,0,0.090576171875,0
2189,LPa.csv#row=2189#ctx=3#off=1,2189,0,0.090576171875,0
610,LPa.csv#row=610#ctx=3#off=1,610,0,0.090576171875,0
207,LPa.csv#row=207#ctx=3#off=1,207,0,0.090576171875,0
1169,LPa.csv#row=1169#ctx=3#off=1,1169,0,0.090576171875,0
858,LPa.csv#row=858#ctx=3#off=1,858,0,0.090576171875,0
405,LPa.csv#row=405#ctx=3#off=1,405,0,0.090576171875,0
2243,LPa.csv#row=2243#ctx=3#off=1,2243,0,0.090576171875,0
1925,LPa.csv#row=1925#ctx=3#off=1,1925,0,0.090576171875,0
1099,LPa.csv#row=1099#ctx=3#off=1,1099,0,0.090576171875,0
1815,LPa.csv#row=1815#ctx=3#off=1,1815,0,0.090576171875,0
58,LPa.csv#row=58#ctx=3#off=1,58,1,0.9921875,1
1138,LPa.csv#row=1138#ctx=3#off=1,1138,0,0.090576171875,0
478,LPa.csv#row=478#ctx=3#off=1,478,0,0.090576171875,0
1559,LPa.csv#row=1559#ctx=3#off=1,1559,0,0.090576171875,0
2178,LPa.csv#row=2178#ctx=3#off=1,2178,0,0.090576171875,0
1177,LPa.csv#row=1177#ctx=3#off=1,1177,0,0.090576171875,0
1808,LPa.csv#row=1808#ctx=3#off=1,1808,0,0.090576171875,0
1380,LPa.csv#row=1380#ctx=3#off=1,1380,0,0.090576171875,0
635,LPa.csv#row=635#ctx=3#off=1,635,0,0.090576171875,0
2323,LPa.csv#row=2323#ctx=3#off=1,2323,0,0.090576171875,0
2607,LPa.csv#row=2607#ctx=3#off=1,2607,0,0.090576171875,0
1419,LPa.csv#row=1419#ctx=3#off=1,1419,0,0.090576171875,0
1028,LPa.csv#row=1028#ctx=3#off=1,1028,0,0.090576171875,0
307,LPa.csv#row=307#ctx=3#off=1,307,0,0.090576171875,0
392,LPa.csv#row=392#ctx=3#off=1,392,0,0.090576171875,0
1259,LPa.csv#row=1259#ctx=3#off=1,1259,0,0.090576171875,0
709,LPa.csv#row=709#ctx=3#off=1,709,0,0.090576171875,0
1688,LPa.csv#row=1688#ctx=3#off=1,1688,0,0.090576171875,0
1192,LPa.csv#row=1192#ctx=3#off=1,1192,0,0.090576171875,0
1687,LPa.csv#row=1687#ctx=3#off=1,1687,0,0.090576171875,0
181,LPa.csv#row=181#ctx=3#off=1,181,0,0.090576171875,0
402,LPa.csv#row=402#ctx=3#off=1,402,0,0.090576171875,0
1307,LPa.csv#row=1307#ctx=3#off=1,1307,0,0.090576171875,0
2106,LPa.csv#row=2106#ctx=3#off=1,2106,0,0.090576171875,0
1953,LPa.csv#row=1953#ctx=3#off=1,1953,0,0.090576171875,0
712,LPa.csv#row=712#ctx=3#off=1,712,0,0.090576171875,0
1472,LPa.csv#row=1472#ctx=3#off=1,1472,0,0.090576171875,0
2474,LPa.csv#row=2474#ctx=3#off=1,2474,0,0.090576171875,0
1467,LPa.csv#row=1467#ctx=3#off=1,1467,0,0.090576171875,0
836,LPa.csv#row=836#ctx=3#off=1,836,0,0.090576171875,0
1388,LPa.csv#row=1388#ctx=3#off=1,1388,0,0.090576171875,0
1116,LPa.csv#row=1116#ctx=3#off=1,1116,0,0.090576171875,0
19,LPa.csv#row=19#ctx=3#off=1,19,0,0.9140625,0
771,LPa.csv#row=771#ctx=3#off=1,771,0,0.090576171875,0
1856,LPa.csv#row=1856#ctx=3#off=1,1856,0,0.090576171875,0
65,LPa.csv#row=65#ctx=3#off=1,65,0,0.70947265625,0
658,LPa.csv#row=658#ctx=3#off=1,658,0,0.090576171875,0
1675,LPa.csv#row=1675#ctx=3#off=1,1675,0,0.090576171875,0
505,LPa.csv#row=505#ctx=3#off=1,505,0,0.090576171875,0
1078,LPa.csv#row=1078#ctx=3#off=1,1078,0,0.090576171875,0
2296,LPa.csv#row=2296#ctx=3#off=1,2296,0,0.090576171875,0
1861,LPa.csv#row=1861#ctx=3#off=1,1861,0,0.090576171875,0
119,LPa.csv#row=119#ctx=3#off=1,119,0,0.090576171875,0
777,LPa.csv#row=777#ctx=3#off=1,777,0,0.090576171875,0
273,LPa.csv#row=273#ctx=3#off=1,273,0,0.090576171875,0
1409,LPa.csv#row=1409#ctx=3#off=1,1409,0,0.090576171875,0
30,LPa.csv#row=30#ctx=3#off=1,30,0,0.98828125,1
199,LPa.csv#row=199#ctx=3#off=1,199,0,0.090576171875,0
353,LPa.csv#row=353#ctx=3#off=1,353,0,0.090576171875,0
1449,LPa.csv#row=1449#ctx=3#off=1,1449,0,0.090576171875,0
1234,LPa.csv#row=1234#ctx=3#off=1,1234,0,0.090576171875,0
617,LPa.csv#row=617#ctx=3#off=1,617,0,0.090576171875,0
512,LPa.csv#row=512#ctx=3#off=1,512,0,0.090576171875,0
1840,LPa.csv#row=1840#ctx=3#off=1,1840,0,0.090576171875,0
357,LPa.csv#row=357#ctx=3#off=1,357,0,0.090576171875,0
2071,LPa.csv#row=2071#ctx=3#off=1,2071,0,0.090576171875,0
723,LPa.csv#row=723#ctx=3#off=1,723,0,0.090576171875,0
2357,LPa.csv#row=2357#ctx=3#off=1,2357,0,0.090576171875,0
2348,LPa.csv#row=2348#ctx=3#off=1,2348,0,0.090576171875,0
2181,LPa.csv#row=2181#ctx=3#off=1,2181,0,0.090576171875,0
2470,LPa.csv#row=2470#ctx=3#off=1,2470,0,0.090576171875,0
2070,LPa.csv#row=2070#ctx=3#off=1,2070,0,0.090576171875,0
1410,LPa.csv#row=1410#ctx=3#off=1,1410,0,0.090576171875,0
1021,LPa.csv#row=1021#ctx=3#off=1,1021,0,0.090576171875,0
2045,LPa.csv#row=2045#ctx=3#off=1,2045,0,0.090576171875,0
2252,LPa.csv#row=2252#ctx=3#off=1,2252,0,0.090576171875,0
2422,LPa.csv#row=2422#ctx=3#off=1,2422,1,0.98681640625,1
517,LPa.csv#row=517#ctx=3#off=1,517,0,0.090576171875,0
1626,LPa.csv#row=1626#ctx=3#off=1,1626,0,0.090576171875,0
24,LPa.csv#row=24#ctx=3#off=1,24,0,0.9140625,0
906,LPa.csv#row=906#ctx=3#off=1,906,0,0.090576171875,0
1311,LPa.csv#row=1311#ctx=3#off=1,1311,0,0.090576171875,0
1392,LPa.csv#row=1392#ctx=3#off=1,1392,0,0.090576171875,0
264,LPa.csv#row=264#ctx=3#off=1,264,0,0.090576171875,0
879,LPa.csv#row=879#ctx=3#off=1,879,0,0.090576171875,0
982,LPa.csv#row=982#ctx=3#off=1,982,0,0.090576171875,0
1231,LPa.csv#row=1231#ctx=3#off=1,1231,0,0.090576171875,0
1210,LPa.csv#row=1210#ctx=3#off=1,1210,0,0.090576171875,0
390,LPa.csv#row=390#ctx=3#off=1,390,0,0.090576171875,0
1226,LPa.csv#row=1226#ctx=3#off=1,1226,0,0.090576171875,0
1877,LPa.csv#row=1877#ctx=3#off=1,1877,0,0.090576171875,0
2012,LPa.csv#row=2012#ctx=3#off=1,2012,0,0.090576171875,0
620,LPa.csv#row=620#ctx=3#off=1,620,0,0.090576171875,0
12,LPa.csv#row=12#ctx=3#off=1,12,1,0.98828125,1
1496,LPa.csv#row=1496#ctx=3#off=1,1496,0,0.090576171875,0
81,LPa.csv#row=81#ctx=3#off=1,81,0,0.70947265625,0
111,LPa.csv#row=111#ctx=3#off=1,111,0,0.090576171875,0
1627,LPa.csv#row=1627#ctx=3#off=1,1627,0,0.090576171875,0
1612,LPa.csv#row=1612#ctx=3#off=1,1612,0,0.090576171875,0
434,LPa.csv#row=434#ctx=3#off=1,434,0,0.090576171875,0
1748,LPa.csv#row=1748#ctx=3#off=1,1748,0,0.090576171875,0
1579,LPa.csv#row=1579#ctx=3#off=1,1579,0,0.090576171875,0
2629,LPa.csv#row=2629#ctx=3#off=1,2629,0,0.090576171875,0
702,LPa.csv#row=702#ctx=3#off=1,702,0,0.090576171875,0
2188,LPa.csv#row=2188#ctx=3#off=1,2188,0,0.090576171875,0
736,LPa.csv#row=736#ctx=3#off=1,736,0,0.090576171875,0
1991,LPa.csv#row=1991#ctx=3#off=1,1991,0,0.090576171875,0
100,LPa.csv#row=100#ctx=3#off=1,100,0,0.84228515625,0
689,LPa.csv#row=689#ctx=3#off=1,689,0,0.090576171875,0
2361,LPa.csv#row=2361#ctx=3#off=1,2361,0,0.090576171875,0
1240,LPa.csv#row=1240#ctx=3#off=1,1240,0,0.090576171875,0
2513,LPa.csv#row=2513#ctx=3#off=1,2513,1,0.090576171875,0
549,LPa.csv#row=549#ctx=3#off=1,549,0,0.090576171875,0
1218,LPa.csv#row=1218#ctx=3#off=1,1218,1,0.98681640625,1
1032,LPa.csv#row=1032#ctx=3#off=1,1032,0,0.090576171875,0
2117,LPa.csv#row=2117#ctx=3#off=1,2117,0,0.090576171875,0
945,LPa.csv#row=945#ctx=3#off=1,945,0,0.090576171875,0
1274,LPa.csv#row=1274#ctx=3#off=1,1274,0,0.090576171875,0
2338,LPa.csv#row=2338#ctx=3#off=1,2338,0,0.090576171875,0
1865,LPa.csv#row=1865#ctx=3#off=1,1865,0,0.090576171875,0
2207,LPa.csv#row=2207#ctx=3#off=1,2207,0,0.090576171875,0
831,LPa.csv#row=831#ctx=3#off=1,831,0,0.090576171875,0
1417,LPa.csv#row=1417#ctx=3#off=1,1417,0,0.090576171875,0
320,LPa.csv#row=320#ctx=3#off=1,320,0,0.090576171875,0
662,LPa.csv#row=662#ctx=3#off=1,662,0,0.090576171875,0
1179,LPa.csv#row=1179#ctx=3#off=1,1179,0,0.090576171875,0
2524,LPa.csv#row=2524#ctx=3#off=1,2524,0,0.090576171875,0
239,LPa.csv#row=239#ctx=3#off=1,239,0,0.090576171875,0
282,LPa.csv#row=282#ctx=3#off=1,282,0,0.090576171875,0
355,LPa.csv#row=355#ctx=3#off=1,355,0,0.090576171875,0
2295,LPa.csv#row=2295#ctx=3#off=1,2295,0,0.090576171875,0
762,LPa.csv#row=762#ctx=3#off=1,762,0,0.090576171875,0
1279,LPa.csv#row=1279#ctx=3#off=1,1279,0,0.090576171875,0
1744,LPa.csv#row=1744#ctx=3#off=1,1744,0,0.090576171875,0
1743,LPa.csv#row=1743#ctx=3#off=1,1743,0,0.090576171875,0
1199,LPa.csv#row=1199#ctx=3#off=1,1199,0,0.090576171875,0
1217,LPa.csv#row=1217#ctx=3#off=1,1217,0,0.090576171875,0
935,LPa.csv#row=935#ctx=3#off=1,935,0,0.090576171875,0
1692,LPa.csv#row=1692#ctx=3#off=1,1692,0,0.090576171875,0
713,LPa.csv#row=713#ctx=3#off=1,713,0,0.090576171875,0
1293,LPa.csv#row=1293#ctx=3#off=1,1293,0,0.090576171875,0
2179,LPa.csv#row=2179#ctx=3#off=1,2179,0,0.090576171875,0
621,LPa.csv#row=621#ctx=3#off=1,621,0,0.090576171875,0
157,LPa.csv#row=157#ctx=3#off=1,157,0,0.090576171875,0
970,LPa.csv#row=970#ctx=3#off=1,970,0,0.090576171875,0
1229,LPa.csv#row=1229#ctx=3#off=1,1229,0,0.090576171875,0
694,LPa.csv#row=694#ctx=3#off=1,694,0,0.090576171875,0
1197,LPa.csv#row=1197#ctx=3#off=1,1197,0,0.090576171875,0
983,LPa.csv#row=983#ctx=3#off=1,983,0,0.090576171875,0
839,LPa.csv#row=839#ctx=3#off=1,839,0,0.090576171875,0
1990,LPa.csv#row=1990#ctx=3#off=1,1990,0,0.090576171875,0
421,LPa.csv#row=421#ctx=3#off=1,421,0,0.090576171875,0
901,LPa.csv#row=901#ctx=3#off=1,901,0,0.090576171875,0
1283,LPa.csv#row=1283#ctx=3#off=1,1283,0,0.090576171875,0
1351,LPa.csv#row=1351#ctx=3#off=1,1351,0,0.090576171875,0
1112,LPa.csv#row=1112#ctx=3#off=1,1112,0,0.090576171875,0
2272,LPa.csv#row=2272#ctx=3#off=1,2272,0,0.090576171875,0
1422,LPa.csv#row=1422#ctx=3#off=1,1422,0,0.090576171875,0
2000,LPa.csv#row=2000#ctx=3#off=1,2000,0,0.090576171875,0
1814,LPa.csv#row=1814#ctx=3#off=1,1814,0,0.090576171875,0
194,LPa.csv#row=194#ctx=3#off=1,194,0,0.090576171875,0
1905,LPa.csv#row=1905#ctx=3#off=1,1905,0,0.090576171875,0
1023,LPa.csv#row=1023#ctx=3#off=1,1023,0,0.090576171875,0
1429,LPa.csv#row=1429#ctx=3#off=1,1429,0,0.090576171875,0
695,LPa.csv#row=695#ctx=3#off=1,695,0,0.090576171875,0
1270,LPa.csv#row=1270#ctx=3#off=1,1270,0,0.090576171875,0
276,LPa.csv#row=276#ctx=3#off=1,276,0,0.090576171875,0
112,LPa.csv#row=112#ctx=3#off=1,112,0,0.090576171875,0
1253,LPa.csv#row=1253#ctx=3#off=1,1253,0,0.090576171875,0
1035,LPa.csv#row=1035#ctx=3#off=1,1035,0,0.090576171875,0
823,LPa.csv#row=823#ctx=3#off=1,823,0,0.090576171875,0
1052,LPa.csv#row=1052#ctx=3#off=1,1052,0,0.090576171875,0
2064,LPa.csv#row=2064#ctx=3#off=1,2064,0,0.090576171875,0
1874,LPa.csv#row=1874#ctx=3#off=1,1874,0,0.090576171875,0
2590,LPa.csv#row=2590#ctx=3#off=1,2590,0,0.090576171875,0
393,LPa.csv#row=393#ctx=3#off=1,393,0,0.090576171875,0
1508,LPa.csv#row=1508#ctx=3#off=1,1508,0,0.090576171875,0
1362,LPa.csv#row=1362#ctx=3#off=1,1362,0,0.090576171875,0
1086,LPa.csv#row=1086#ctx=3#off=1,1086,0,0.090576171875,0
2635,LPa.csv#row=2635#ctx=3#off=1,2635,0,0.090576171875,0
646,LPa.csv#row=646#ctx=3#off=1,646,0,0.090576171875,0
784,LPa.csv#row=784#ctx=3#off=1,784,0,0.090576171875,0
909,LPa.csv#row=909#ctx=3#off=1,909,1,0.090576171875,0
779,LPa.csv#row=779#ctx=3#off=1,779,0,0.090576171875,0
1538,LPa.csv#row=1538#ctx=3#off=1,1538,0,0.090576171875,0
2542,LPa.csv#row=2542#ctx=3#off=1,2542,0,0.090576171875,0
989,LPa.csv#row=989#ctx=3#off=1,989,0,0.090576171875,0
1674,LPa.csv#row=1674#ctx=3#off=1,1674,0,0.090576171875,0
2332,LPa.csv#row=2332#ctx=3#off=1,2332,0,0.090576171875,0
1185,LPa.csv#row=1185#ctx=3#off=1,1185,0,0.090576171875,0
2376,LPa.csv#row=2376#ctx=3#off=1,2376,0,0.090576171875,0
1495,LPa.csv#row=1495#ctx=3#off=1,1495,0,0.090576171875,0
2274,LPa.csv#row=2274#ctx=3#off=1,2274,0,0.090576171875,0
974,LPa.csv#row=974#ctx=3#off=1,974,0,0.090576171875,0
2297,LPa.csv#row=2297#ctx=3#off=1,2297,0,0.090576171875,0
2360,LPa.csv#row=2360#ctx=3#off=1,2360,0,0.090576171875,0
843,LPa.csv#row=843#ctx=3#off=1,843,0,0.090576171875,0
2598,LPa.csv#row=2598#ctx=3#off=1,2598,0,0.090576171875,0
423,LPa.csv#row=423#ctx=3#off=1,423,0,0.090576171875,0
197,LPa.csv#row=197#ctx=3#off=1,197,0,0.090576171875,0
1562,LPa.csv#row=1562#ctx=3#off=1,1562,0,0.090576171875,0
1757,LPa.csv#row=1757#ctx=3#off=1,1757,0,0.090576171875,0
132,LPa.csv#row=132#ctx=3#off=1,132,0,0.090576171875,0
1713,LPa.csv#row=1713#ctx=3#off=1,1713,0,0.090576171875,0
1933,LPa.csv#row=1933#ctx=3#off=1,1933,0,0.090576171875,0
304,LPa.csv#row=304#ctx=3#off=1,304,0,0.090576171875,0
1607,LPa.csv#row=1607#ctx=3#off=1,1607,0,0.090576171875,0
842,LPa.csv#row=842#ctx=3#off=1,842,0,0.090576171875,0
1053,LPa.csv#row=1053#ctx=3#off=1,1053,0,0.090576171875,0
2333,LPa.csv#row=2333#ctx=3#off=1,2333,0,0.090576171875,0
1727,LPa.csv#row=1727#ctx=3#off=1,1727,0,0.090576171875,0
367,LPa.csv#row=367#ctx=3#off=1,367,0,0.090576171875,0
2230,LPa.csv#row=2230#ctx=3#off=1,2230,0,0.090576171875,0
860,LPa.csv#row=860#ctx=3#off=1,860,0,0.090576171875,0
2021,LPa.csv#row=2021#ctx=3#off=1,2021,0,0.090576171875,0
2594,LPa.csv#row=2594#ctx=3#off=1,2594,0,0.090576171875,0
1127,LPa.csv#row=1127#ctx=3#off=1,1127,0,0.090576171875,0
1615,LPa.csv#row=1615#ctx=3#off=1,1615,0,0.090576171875,0
1137,LPa.csv#row=1137#ctx=3#off=1,1137,0,0.090576171875,0
809,LPa.csv#row=809#ctx=3#off=1,809,0,0.090576171875,0
2342,LPa.csv#row=2342#ctx=3#off=1,2342,0,0.090576171875,0
1806,LPa.csv#row=1806#ctx=3#off=1,1806,0,0.090576171875,0
73,LPa.csv#row=73#ctx=3#off=1,73,1,0.70947265625,0
2232,LPa.csv#row=2232#ctx=3#off=1,2232,0,0.090576171875,0
476,LPa.csv#row=476#ctx=3#off=1,476,0,0.090576171875,0
927,LPa.csv#row=927#ctx=3#off=1,927,0,0.090576171875,0
1956,LPa.csv#row=1956#ctx=3#off=1,1956,0,0.090576171875,0
2120,LPa.csv#row=2120#ctx=3#off=1,2120,0,0.090576171875,0
943,LPa.csv#row=943#ctx=3#off=1,943,0,0.090576171875,0
1733,LPa.csv#row=1733#ctx=3#off=1,1733,0,0.090576171875,0
160,LPa.csv#row=160#ctx=3#off=1,160,0,0.090576171875,0
866,LPa.csv#row=866#ctx=3#off=1,866,0,0.090576171875,0
1565,LPa.csv#row=1565#ctx=3#off=1,1565,0,0.090576171875,0
169,LPa.csv#row=169#ctx=3#off=1,169,0,0.090576171875,0
536,LPa.csv#row=536#ctx=3#off=1,536,0,0.090576171875,0
2174,LPa.csv#row=2174#ctx=3#off=1,2174,0,0.090576171875,0
2326,LPa.csv#row=2326#ctx=3#off=1,2326,0,0.090576171875,0
2215,LPa.csv#row=2215#ctx=3#off=1,2215,0,0.090576171875,0
604,LPa.csv#row=604#ctx=3#off=1,604,0,0.090576171875,0
1425,LPa.csv#row=1425#ctx=3#off=1,1425,0,0.090576171875,0
178,LPa.csv#row=178#ctx=3#off=1,178,0,0.090576171875,0
787,LPa.csv#row=787#ctx=3#off=1,787,0,0.090576171875,0
1841,LPa.csv#row=1841#ctx=3#off=1,1841,0,0.090576171875,0
2417,LPa.csv#row=2417#ctx=3#off=1,2417,0,0.090576171875,0
2495,LPa.csv#row=2495#ctx=3#off=1,2495,0,0.090576171875,0
1934,LPa.csv#row=1934#ctx=3#off=1,1934,0,0.090576171875,0
1999,LPa.csv#row=1999#ctx=3#off=1,1999,0,0.090576171875,0
2171,LPa.csv#row=2171#ctx=3#off=1,2171,0,0.090576171875,0
2177,LPa.csv#row=2177#ctx=3#off=1,2177,0,0.090576171875,0
643,LPa.csv#row=643#ctx=3#off=1,643,0,0.090576171875,0
2570,LPa.csv#row=2570#ctx=3#off=1,2570,0,0.090576171875,0
32,LPa.csv#row=32#ctx=3#off=1,32,0,0.994140625,1
294,LPa.csv#row=294#ctx=3#off=1,294,0,0.99169921875,1
979,LPa.csv#row=979#ctx=3#off=1,979,0,0.090576171875,0
1780,LPa.csv#row=1780#ctx=3#off=1,1780,0,0.090576171875,0
1918,LPa.csv#row=1918#ctx=3#off=1,1918,0,0.090576171875,0
458,LPa.csv#row=458#ctx=3#off=1,458,0,0.090576171875,0
1332,LPa.csv#row=1332#ctx=3#off=1,1332,0,0.090576171875,0
2516,LPa.csv#row=2516#ctx=3#off=1,2516,0,0.8837890625,0
1319,LPa.csv#row=1319#ctx=3#off=1,1319,0,0.090576171875,0
651,LPa.csv#row=651#ctx=3#off=1,651,0,0.090576171875,0
471,LPa.csv#row=471#ctx=3#off=1,471,0,0.090576171875,0
1665,LPa.csv#row=1665#ctx=3#off=1,1665,0,0.090576171875,0
46,LPa.csv#row=46#ctx=3#off=1,46,0,0.70947265625,0
2413,LPa.csv#row=2413#ctx=3#off=1,2413,0,0.090576171875,0
981,LPa.csv#row=981#ctx=3#off=1,981,0,0.090576171875,0
1503,LPa.csv#row=1503#ctx=3#off=1,1503,0,0.090576171875,0
1834,LPa.csv#row=1834#ctx=3#off=1,1834,0,0.090576171875,0
172,LPa.csv#row=172#ctx=3#off=1,172,0,0.090576171875,0
1103,LPa.csv#row=1103#ctx=3#off=1,1103,0,0.090576171875,0
2599,LPa.csv#row=2599#ctx=3#off=1,2599,0,0.090576171875,0
533,LPa.csv#row=533#ctx=3#off=1,533,0,0.090576171875,0
869,LPa.csv#row=869#ctx=3#off=1,869,0,0.090576171875,0
1097,LPa.csv#row=1097#ctx=3#off=1,1097,0,0.090576171875,0
203,LPa.csv#row=203#ctx=3#off=1,203,0,0.090576171875,0
657,LPa.csv#row=657#ctx=3#off=1,657,0,0.090576171875,0
399,LPa.csv#row=399#ctx=3#off=1,399,0,0.090576171875,0
552,LPa.csv#row=552#ctx=3#off=1,552,0,0.090576171875,0
1178,LPa.csv#row=1178#ctx=3#off=1,1178,0,0.090576171875,0
1531,LPa.csv#row=1531#ctx=3#off=1,1531,0,0.090576171875,0
253,LPa.csv#row=253#ctx=3#off=1,253,0,0.090576171875,0
1651,LPa.csv#row=1651#ctx=3#off=1,1651,0,0.090576171875,0
1264,LPa.csv#row=1264#ctx=3#off=1,1264,0,0.090576171875,0
1955,LPa.csv#row=1955#ctx=3#off=1,1955,0,0.090576171875,0
2614,LPa.csv#row=2614#ctx=3#off=1,2614,0,0.090576171875,0
1247,LPa.csv#row=1247#ctx=3#off=1,1247,0,0.090576171875,0
1829,LPa.csv#row=1829#ctx=3#off=1,1829,0,0.090576171875,0
1696,LPa.csv#row=1696#ctx=3#off=1,1696,0,0.090576171875,0
1731,LPa.csv#row=1731#ctx=3#off=1,1731,0,0.090576171875,0
2626,LPa.csv#row=2626#ctx=3#off=1,2626,0,0.090576171875,0
91,LPa.csv#row=91#ctx=3#off=1,91,0,0.70947265625,0
2081,LPa.csv#row=2081#ctx=3#off=1,2081,0,0.090576171875,0
761,LPa.csv#row=761#ctx=3#off=1,761,0,0.090576171875,0
1223,LPa.csv#row=1223#ctx=3#off=1,1223,0,0.090576171875,0
721,LPa.csv#row=721#ctx=3#off=1,721,0,0.090576171875,0
2200,LPa.csv#row=2200#ctx=3#off=1,2200,0,0.090576171875,0
2559,LPa.csv#row=2559#ctx=3#off=1,2559,0,0.090576171875,0
1891,LPa.csv#row=1891#ctx=3#off=1,1891,0,0.090576171875,0
2111,LPa.csv#row=2111#ctx=3#off=1,2111,0,0.090576171875,0
585,LPa.csv#row=585#ctx=3#off=1,585,0,0.090576171875,0
1888,LPa.csv#row=1888#ctx=3#off=1,1888,0,0.090576171875,0
2340,LPa.csv#row=2340#ctx=3#off=1,2340,0,0.090576171875,0
2058,LPa.csv#row=2058#ctx=3#off=1,2058,0,0.090576171875,0
473,LPa.csv#row=473#ctx=3#off=1,473,0,0.090576171875,0
290,LPa.csv#row=290#ctx=3#off=1,290,0,0.99169921875,1
951,LPa.csv#row=951#ctx=3#off=1,951,0,0.090576171875,0
1027,LPa.csv#row=1027#ctx=3#off=1,1027,0,0.090576171875,0
349,LPa.csv#row=349#ctx=3#off=1,349,0,0.090576171875,0
2350,LPa.csv#row=2350#ctx=3#off=1,2350,0,0.090576171875,0
1728,LPa.csv#row=1728#ctx=3#off=1,1728,0,0.090576171875,0
2130,LPa.csv#row=2130#ctx=3#off=1,2130,0,0.090576171875,0
1837,LPa.csv#row=1837#ctx=3#off=1,1837,0,0.090576171875,0
40,LPa.csv#row=40#ctx=3#off=1,40,0,0.95654296875,0
1702,LPa.csv#row=1702#ctx=3#off=1,1702,0,0.090576171875,0
832,LPa.csv#row=832#ctx=3#off=1,832,0,0.090576171875,0
200,LPa.csv#row=200#ctx=3#off=1,200,0,0.090576171875,0
640,LPa.csv#row=640#ctx=3#off=1,640,0,0.090576171875,0
1504,LPa.csv#row=1504#ctx=3#off=1,1504,0,0.090576171875,0
1364,LPa.csv#row=1364#ctx=3#off=1,1364,0,0.090576171875,0
878,LPa.csv#row=878#ctx=3#off=1,878,0,0.090576171875,0
2023,LPa.csv#row=2023#ctx=3#off=1,2023,0,0.090576171875,0
641,LPa.csv#row=641#ctx=3#off=1,641,0,0.090576171875,0
2317,LPa.csv#row=2317#ctx=3#off=1,2317,0,0.090576171875,0
1870,LPa.csv#row=1870#ctx=3#off=1,1870,0,0.090576171875,0
2523,LPa.csv#row=2523#ctx=3#off=1,2523,0,0.99169921875,1
2238,LPa.csv#row=2238#ctx=3#off=1,2238,0,0.090576171875,0
581,LPa.csv#row=581#ctx=3#off=1,581,0,0.090576171875,0
2407,LPa.csv#row=2407#ctx=3#off=1,2407,0,0.090576171875,0
881,LPa.csv#row=881#ctx=3#off=1,881,0,0.090576171875,0
2060,LPa.csv#row=2060#ctx=3#off=1,2060,0,0.090576171875,0
142,LPa.csv#row=142#ctx=3#off=1,142,0,0.090576171875,0
68,LPa.csv#row=68#ctx=3#off=1,68,0,0.70947265625,0
11,LPa.csv#row=11#ctx=3#off=1,11,0,0.9140625,0
1002,LPa.csv#row=1002#ctx=3#off=1,1002,0,0.090576171875,0
2378,LPa.csv#row=2378#ctx=3#off=1,2378,0,0.090576171875,0
1170,LPa.csv#row=1170#ctx=3#off=1,1170,0,0.090576171875,0
1346,LPa.csv#row=1346#ctx=3#off=1,1346,0,0.090576171875,0
1693,LPa.csv#row=1693#ctx=3#off=1,1693,0,0.090576171875,0
1312,LPa.csv#row=1312#ctx=3#off=1,1312,0,0.090576171875,0
2010,LPa.csv#row=2010#ctx=3#off=1,2010,0,0.090576171875,0
931,LPa.csv#row=931#ctx=3#off=1,931,0,0.090576171875,0
1345,LPa.csv#row=1345#ctx=3#off=1,1345,0,0.090576171875,0
1155,LPa.csv#row=1155#ctx=3#off=1,1155,0,0.090576171875,0
1208,LPa.csv#row=1208#ctx=3#off=1,1208,0,0.090576171875,0
986,LPa.csv#row=986#ctx=3#off=1,986,0,0.090576171875,0
139,LPa.csv#row=139#ctx=3#off=1,139,0,0.090576171875,0
1655,LPa.csv#row=1655#ctx=3#off=1,1655,0,0.090576171875,0
1737,LPa.csv#row=1737#ctx=3#off=1,1737,0,0.090576171875,0
2497,LPa.csv#row=2497#ctx=3#off=1,2497,0,0.090576171875,0
63,LPa.csv#row=63#ctx=3#off=1,63,0,0.70947265625,0
1777,LPa.csv#row=1777#ctx=3#off=1,1777,0,0.090576171875,0
2352,LPa.csv#row=2352#ctx=3#off=1,2352,0,0.090576171875,0
509,LPa.csv#row=509#ctx=3#off=1,509,0,0.090576171875,0
2436,LPa.csv#row=2436#ctx=3#off=1,2436,0,0.090576171875,0
1366,LPa.csv#row=1366#ctx=3#off=1,1366,0,0.090576171875,0
1679,LPa.csv#row=1679#ctx=3#off=1,1679,0,0.090576171875,0
1979,LPa.csv#row=1979#ctx=3#off=1,1979,0,0.090576171875,0
1703,LPa.csv#row=1703#ctx=3#off=1,1703,0,0.090576171875,0
1662,LPa.csv#row=1662#ctx=3#off=1,1662,0,0.090576171875,0
2300,LPa.csv#row=2300#ctx=3#off=1,2300,0,0.090576171875,0
18,LPa.csv#row=18#ctx=3#off=1,18,0,0.9140625,0
130,LPa.csv#row=130#ctx=3#off=1,130,0,0.090576171875,0
226,LPa.csv#row=226#ctx=3#off=1,226,0,0.090576171875,0
31,LPa.csv#row=31#ctx=3#off=1,31,1,0.994140625,1
2287,LPa.csv#row=2287#ctx=3#off=1,2287,0,0.090576171875,0
1590,LPa.csv#row=1590#ctx=3#off=1,1590,0,0.090576171875,0
499,LPa.csv#row=499#ctx=3#off=1,499,0,0.090576171875,0
1227,LPa.csv#row=1227#ctx=3#off=1,1227,0,0.090576171875,0
1816,LPa.csv#row=1816#ctx=3#off=1,1816,0,0.090576171875,0
135,LPa.csv#row=135#ctx=3#off=1,135,0,0.090576171875,0
896,LPa.csv#row=896#ctx=3#off=1,896,0,0.090576171875,0
1019,LPa.csv#row=1019#ctx=3#off=1,1019,0,0.090576171875,0
1867,LPa.csv#row=1867#ctx=3#off=1,1867,0,0.090576171875,0
1908,LPa.csv#row=1908#ctx=3#off=1,1908,0,0.090576171875,0
99,LPa.csv#row=99#ctx=3#off=1,99,0,0.84228515625,0
865,LPa.csv#row=865#ctx=3#off=1,865,0,0.090576171875,0
962,LPa.csv#row=962#ctx=3#off=1,962,0,0.090576171875,0
2038,LPa.csv#row=2038#ctx=3#off=1,2038,0,0.090576171875,0
2092,LPa.csv#row=2092#ctx=3#off=1,2092,0,0.8837890625,0
192,LPa.csv#row=192#ctx=3#off=1,192,0,0.090576171875,0
120,LPa.csv#row=120#ctx=3#off=1,120,0,0.090576171875,0
840,LPa.csv#row=840#ctx=3#off=1,840,0,0.090576171875,0
2046,LPa.csv#row=2046#ctx=3#off=1,2046,0,0.090576171875,0
2254,LPa.csv#row=2254#ctx=3#off=1,2254,0,0.090576171875,0
1428,LPa.csv#row=1428#ctx=3#off=1,1428,0,0.090576171875,0
376,LPa.csv#row=376#ctx=3#off=1,376,1,0.99169921875,1
1150,LPa.csv#row=1150#ctx=3#off=1,1150,0,0.090576171875,0
1101,LPa.csv#row=1101#ctx=3#off=1,1101,0,0.090576171875,0
260,LPa.csv#row=260#ctx=3#off=1,260,0,0.090576171875,0
252,LPa.csv#row=252#ctx=3#off=1,252,0,0.090576171875,0
1415,LPa.csv#row=1415#ctx=3#off=1,1415,0,0.090576171875,0
177,LPa.csv#row=177#ctx=3#off=1,177,0,0.090576171875,0
2160,LPa.csv#row=2160#ctx=3#off=1,2160,0,0.090576171875,0
2132,LPa.csv#row=2132#ctx=3#off=1,2132,0,0.090576171875,0
1386,LPa.csv#row=1386#ctx=3#off=1,1386,0,0.090576171875,0
1930,LPa.csv#row=1930#ctx=3#off=1,1930,0,0.090576171875,0
1646,LPa.csv#row=1646#ctx=3#off=1,1646,0,0.090576171875,0
2507,LPa.csv#row=2507#ctx=3#off=1,2507,0,0.090576171875,0
1128,LPa.csv#row=1128#ctx=3#off=1,1128,0,0.090576171875,0
1473,LPa.csv#row=1473#ctx=3#off=1,1473,0,0.090576171875,0
904,LPa.csv#row=904#ctx=3#off=1,904,0,0.090576171875,0
2186,LPa.csv#row=2186#ctx=3#off=1,2186,0,0.090576171875,0
883,LPa.csv#row=883#ctx=3#off=1,883,0,0.090576171875,0
593,LPa.csv#row=593#ctx=3#off=1,593,0,0.090576171875,0
412,LPa.csv#row=412#ctx=3#off=1,412,0,0.090576171875,0
1831,LPa.csv#row=1831#ctx=3#off=1,1831,0,0.090576171875,0
2636,LPa.csv#row=2636#ctx=3#off=1,2636,0,0.090576171875,0
2543,LPa.csv#row=2543#ctx=3#off=1,2543,0,0.090576171875,0
1919,LPa.csv#row=1919#ctx=3#off=1,1919,0,0.090576171875,0
1896,LPa.csv#row=1896#ctx=3#off=1,1896,0,0.090576171875,0
1886,LPa.csv#row=1886#ctx=3#off=1,1886,0,0.090576171875,0
1166,LPa.csv#row=1166#ctx=3#off=1,1166,0,0.090576171875,0
2435,LPa.csv#row=2435#ctx=3#off=1,2435,0,0.98681640625,1
2579,LPa.csv#row=2579#ctx=3#off=1,2579,0,0.090576171875,0
1522,LPa.csv#row=1522#ctx=3#off=1,1522,0,0.090576171875,0
900,LPa.csv#row=900#ctx=3#off=1,900,0,0.090576171875,0
37,LPa.csv#row=37#ctx=3#off=1,37,0,0.70947265625,0
2637,LPa.csv#row=2637#ctx=3#off=1,2637,0,0.090576171875,0
2498,LPa.csv#row=2498#ctx=3#off=1,2498,0,0.090576171875,0
1564,LPa.csv#row=1564#ctx=3#off=1,1564,0,0.090576171875,0
105,LPa.csv#row=105#ctx=3#off=1,105,0,0.70947265625,0
2218,LPa.csv#row=2218#ctx=3#off=1,2218,0,0.090576171875,0
1134,LPa.csv#row=1134#ctx=3#off=1,1134,0,0.090576171875,0
2253,LPa.csv#row=2253#ctx=3#off=1,2253,0,0.090576171875,0
1069,LPa.csv#row=1069#ctx=3#off=1,1069,0,0.090576171875,0
143,LPa.csv#row=143#ctx=3#off=1,143,0,0.090576171875,0
590,LPa.csv#row=590#ctx=3#off=1,590,0,0.090576171875,0
1617,LPa.csv#row=1617#ctx=3#off=1,1617,0,0.090576171875,0
490,LPa.csv#row=490#ctx=3#off=1,490,0,0.090576171875,0
1297,LPa.csv#row=1297#ctx=3#off=1,1297,0,0.090576171875,0
417,LPa.csv#row=417#ctx=3#off=1,417,0,0.090576171875,0
697,LPa.csv#row=697#ctx=3#off=1,697,0,0.090576171875,0
978,LPa.csv#row=978#ctx=3#off=1,978,0,0.090576171875,0
2239,LPa.csv#row=2239#ctx=3#off=1,2239,0,0.090576171875,0
464,LPa.csv#row=464#ctx=3#off=1,464,0,0.090576171875,0
1421,LPa.csv#row=1421#ctx=3#off=1,1421,0,0.090576171875,0
289,LPa.csv#row=289#ctx=3#off=1,289,0,0.99658203125,1
146,LPa.csv#row=146#ctx=3#off=1,146,0,0.090576171875,0
164,LPa.csv#row=164#ctx=3#off=1,164,0,0.090576171875,0
84,LPa.csv#row=84#ctx=3#off=1,84,0,0.70947265625,0
1317,LPa.csv#row=1317#ctx=3#off=1,1317,0,0.090576171875,0
1144,LPa.csv#row=1144#ctx=3#off=1,1144,0,0.090576171875,0
2555,LPa.csv#row=2555#ctx=3#off=1,2555,0,0.95458984375,0
2545,LPa.csv#row=2545#ctx=3#off=1,2545,0,0.090576171875,0
1272,LPa.csv#row=1272#ctx=3#off=1,1272,0,0.090576171875,0
1893,LPa.csv#row=1893#ctx=3#off=1,1893,0,0.090576171875,0
1643,LPa.csv#row=1643#ctx=3#off=1,1643,1,0.090576171875,0
522,LPa.csv#row=522#ctx=3#off=1,522,0,0.090576171875,0
2511,LPa.csv#row=2511#ctx=3#off=1,2511,0,0.090576171875,0
1089,LPa.csv#row=1089#ctx=3#off=1,1089,0,0.090576171875,0
2247,LPa.csv#row=2247#ctx=3#off=1,2247,0,0.090576171875,0
1535,LPa.csv#row=1535#ctx=3#off=1,1535,0,0.090576171875,0
118,LPa.csv#row=118#ctx=3#off=1,118,0,0.090576171875,0
1637,LPa.csv#row=1637#ctx=3#off=1,1637,0,0.090576171875,0
377,LPa.csv#row=377#ctx=3#off=1,377,1,0.99169921875,1
1198,LPa.csv#row=1198#ctx=3#off=1,1198,0,0.090576171875,0
2390,LPa.csv#row=2390#ctx=3#off=1,2390,0,0.090576171875,0
2124,LPa.csv#row=2124#ctx=3#off=1,2124,0,0.090576171875,0
1657,LPa.csv#row=1657#ctx=3#off=1,1657,0,0.090576171875,0
72,LPa.csv#row=72#ctx=3#off=1,72,0,0.70947265625,0
521,LPa.csv#row=521#ctx=3#off=1,521,0,0.090576171875,0
639,LPa.csv#row=639#ctx=3#off=1,639,0,0.090576171875,0
996,LPa.csv#row=996#ctx=3#off=1,996,0,0.090576171875,0
2533,LPa.csv#row=2533#ctx=3#off=1,2533,0,0.090576171875,0
484,LPa.csv#row=484#ctx=3#off=1,484,0,0.090576171875,0
2552,LPa.csv#row=2552#ctx=3#off=1,2552,0,0.090576171875,0
2535,LPa.csv#row=2535#ctx=3#off=1,2535,0,0.090576171875,0
1613,LPa.csv#row=1613#ctx=3#off=1,1613,0,0.090576171875,0
653,LPa.csv#row=653#ctx=3#off=1,653,0,0.090576171875,0
814,LPa.csv#row=814#ctx=3#off=1,814,1,0.090576171875,0
1433,LPa.csv#row=1433#ctx=3#off=1,1433,0,0.090576171875,0
1575,LPa.csv#row=1575#ctx=3#off=1,1575,0,0.090576171875,0
2554,LPa.csv#row=2554#ctx=3#off=1,2554,0,0.090576171875,0
1989,LPa.csv#row=1989#ctx=3#off=1,1989,0,0.090576171875,0
2079,LPa.csv#row=2079#ctx=3#off=1,2079,0,0.090576171875,0
1982,LPa.csv#row=1982#ctx=3#off=1,1982,0,0.090576171875,0
1553,LPa.csv#row=1553#ctx=3#off=1,1553,0,0.090576171875,0
1846,LPa.csv#row=1846#ctx=3#off=1,1846,0,0.090576171875,0
1902,LPa.csv#row=1902#ctx=3#off=1,1902,0,0.090576171875,0
2034,LPa.csv#row=2034#ctx=3#off=1,2034,0,0.090576171875,0
2109,LPa.csv#row=2109#ctx=3#off=1,2109,0,0.090576171875,0
312,LPa.csv#row=312#ctx=3#off=1,312,0,0.090576171875,0
2042,LPa.csv#row=2042#ctx=3#off=1,2042,0,0.090576171875,0
420,LPa.csv#row=420#ctx=3#off=1,420,0,0.090576171875,0
117,LPa.csv#row=117#ctx=3#off=1,117,0,0.090576171875,0
2307,LPa.csv#row=2307#ctx=3#off=1,2307,0,0.090576171875,0
1003,LPa.csv#row=1003#ctx=3#off=1,1003,0,0.090576171875,0
486,LPa.csv#row=486#ctx=3#off=1,486,0,0.090576171875,0
404,LPa.csv#row=404#ctx=3#off=1,404,0,0.090576171875,0
2192,LPa.csv#row=2192#ctx=3#off=1,2192,0,0.090576171875,0
2293,LPa.csv#row=2293#ctx=3#off=1,2293,0,0.090576171875,0
2133,LPa.csv#row=2133#ctx=3#off=1,2133,0,0.090576171875,0
2606,LPa.csv#row=2606#ctx=3#off=1,2606,0,0.090576171875,0
2439,LPa.csv#row=2439#ctx=3#off=1,2439,0,0.090576171875,0
1804,LPa.csv#row=1804#ctx=3#off=1,1804,0,0.090576171875,0
897,LPa.csv#row=897#ctx=3#off=1,897,0,0.090576171875,0
1799,LPa.csv#row=1799#ctx=3#off=1,1799,0,0.090576171875,0
1327,LPa.csv#row=1327#ctx=3#off=1,1327,0,0.090576171875,0
1,LPa.csv#row=1#ctx=3#off=1,1,0,0.99169921875,1
2036,LPa.csv#row=2036#ctx=3#off=1,2036,0,0.090576171875,0
791,LPa.csv#row=791#ctx=3#off=1,791,0,0.090576171875,0
1993,LPa.csv#row=1993#ctx=3#off=1,1993,0,0.090576171875,0
1491,LPa.csv#row=1491#ctx=3#off=1,1491,0,0.090576171875,0
2433,LPa.csv#row=2433#ctx=3#off=1,2433,0,0.090576171875,0
481,LPa.csv#row=481#ctx=3#off=1,481,0,0.090576171875,0
2371,LPa.csv#row=2371#ctx=3#off=1,2371,0,0.090576171875,0
2260,LPa.csv#row=2260#ctx=3#off=1,2260,0,0.090576171875,0
919,LPa.csv#row=919#ctx=3#off=1,919,0,0.090576171875,0
384,LPa.csv#row=384#ctx=3#off=1,384,0,0.090576171875,0
1022,LPa.csv#row=1022#ctx=3#off=1,1022,0,0.090576171875,0
331,LPa.csv#row=331#ctx=3#off=1,331,0,0.090576171875,0
870,LPa.csv#row=870#ctx=3#off=1,870,0,0.090576171875,0
793,LPa.csv#row=793#ctx=3#off=1,793,0,0.090576171875,0
1628,LPa.csv#row=1628#ctx=3#off=1,1628,0,0.090576171875,0
445,LPa.csv#row=445#ctx=3#off=1,445,0,0.090576171875,0
1275,LPa.csv#row=1275#ctx=3#off=1,1275,0,0.090576171875,0
2409,LPa.csv#row=2409#ctx=3#off=1,2409,0,0.090576171875,0
2346,LPa.csv#row=2346#ctx=3#off=1,2346,0,0.090576171875,0
2306,LPa.csv#row=2306#ctx=3#off=1,2306,0,0.090576171875,0
463,LPa.csv#row=463#ctx=3#off=1,463,0,0.090576171875,0
1083,LPa.csv#row=1083#ctx=3#off=1,1083,0,0.090576171875,0
1448,LPa.csv#row=1448#ctx=3#off=1,1448,0,0.090576171875,0
2055,LPa.csv#row=2055#ctx=3#off=1,2055,0,0.090576171875,0
2282,LPa.csv#row=2282#ctx=3#off=1,2282,0,0.090576171875,0
841,LPa.csv#row=841#ctx=3#off=1,841,0,0.090576171875,0
482,LPa.csv#row=482#ctx=3#off=1,482,0,0.090576171875,0
1281,LPa.csv#row=1281#ctx=3#off=1,1281,0,0.090576171875,0
2569,LPa.csv#row=2569#ctx=3#off=1,2569,0,0.090576171875,0
2285,LPa.csv#row=2285#ctx=3#off=1,2285,0,0.090576171875,0
1663,LPa.csv#row=1663#ctx=3#off=1,1663,0,0.090576171875,0
566,LPa.csv#row=566#ctx=3#off=1,566,0,0.090576171875,0
1440,LPa.csv#row=1440#ctx=3#off=1,1440,0,0.090576171875,0
748,LPa.csv#row=748#ctx=3#off=1,748,0,0.090576171875,0
650,LPa.csv#row=650#ctx=3#off=1,650,0,0.090576171875,0
1087,LPa.csv#row=1087#ctx=3#off=1,1087,0,0.090576171875,0
2320,LPa.csv#row=2320#ctx=3#off=1,2320,0,0.090576171875,0
2538,LPa.csv#row=2538#ctx=3#off=1,2538,0,0.090576171875,0
2362,LPa.csv#row=2362#ctx=3#off=1,2362,0,0.090576171875,0
274,LPa.csv#row=274#ctx=3#off=1,274,0,0.090576171875,0
449,LPa.csv#row=449#ctx=3#off=1,449,0,0.090576171875,0
2271,LPa.csv#row=2271#ctx=3#off=1,2271,0,0.090576171875,0
1316,LPa.csv#row=1316#ctx=3#off=1,1316,0,0.090576171875,0
2517,LPa.csv#row=2517#ctx=3#off=1,2517,0,0.97265625,0
1723,LPa.csv#row=1723#ctx=3#off=1,1723,0,0.090576171875,0
1273,LPa.csv#row=1273#ctx=3#off=1,1273,0,0.090576171875,0
1114,LPa.csv#row=1114#ctx=3#off=1,1114,0,0.090576171875,0
2318,LPa.csv#row=2318#ctx=3#off=1,2318,1,0.99560546875,1
2573,LPa.csv#row=2573#ctx=3#off=1,2573,0,0.090576171875,0
2279,LPa.csv#row=2279#ctx=3#off=1,2279,0,0.95458984375,0
2276,LPa.csv#row=2276#ctx=3#off=1,2276,0,0.090576171875,0
1811,LPa.csv#row=1811#ctx=3#off=1,1811,0,0.090576171875,0
1082,LPa.csv#row=1082#ctx=3#off=1,1082,0,0.090576171875,0
971,LPa.csv#row=971#ctx=3#off=1,971,0,0.090576171875,0
1214,LPa.csv#row=1214#ctx=3#off=1,1214,0,0.090576171875,0
106,LPa.csv#row=106#ctx=3#off=1,106,0,0.090576171875,0
1282,LPa.csv#row=1282#ctx=3#off=1,1282,0,0.090576171875,0
1111,LPa.csv#row=1111#ctx=3#off=1,1111,0,0.090576171875,0
1983,LPa.csv#row=1983#ctx=3#off=1,1983,0,0.090576171875,0
947,LPa.csv#row=947#ctx=3#off=1,947,0,0.090576171875,0
1597,LPa.csv#row=1597#ctx=3#off=1,1597,0,0.090576171875,0
350,LPa.csv#row=350#ctx=3#off=1,350,0,0.090576171875,0
407,LPa.csv#row=407#ctx=3#off=1,407,0,0.090576171875,0
568,LPa.csv#row=568#ctx=3#off=1,568,0,0.090576171875,0
2312,LPa.csv#row=2312#ctx=3#off=1,2312,0,0.090576171875,0
2539,LPa.csv#row=2539#ctx=3#off=1,2539,0,0.090576171875,0
2264,LPa.csv#row=2264#ctx=3#off=1,2264,0,0.090576171875,0
731,LPa.csv#row=731#ctx=3#off=1,731,0,0.090576171875,0
1360,LPa.csv#row=1360#ctx=3#off=1,1360,0,0.090576171875,0
1709,LPa.csv#row=1709#ctx=3#off=1,1709,0,0.090576171875,0
1875,LPa.csv#row=1875#ctx=3#off=1,1875,0,0.090576171875,0
89,LPa.csv#row=89#ctx=3#off=1,89,0,0.70947265625,0
145,LPa.csv#row=145#ctx=3#off=1,145,1,0.994140625,1
1683,LPa.csv#row=1683#ctx=3#off=1,1683,0,0.090576171875,0
600,LPa.csv#row=600#ctx=3#off=1,600,0,0.090576171875,0
1390,LPa.csv#row=1390#ctx=3#off=1,1390,0,0.090576171875,0
2164,LPa.csv#row=2164#ctx=3#off=1,2164,0,0.090576171875,0
2566,LPa.csv#row=2566#ctx=3#off=1,2566,0,0.090576171875,0
1533,LPa.csv#row=1533#ctx=3#off=1,1533,0,0.090576171875,0
1201,LPa.csv#row=1201#ctx=3#off=1,1201,0,0.090576171875,0
1598,LPa.csv#row=1598#ctx=3#off=1,1598,0,0.090576171875,0
2443,LPa.csv#row=2443#ctx=3#off=1,2443,0,0.090576171875,0
1569,LPa.csv#row=1569#ctx=3#off=1,1569,0,0.090576171875,0
950,LPa.csv#row=950#ctx=3#off=1,950,0,0.090576171875,0
498,LPa.csv#row=498#ctx=3#off=1,498,0,0.090576171875,0
671,LPa.csv#row=671#ctx=3#off=1,671,0,0.090576171875,0
2182,LPa.csv#row=2182#ctx=3#off=1,2182,0,0.090576171875,0
2395,LPa.csv#row=2395#ctx=3#off=1,2395,1,0.99560546875,1
254,LPa.csv#row=254#ctx=3#off=1,254,0,0.090576171875,0
416,LPa.csv#row=416#ctx=3#off=1,416,1,0.090576171875,0
2313,LPa.csv#row=2313#ctx=3#off=1,2313,0,0.090576171875,0
2609,LPa.csv#row=2609#ctx=3#off=1,2609,0,0.090576171875,0
2136,LPa.csv#row=2136#ctx=3#off=1,2136,0,0.090576171875,0
2019,LPa.csv#row=2019#ctx=3#off=1,2019,0,0.090576171875,0
1347,LPa.csv#row=1347#ctx=3#off=1,1347,0,0.090576171875,0
2147,LPa.csv#row=2147#ctx=3#off=1,2147,0,0.090576171875,0
1403,LPa.csv#row=1403#ctx=3#off=1,1403,0,0.090576171875,0
2444,LPa.csv#row=2444#ctx=3#off=1,2444,0,0.090576171875,0
1435,LPa.csv#row=1435#ctx=3#off=1,1435,0,0.090576171875,0
1928,LPa.csv#row=1928#ctx=3#off=1,1928,0,0.090576171875,0
1546,LPa.csv#row=1546#ctx=3#off=1,1546,0,0.090576171875,0
1118,LPa.csv#row=1118#ctx=3#off=1,1118,0,0.090576171875,0
2035,LPa.csv#row=2035#ctx=3#off=1,2035,0,0.090576171875,0
2459,LPa.csv#row=2459#ctx=3#off=1,2459,0,0.090576171875,0
2379,LPa.csv#row=2379#ctx=3#off=1,2379,0,0.090576171875,0
2382,LPa.csv#row=2382#ctx=3#off=1,2382,0,0.090576171875,0
327,LPa.csv#row=327#ctx=3#off=1,327,0,0.090576171875,0
2198,LPa.csv#row=2198#ctx=3#off=1,2198,0,0.090576171875,0
326,LPa.csv#row=326#ctx=3#off=1,326,0,0.090576171875,0
1310,LPa.csv#row=1310#ctx=3#off=1,1310,0,0.090576171875,0
195,LPa.csv#row=195#ctx=3#off=1,195,0,0.090576171875,0
2094,LPa.csv#row=2094#ctx=3#off=1,2094,0,0.090576171875,0
714,LPa.csv#row=714#ctx=3#off=1,714,0,0.090576171875,0
475,LPa.csv#row=475#ctx=3#off=1,475,0,0.090576171875,0
1673,LPa.csv#row=1673#ctx=3#off=1,1673,0,0.090576171875,0
2066,LPa.csv#row=2066#ctx=3#off=1,2066,0,0.090576171875,0
1034,LPa.csv#row=1034#ctx=3#off=1,1034,0,0.090576171875,0
316,LPa.csv#row=316#ctx=3#off=1,316,0,0.090576171875,0
2047,LPa.csv#row=2047#ctx=3#off=1,2047,0,0.090576171875,0
1890,LPa.csv#row=1890#ctx=3#off=1,1890,0,0.090576171875,0
612,LPa.csv#row=612#ctx=3#off=1,612,0,0.090576171875,0
258,LPa.csv#row=258#ctx=3#off=1,258,1,0.090576171875,0
2525,LPa.csv#row=2525#ctx=3#off=1,2525,0,0.090576171875,0
9,LPa.csv#row=9#ctx=3#off=1,9,0,0.9140625,0
2304,LPa.csv#row=2304#ctx=3#off=1,2304,0,0.090576171875,0
1766,LPa.csv#row=1766#ctx=3#off=1,1766,0,0.090576171875,0
2169,LPa.csv#row=2169#ctx=3#off=1,2169,0,0.090576171875,0
2515,LPa.csv#row=2515#ctx=3#off=1,2515,0,0.090576171875,0
15,LPa.csv#row=15#ctx=3#off=1,15,0,0.9140625,0
209,LPa.csv#row=209#ctx=3#off=1,209,0,0.090576171875,0
1195,LPa.csv#row=1195#ctx=3#off=1,1195,0,0.090576171875,0
1739,LPa.csv#row=1739#ctx=3#off=1,1739,0,0.090576171875,0
1213,LPa.csv#row=1213#ctx=3#off=1,1213,0,0.090576171875,0
1963,LPa.csv#row=1963#ctx=3#off=1,1963,0,0.090576171875,0
597,LPa.csv#row=597#ctx=3#off=1,597,0,0.090576171875,0
1160,LPa.csv#row=1160#ctx=3#off=1,1160,0,0.090576171875,0
163,LPa.csv#row=163#ctx=3#off=1,163,0,0.090576171875,0
2596,LPa.csv#row=2596#ctx=3#off=1,2596,0,0.090576171875,0
1434,LPa.csv#row=1434#ctx=3#off=1,1434,0,0.090576171875,0
1520,LPa.csv#row=1520#ctx=3#off=1,1520,0,0.090576171875,0
738,LPa.csv#row=738#ctx=3#off=1,738,0,0.090576171875,0
1287,LPa.csv#row=1287#ctx=3#off=1,1287,0,0.090576171875,0
1315,LPa.csv#row=1315#ctx=3#off=1,1315,0,0.090576171875,0
2460,LPa.csv#row=2460#ctx=3#off=1,2460,0,0.090576171875,0
171,LPa.csv#row=171#ctx=3#off=1,171,0,0.090576171875,0
2503,LPa.csv#row=2503#ctx=3#off=1,2503,0,0.090576171875,0
1685,LPa.csv#row=1685#ctx=3#off=1,1685,0,0.090576171875,0
76,LPa.csv#row=76#ctx=3#off=1,76,0,0.70947265625,0
2259,LPa.csv#row=2259#ctx=3#off=1,2259,0,0.090576171875,0
424,LPa.csv#row=424#ctx=3#off=1,424,0,0.090576171875,0
1453,LPa.csv#row=1453#ctx=3#off=1,1453,0,0.090576171875,0
715,LPa.csv#row=715#ctx=3#off=1,715,0,0.090576171875,0
2134,LPa.csv#row=2134#ctx=3#off=1,2134,0,0.090576171875,0
1659,LPa.csv#row=1659#ctx=3#off=1,1659,0,0.090576171875,0
2209,LPa.csv#row=2209#ctx=3#off=1,2209,0,0.090576171875,0
1145,LPa.csv#row=1145#ctx=3#off=1,1145,0,0.090576171875,0
156,LPa.csv#row=156#ctx=3#off=1,156,0,0.090576171875,0
2408,LPa.csv#row=2408#ctx=3#off=1,2408,0,0.090576171875,0
717,LPa.csv#row=717#ctx=3#off=1,717,0,0.090576171875,0
152,LPa.csv#row=152#ctx=3#off=1,152,0,0.090576171875,0
450,LPa.csv#row=450#ctx=3#off=1,450,0,0.090576171875,0
2468,LPa.csv#row=2468#ctx=3#off=1,2468,0,0.090576171875,0
1154,LPa.csv#row=1154#ctx=3#off=1,1154,0,0.090576171875,0
854,LPa.csv#row=854#ctx=3#off=1,854,0,0.090576171875,0
644,LPa.csv#row=644#ctx=3#off=1,644,0,0.090576171875,0
685,LPa.csv#row=685#ctx=3#off=1,685,0,0.090576171875,0
926,LPa.csv#row=926#ctx=3#off=1,926,0,0.090576171875,0
1749,LPa.csv#row=1749#ctx=3#off=1,1749,0,0.090576171875,0
251,LPa.csv#row=251#ctx=3#off=1,251,0,0.090576171875,0
1246,LPa.csv#row=1246#ctx=3#off=1,1246,0,0.090576171875,0
990,LPa.csv#row=990#ctx=3#off=1,990,0,0.090576171875,0
2568,LPa.csv#row=2568#ctx=3#off=1,2568,0,0.090576171875,0
796,LPa.csv#row=796#ctx=3#off=1,796,1,0.090576171875,0
1070,LPa.csv#row=1070#ctx=3#off=1,1070,0,0.090576171875,0
539,LPa.csv#row=539#ctx=3#off=1,539,0,0.090576171875,0
2158,LPa.csv#row=2158#ctx=3#off=1,2158,0,0.090576171875,0
1719,LPa.csv#row=1719#ctx=3#off=1,1719,0,0.090576171875,0
1745,LPa.csv#row=1745#ctx=3#off=1,1745,0,0.090576171875,0
1529,LPa.csv#row=1529#ctx=3#off=1,1529,0,0.090576171875,0
2044,LPa.csv#row=2044#ctx=3#off=1,2044,0,0.090576171875,0
1187,LPa.csv#row=1187#ctx=3#off=1,1187,0,0.090576171875,0
1124,LPa.csv#row=1124#ctx=3#off=1,1124,0,0.090576171875,0
594,LPa.csv#row=594#ctx=3#off=1,594,0,0.090576171875,0
2226,LPa.csv#row=2226#ctx=3#off=1,2226,0,0.090576171875,0
977,LPa.csv#row=977#ctx=3#off=1,977,0,0.090576171875,0
1786,LPa.csv#row=1786#ctx=3#off=1,1786,0,0.090576171875,0
1828,LPa.csv#row=1828#ctx=3#off=1,1828,0,0.090576171875,0
1182,LPa.csv#row=1182#ctx=3#off=1,1182,0,0.090576171875,0
888,LPa.csv#row=888#ctx=3#off=1,888,0,0.090576171875,0
2202,LPa.csv#row=2202#ctx=3#off=1,2202,0,0.090576171875,0
746,LPa.csv#row=746#ctx=3#off=1,746,0,0.090576171875,0
1457,LPa.csv#row=1457#ctx=3#off=1,1457,0,0.090576171875,0
1544,LPa.csv#row=1544#ctx=3#off=1,1544,0,0.090576171875,0
1625,LPa.csv#row=1625#ctx=3#off=1,1625,0,0.090576171875,0
1695,LPa.csv#row=1695#ctx=3#off=1,1695,0,0.090576171875,0
1075,LPa.csv#row=1075#ctx=3#off=1,1075,0,0.090576171875,0
1574,LPa.csv#row=1574#ctx=3#off=1,1574,0,0.090576171875,0
123,LPa.csv#row=123#ctx=3#off=1,123,0,0.090576171875,0
14,LPa.csv#row=14#ctx=3#off=1,14,0,0.9140625,0
1000,LPa.csv#row=1000#ctx=3#off=1,1000,0,0.090576171875,0
1948,LPa.csv#row=1948#ctx=3#off=1,1948,0,0.090576171875,0
1333,LPa.csv#row=1333#ctx=3#off=1,1333,0,0.090576171875,0
2168,LPa.csv#row=2168#ctx=3#off=1,2168,0,0.090576171875,0
1481,LPa.csv#row=1481#ctx=3#off=1,1481,0,0.090576171875,0
334,LPa.csv#row=334#ctx=3#off=1,334,0,0.090576171875,0
1653,LPa.csv#row=1653#ctx=3#off=1,1653,0,0.090576171875,0
1322,LPa.csv#row=1322#ctx=3#off=1,1322,0,0.090576171875,0
1507,LPa.csv#row=1507#ctx=3#off=1,1507,0,0.090576171875,0
825,LPa.csv#row=825#ctx=3#off=1,825,0,0.090576171875,0
1632,LPa.csv#row=1632#ctx=3#off=1,1632,0,0.090576171875,0
606,LPa.csv#row=606#ctx=3#off=1,606,0,0.090576171875,0
2258,LPa.csv#row=2258#ctx=3#off=1,2258,0,0.090576171875,0
1105,LPa.csv#row=1105#ctx=3#off=1,1105,0,0.090576171875,0
1135,LPa.csv#row=1135#ctx=3#off=1,1135,0,0.090576171875,0
1438,LPa.csv#row=1438#ctx=3#off=1,1438,0,0.090576171875,0
829,LPa.csv#row=829#ctx=3#off=1,829,0,0.090576171875,0
1752,LPa.csv#row=1752#ctx=3#off=1,1752,0,0.090576171875,0
2031,LPa.csv#row=2031#ctx=3#off=1,2031,0,0.090576171875,0
2393,LPa.csv#row=2393#ctx=3#off=1,2393,0,0.090576171875,0
1104,LPa.csv#row=1104#ctx=3#off=1,1104,0,0.090576171875,0
2098,LPa.csv#row=2098#ctx=3#off=1,2098,0,0.090576171875,0
2157,LPa.csv#row=2157#ctx=3#off=1,2157,0,0.090576171875,0
2101,LPa.csv#row=2101#ctx=3#off=1,2101,0,0.090576171875,0
2487,LPa.csv#row=2487#ctx=3#off=1,2487,0,0.090576171875,0
218,LPa.csv#row=218#ctx=3#off=1,218,0,0.090576171875,0
2104,LPa.csv#row=2104#ctx=3#off=1,2104,0,0.090576171875,0
2603,LPa.csv#row=2603#ctx=3#off=1,2603,0,0.090576171875,0
64,LPa.csv#row=64#ctx=3#off=1,64,0,0.70947265625,0
2389,LPa.csv#row=2389#ctx=3#off=1,2389,0,0.090576171875,0
2154,LPa.csv#row=2154#ctx=3#off=1,2154,0,0.090576171875,0
2224,LPa.csv#row=2224#ctx=3#off=1,2224,0,0.090576171875,0
910,LPa.csv#row=910#ctx=3#off=1,910,0,0.090576171875,0
1374,LPa.csv#row=1374#ctx=3#off=1,1374,0,0.090576171875,0
2007,LPa.csv#row=2007#ctx=3#off=1,2007,0,0.090576171875,0
366,LPa.csv#row=366#ctx=3#off=1,366,0,0.98681640625,1
1051,LPa.csv#row=1051#ctx=3#off=1,1051,0,0.090576171875,0
1563,LPa.csv#row=1563#ctx=3#off=1,1563,0,0.090576171875,0
1267,LPa.csv#row=1267#ctx=3#off=1,1267,0,0.090576171875,0
225,LPa.csv#row=225#ctx=3#off=1,225,0,0.090576171875,0
666,LPa.csv#row=666#ctx=3#off=1,666,0,0.090576171875,0
133,LPa.csv#row=133#ctx=3#off=1,133,0,0.090576171875,0
1631,LPa.csv#row=1631#ctx=3#off=1,1631,0,0.090576171875,0
547,LPa.csv#row=547#ctx=3#off=1,547,0,0.090576171875,0
1041,LPa.csv#row=1041#ctx=3#off=1,1041,0,0.090576171875,0
2015,LPa.csv#row=2015#ctx=3#off=1,2015,0,0.090576171875,0
2037,LPa.csv#row=2037#ctx=3#off=1,2037,0,0.090576171875,0
2298,LPa.csv#row=2298#ctx=3#off=1,2298,0,0.090576171875,0
2041,LPa.csv#row=2041#ctx=3#off=1,2041,0,0.090576171875,0
583,LPa.csv#row=583#ctx=3#off=1,583,0,0.090576171875,0
220,LPa.csv#row=220#ctx=3#off=1,220,0,0.090576171875,0
1667,LPa.csv#row=1667#ctx=3#off=1,1667,0,0.090576171875,0
2051,LPa.csv#row=2051#ctx=3#off=1,2051,0,0.090576171875,0
1220,LPa.csv#row=1220#ctx=3#off=1,1220,0,0.090576171875,0
2228,LPa.csv#row=2228#ctx=3#off=1,2228,0,0.090576171875,0
872,LPa.csv#row=872#ctx=3#off=1,872,0,0.090576171875,0
2308,LPa.csv#row=2308#ctx=3#off=1,2308,0,0.090576171875,0
311,LPa.csv#row=311#ctx=3#off=1,311,0,0.090576171875,0
1691,LPa.csv#row=1691#ctx=3#off=1,1691,0,0.090576171875,0
987,LPa.csv#row=987#ctx=3#off=1,987,0,0.090576171875,0
1611,LPa.csv#row=1611#ctx=3#off=1,1611,0,0.090576171875,0
386,LPa.csv#row=386#ctx=3#off=1,386,0,0.98681640625,1
844,LPa.csv#row=844#ctx=3#off=1,844,0,0.090576171875,0
1650,LPa.csv#row=1650#ctx=3#off=1,1650,1,0.99560546875,1
1335,LPa.csv#row=1335#ctx=3#off=1,1335,0,0.090576171875,0
444,LPa.csv#row=444#ctx=3#off=1,444,0,0.090576171875,0
893,LPa.csv#row=893#ctx=3#off=1,893,0,0.090576171875,0
1271,LPa.csv#row=1271#ctx=3#off=1,1271,0,0.090576171875,0
813,LPa.csv#row=813#ctx=3#off=1,813,0,0.090576171875,0
2193,LPa.csv#row=2193#ctx=3#off=1,2193,0,0.090576171875,0
214,LPa.csv#row=214#ctx=3#off=1,214,0,0.090576171875,0
2314,LPa.csv#row=2314#ctx=3#off=1,2314,0,0.090576171875,0
1642,LPa.csv#row=1642#ctx=3#off=1,1642,0,0.090576171875,0
439,LPa.csv#row=439#ctx=3#off=1,439,0,0.090576171875,0
271,LPa.csv#row=271#ctx=3#off=1,271,0,0.090576171875,0
1729,LPa.csv#row=1729#ctx=3#off=1,1729,0,0.090576171875,0
301,LPa.csv#row=301#ctx=3#off=1,301,0,0.090576171875,0
36,LPa.csv#row=36#ctx=3#off=1,36,1,0.98486328125,1
2489,LPa.csv#row=2489#ctx=3#off=1,2489,0,0.090576171875,0
2544,LPa.csv#row=2544#ctx=3#off=1,2544,0,0.090576171875,0
1014,LPa.csv#row=1014#ctx=3#off=1,1014,0,0.090576171875,0
1555,LPa.csv#row=1555#ctx=3#off=1,1555,0,0.090576171875,0
2315,LPa.csv#row=2315#ctx=3#off=1,2315,0,0.090576171875,0
1056,LPa.csv#row=1056#ctx=3#off=1,1056,0,0.090576171875,0
1510,LPa.csv#row=1510#ctx=3#off=1,1510,0,0.090576171875,0
2373,LPa.csv#row=2373#ctx=3#off=1,2373,0,0.090576171875,0
2640,LPa.csv#row=2640#ctx=3#off=1,2640,0,0.090576171875,0
652,LPa.csv#row=652#ctx=3#off=1,652,0,0.090576171875,0
1062,LPa.csv#row=1062#ctx=3#off=1,1062,0,0.090576171875,0
718,LPa.csv#row=718#ctx=3#off=1,718,0,0.090576171875,0
2414,LPa.csv#row=2414#ctx=3#off=1,2414,0,0.090576171875,0
173,LPa.csv#row=173#ctx=3#off=1,173,0,0.090576171875,0
2437,LPa.csv#row=2437#ctx=3#off=1,2437,0,0.090576171875,0
781,LPa.csv#row=781#ctx=3#off=1,781,0,0.090576171875,0
1460,LPa.csv#row=1460#ctx=3#off=1,1460,0,0.090576171875,0
1445,LPa.csv#row=1445#ctx=3#off=1,1445,0,0.090576171875,0
121,LPa.csv#row=121#ctx=3#off=1,121,0,0.090576171875,0
2292,LPa.csv#row=2292#ctx=3#off=1,2292,0,0.090576171875,0
1060,LPa.csv#row=1060#ctx=3#off=1,1060,0,0.090576171875,0
1066,LPa.csv#row=1066#ctx=3#off=1,1066,0,0.090576171875,0
2175,LPa.csv#row=2175#ctx=3#off=1,2175,0,0.090576171875,0
422,LPa.csv#row=422#ctx=3#off=1,422,0,0.090576171875,0
2477,LPa.csv#row=2477#ctx=3#off=1,2477,0,0.090576171875,0
1085,LPa.csv#row=1085#ctx=3#off=1,1085,0,0.090576171875,0
605,LPa.csv#row=605#ctx=3#off=1,605,0,0.090576171875,0
1115,LPa.csv#row=1115#ctx=3#off=1,1115,0,0.090576171875,0
1096,LPa.csv#row=1096#ctx=3#off=1,1096,0,0.090576171875,0
504,LPa.csv#row=504#ctx=3#off=1,504,0,0.090576171875,0
189,LPa.csv#row=189#ctx=3#off=1,189,0,0.090576171875,0
1484,LPa.csv#row=1484#ctx=3#off=1,1484,0,0.090576171875,0
972,LPa.csv#row=972#ctx=3#off=1,972,0,0.090576171875,0
916,LPa.csv#row=916#ctx=3#off=1,916,0,0.090576171875,0
2267,LPa.csv#row=2267#ctx=3#off=1,2267,0,0.090576171875,0
315,LPa.csv#row=315#ctx=3#off=1,315,0,0.090576171875,0
588,LPa.csv#row=588#ctx=3#off=1,588,0,0.090576171875,0
1771,LPa.csv#row=1771#ctx=3#off=1,1771,0,0.090576171875,0
1320,LPa.csv#row=1320#ctx=3#off=1,1320,0,0.090576171875,0
272,LPa.csv#row=272#ctx=3#off=1,272,0,0.090576171875,0
2283,LPa.csv#row=2283#ctx=3#off=1,2283,0,0.090576171875,0
2054,LPa.csv#row=2054#ctx=3#off=1,2054,0,0.090576171875,0
2473,LPa.csv#row=2473#ctx=3#off=1,2473,0,0.090576171875,0
920,LPa.csv#row=920#ctx=3#off=1,920,0,0.090576171875,0
2176,LPa.csv#row=2176#ctx=3#off=1,2176,0,0.090576171875,0
2197,LPa.csv#row=2197#ctx=3#off=1,2197,0,0.090576171875,0
201,LPa.csv#row=201#ctx=3#off=1,201,0,0.090576171875,0
2454,LPa.csv#row=2454#ctx=3#off=1,2454,0,0.090576171875,0
1558,LPa.csv#row=1558#ctx=3#off=1,1558,0,0.090576171875,0
2526,LPa.csv#row=2526#ctx=3#off=1,2526,0,0.090576171875,0
1470,LPa.csv#row=1470#ctx=3#off=1,1470,0,0.090576171875,0
1357,LPa.csv#row=1357#ctx=3#off=1,1357,0,0.090576171875,0
1711,LPa.csv#row=1711#ctx=3#off=1,1711,0,0.090576171875,0
1605,LPa.csv#row=1605#ctx=3#off=1,1605,0,0.090576171875,0
472,LPa.csv#row=472#ctx=3#off=1,472,0,0.090576171875,0
2024,LPa.csv#row=2024#ctx=3#off=1,2024,0,0.090576171875,0
1917,LPa.csv#row=1917#ctx=3#off=1,1917,0,0.090576171875,0
800,LPa.csv#row=800#ctx=3#off=1,800,0,0.090576171875,0
1971,LPa.csv#row=1971#ctx=3#off=1,1971,0,0.090576171875,0
437,LPa.csv#row=437#ctx=3#off=1,437,0,0.090576171875,0
62,LPa.csv#row=62#ctx=3#off=1,62,0,0.70947265625,0
2387,LPa.csv#row=2387#ctx=3#off=1,2387,0,0.090576171875,0
23,LPa.csv#row=23#ctx=3#off=1,23,0,0.9140625,0
485,LPa.csv#row=485#ctx=3#off=1,485,0,0.090576171875,0
1854,LPa.csv#row=1854#ctx=3#off=1,1854,0,0.090576171875,0
1343,LPa.csv#row=1343#ctx=3#off=1,1343,0,0.090576171875,0
1483,LPa.csv#row=1483#ctx=3#off=1,1483,0,0.090576171875,0
903,LPa.csv#row=903#ctx=3#off=1,903,0,0.090576171875,0
1830,LPa.csv#row=1830#ctx=3#off=1,1830,0,0.090576171875,0
1072,LPa.csv#row=1072#ctx=3#off=1,1072,0,0.090576171875,0
2359,LPa.csv#row=2359#ctx=3#off=1,2359,0,0.090576171875,0
850,LPa.csv#row=850#ctx=3#off=1,850,0,0.090576171875,0
2246,LPa.csv#row=2246#ctx=3#off=1,2246,0,0.090576171875,0
47,LPa.csv#row=47#ctx=3#off=1,47,1,0.98486328125,1
2103,LPa.csv#row=2103#ctx=3#off=1,2103,0,0.090576171875,0
1228,LPa.csv#row=1228#ctx=3#off=1,1228,0,0.090576171875,0
347,LPa.csv#row=347#ctx=3#off=1,347,0,0.090576171875,0
959,LPa.csv#row=959#ctx=3#off=1,959,0,0.090576171875,0
1284,LPa.csv#row=1284#ctx=3#off=1,1284,0,0.090576171875,0
2278,LPa.csv#row=2278#ctx=3#off=1,2278,0,0.994140625,1
732,LPa.csv#row=732#ctx=3#off=1,732,0,0.090576171875,0
1784,LPa.csv#row=1784#ctx=3#off=1,1784,0,0.090576171875,0
183,LPa.csv#row=183#ctx=3#off=1,183,1,0.090576171875,0
1400,LPa.csv#row=1400#ctx=3#off=1,1400,0,0.090576171875,0
1350,LPa.csv#row=1350#ctx=3#off=1,1350,0,0.090576171875,0
388,LPa.csv#row=388#ctx=3#off=1,388,0,0.090576171875,0
676,LPa.csv#row=676#ctx=3#off=1,676,0,0.090576171875,0
2541,LPa.csv#row=2541#ctx=3#off=1,2541,0,0.090576171875,0
342,LPa.csv#row=342#ctx=3#off=1,342,0,0.090576171875,0
1988,LPa.csv#row=1988#ctx=3#off=1,1988,0,0.090576171875,0
1469,LPa.csv#row=1469#ctx=3#off=1,1469,0,0.090576171875,0
1299,LPa.csv#row=1299#ctx=3#off=1,1299,0,0.090576171875,0
1899,LPa.csv#row=1899#ctx=3#off=1,1899,0,0.090576171875,0
611,LPa.csv#row=611#ctx=3#off=1,611,0,0.090576171875,0
13,LPa.csv#row=13#ctx=3#off=1,13,1,0.9921875,1
2213,LPa.csv#row=2213#ctx=3#off=1,2213,0,0.090576171875,0
2108,LPa.csv#row=2108#ctx=3#off=1,2108,0,0.090576171875,0
469,LPa.csv#row=469#ctx=3#off=1,469,0,0.090576171875,0
1924,LPa.csv#row=1924#ctx=3#off=1,1924,0,0.090576171875,0
941,LPa.csv#row=941#ctx=3#off=1,941,0,0.090576171875,0
1938,LPa.csv#row=1938#ctx=3#off=1,1938,0,0.090576171875,0
190,LPa.csv#row=190#ctx=3#off=1,190,0,0.090576171875,0
775,LPa.csv#row=775#ctx=3#off=1,775,0,0.090576171875,0
558,LPa.csv#row=558#ctx=3#off=1,558,0,0.090576171875,0
2140,LPa.csv#row=2140#ctx=3#off=1,2140,0,0.090576171875,0
348,LPa.csv#row=348#ctx=3#off=1,348,0,0.8837890625,0
2288,LPa.csv#row=2288#ctx=3#off=1,2288,0,0.090576171875,0
363,LPa.csv#row=363#ctx=3#off=1,363,0,0.090576171875,0
2339,LPa.csv#row=2339#ctx=3#off=1,2339,0,0.090576171875,0
1845,LPa.csv#row=1845#ctx=3#off=1,1845,0,0.090576171875,0
2018,LPa.csv#row=2018#ctx=3#off=1,2018,0,0.090576171875,0
245,LPa.csv#row=245#ctx=3#off=1,245,0,0.090576171875,0
2451,LPa.csv#row=2451#ctx=3#off=1,2451,0,0.090576171875,0
2612,LPa.csv#row=2612#ctx=3#off=1,2612,0,0.090576171875,0
1475,LPa.csv#row=1475#ctx=3#off=1,1475,0,0.090576171875,0
1168,LPa.csv#row=1168#ctx=3#off=1,1168,0,0.090576171875,0
101,LPa.csv#row=101#ctx=3#off=1,101,0,0.70947265625,0
677,LPa.csv#row=677#ctx=3#off=1,677,0,0.090576171875,0
222,LPa.csv#row=222#ctx=3#off=1,222,0,0.8837890625,0
1258,LPa.csv#row=1258#ctx=3#off=1,1258,0,0.090576171875,0
2613,LPa.csv#row=2613#ctx=3#off=1,2613,0,0.090576171875,0
1576,LPa.csv#row=1576#ctx=3#off=1,1576,0,0.090576171875,0
212,LPa.csv#row=212#ctx=3#off=1,212,0,0.090576171875,0
1904,LPa.csv#row=1904#ctx=3#off=1,1904,0,0.090576171875,0
2496,LPa.csv#row=2496#ctx=3#off=1,2496,0,0.090576171875,0
966,LPa.csv#row=966#ctx=3#off=1,966,0,0.090576171875,0
2096,LPa.csv#row=2096#ctx=3#off=1,2096,0,0.090576171875,0
507,LPa.csv#row=507#ctx=3#off=1,507,0,0.090576171875,0
1824,LPa.csv#row=1824#ctx=3#off=1,1824,0,0.090576171875,0
2261,LPa.csv#row=2261#ctx=3#off=1,2261,0,0.090576171875,0
2522,LPa.csv#row=2522#ctx=3#off=1,2522,0,0.090576171875,0
672,LPa.csv#row=672#ctx=3#off=1,672,0,0.090576171875,0
2032,LPa.csv#row=2032#ctx=3#off=1,2032,0,0.090576171875,0
864,LPa.csv#row=864#ctx=3#off=1,864,0,0.090576171875,0
235,LPa.csv#row=235#ctx=3#off=1,235,0,0.090576171875,0
973,LPa.csv#row=973#ctx=3#off=1,973,0,0.090576171875,0
1478,LPa.csv#row=1478#ctx=3#off=1,1478,0,0.090576171875,0
267,LPa.csv#row=267#ctx=3#off=1,267,0,0.090576171875,0
1398,LPa.csv#row=1398#ctx=3#off=1,1398,0,0.090576171875,0
2588,LPa.csv#row=2588#ctx=3#off=1,2588,0,0.090576171875,0
2095,LPa.csv#row=2095#ctx=3#off=1,2095,0,0.090576171875,0
1767,LPa.csv#row=1767#ctx=3#off=1,1767,0,0.090576171875,0
265,LPa.csv#row=265#ctx=3#off=1,265,0,0.98681640625,1
54,LPa.csv#row=54#ctx=3#off=1,54,0,0.98583984375,1
1480,LPa.csv#row=1480#ctx=3#off=1,1480,0,0.090576171875,0
824,LPa.csv#row=824#ctx=3#off=1,824,0,0.090576171875,0
1294,LPa.csv#row=1294#ctx=3#off=1,1294,0,0.090576171875,0
848,LPa.csv#row=848#ctx=3#off=1,848,0,0.090576171875,0
1793,LPa.csv#row=1793#ctx=3#off=1,1793,0,0.090576171875,0
494,LPa.csv#row=494#ctx=3#off=1,494,0,0.090576171875,0
750,LPa.csv#row=750#ctx=3#off=1,750,0,0.090576171875,0
1285,LPa.csv#row=1285#ctx=3#off=1,1285,0,0.090576171875,0
720,LPa.csv#row=720#ctx=3#off=1,720,0,0.090576171875,0
2075,LPa.csv#row=2075#ctx=3#off=1,2075,0,0.090576171875,0
202,LPa.csv#row=202#ctx=3#off=1,202,0,0.090576171875,0
2074,LPa.csv#row=2074#ctx=3#off=1,2074,0,0.090576171875,0
963,LPa.csv#row=963#ctx=3#off=1,963,0,0.090576171875,0
2212,LPa.csv#row=2212#ctx=3#off=1,2212,0,0.090576171875,0
607,LPa.csv#row=607#ctx=3#off=1,607,0,0.090576171875,0
2363,LPa.csv#row=2363#ctx=3#off=1,2363,0,0.090576171875,0
649,LPa.csv#row=649#ctx=3#off=1,649,0,0.090576171875,0
259,LPa.csv#row=259#ctx=3#off=1,259,1,0.090576171875,0
911,LPa.csv#row=911#ctx=3#off=1,911,0,0.090576171875,0
57,LPa.csv#row=57#ctx=3#off=1,57,1,0.9921875,1
477,LPa.csv#row=477#ctx=3#off=1,477,0,0.090576171875,0
884,LPa.csv#row=884#ctx=3#off=1,884,0,0.090576171875,0
855,LPa.csv#row=855#ctx=3#off=1,855,0,0.090576171875,0
701,LPa.csv#row=701#ctx=3#off=1,701,0,0.090576171875,0
2009,LPa.csv#row=2009#ctx=3#off=1,2009,0,0.090576171875,0
2374,LPa.csv#row=2374#ctx=3#off=1,2374,0,0.090576171875,0
2251,LPa.csv#row=2251#ctx=3#off=1,2251,0,0.090576171875,0
1384,LPa.csv#row=1384#ctx=3#off=1,1384,0,0.090576171875,0
1200,LPa.csv#row=1200#ctx=3#off=1,1200,0,0.090576171875,0
1932,LPa.csv#row=1932#ctx=3#off=1,1932,0,0.090576171875,0
1807,LPa.csv#row=1807#ctx=3#off=1,1807,0,0.090576171875,0
2391,LPa.csv#row=2391#ctx=3#off=1,2391,0,0.090576171875,0
1095,LPa.csv#row=1095#ctx=3#off=1,1095,0,0.090576171875,0
1994,LPa.csv#row=1994#ctx=3#off=1,1994,0,0.090576171875,0
648,LPa.csv#row=648#ctx=3#off=1,648,0,0.090576171875,0
2107,LPa.csv#row=2107#ctx=3#off=1,2107,0,0.090576171875,0
647,LPa.csv#row=647#ctx=3#off=1,647,0,0.090576171875,0
2499,LPa.csv#row=2499#ctx=3#off=1,2499,0,0.090576171875,0
1521,LPa.csv#row=1521#ctx=3#off=1,1521,0,0.090576171875,0
188,LPa.csv#row=188#ctx=3#off=1,188,0,0.090576171875,0
1016,LPa.csv#row=1016#ctx=3#off=1,1016,0,0.090576171875,0
1108,LPa.csv#row=1108#ctx=3#off=1,1108,0,0.090576171875,0
102,LPa.csv#row=102#ctx=3#off=1,102,0,0.70947265625,0
724,LPa.csv#row=724#ctx=3#off=1,724,0,0.090576171875,0
232,LPa.csv#row=232#ctx=3#off=1,232,0,0.090576171875,0
895,LPa.csv#row=895#ctx=3#off=1,895,0,0.090576171875,0
456,LPa.csv#row=456#ctx=3#off=1,456,0,0.090576171875,0
1511,LPa.csv#row=1511#ctx=3#off=1,1511,0,0.090576171875,0
1857,LPa.csv#row=1857#ctx=3#off=1,1857,0,0.090576171875,0
993,LPa.csv#row=993#ctx=3#off=1,993,0,0.090576171875,0
567,LPa.csv#row=567#ctx=3#off=1,567,0,0.090576171875,0
2235,LPa.csv#row=2235#ctx=3#off=1,2235,0,0.090576171875,0
2493,LPa.csv#row=2493#ctx=3#off=1,2493,0,0.090576171875,0
74,LPa.csv#row=74#ctx=3#off=1,74,0,0.70947265625,0
1324,LPa.csv#row=1324#ctx=3#off=1,1324,0,0.090576171875,0
2562,LPa.csv#row=2562#ctx=3#off=1,2562,0,0.090576171875,0
2484,LPa.csv#row=2484#ctx=3#off=1,2484,0,0.090576171875,0
1492,LPa.csv#row=1492#ctx=3#off=1,1492,0,0.090576171875,0
874,LPa.csv#row=874#ctx=3#off=1,874,0,0.090576171875,0
2458,LPa.csv#row=2458#ctx=3#off=1,2458,0,0.090576171875,0
1847,LPa.csv#row=1847#ctx=3#off=1,1847,0,0.090576171875,0
2072,LPa.csv#row=2072#ctx=3#off=1,2072,0,0.090576171875,0
428,LPa.csv#row=428#ctx=3#off=1,428,0,0.98681640625,1
1462,LPa.csv#row=1462#ctx=3#off=1,1462,0,0.090576171875,0
1130,LPa.csv#row=1130#ctx=3#off=1,1130,0,0.090576171875,0
615,LPa.csv#row=615#ctx=3#off=1,615,0,0.090576171875,0
1054,LPa.csv#row=1054#ctx=3#off=1,1054,0,0.99560546875,1
1172,LPa.csv#row=1172#ctx=3#off=1,1172,0,0.090576171875,0
306,LPa.csv#row=306#ctx=3#off=1,306,0,0.8837890625,0
86,LPa.csv#row=86#ctx=3#off=1,86,1,0.98486328125,1
1202,LPa.csv#row=1202#ctx=3#off=1,1202,0,0.090576171875,0
868,LPa.csv#row=868#ctx=3#off=1,868,0,0.090576171875,0
2249,LPa.csv#row=2249#ctx=3#off=1,2249,0,0.090576171875,0
2345,LPa.csv#row=2345#ctx=3#off=1,2345,0,0.090576171875,0
128,LPa.csv#row=128#ctx=3#off=1,128,0,0.090576171875,0
1501,LPa.csv#row=1501#ctx=3#off=1,1501,0,0.090576171875,0
1873,LPa.csv#row=1873#ctx=3#off=1,1873,0,0.090576171875,0
681,LPa.csv#row=681#ctx=3#off=1,681,0,0.090576171875,0
1926,LPa.csv#row=1926#ctx=3#off=1,1926,0,0.090576171875,0
708,LPa.csv#row=708#ctx=3#off=1,708,0,0.090576171875,0
794,LPa.csv#row=794#ctx=3#off=1,794,0,0.090576171875,0
629,LPa.csv#row=629#ctx=3#off=1,629,0,0.090576171875,0
93,LPa.csv#row=93#ctx=3#off=1,93,0,0.98486328125,1
1782,LPa.csv#row=1782#ctx=3#off=1,1782,0,0.090576171875,0
44,LPa.csv#row=44#ctx=3#off=1,44,0,0.70947265625,0
599,LPa.csv#row=599#ctx=3#off=1,599,0,0.090576171875,0
571,LPa.csv#row=571#ctx=3#off=1,571,0,0.090576171875,0
95,LPa.csv#row=95#ctx=3#off=1,95,0,0.98486328125,1
2419,LPa.csv#row=2419#ctx=3#off=1,2419,0,0.090576171875,0
1593,LPa.csv#row=1593#ctx=3#off=1,1593,0,0.090576171875,0
284,LPa.csv#row=284#ctx=3#off=1,284,0,0.090576171875,0
1356,LPa.csv#row=1356#ctx=3#off=1,1356,0,0.090576171875,0
2641,LPa.csv#row=2641#ctx=3#off=1,2641,0,0.090576171875,0
144,LPa.csv#row=144#ctx=3#off=1,144,0,0.090576171875,0
747,LPa.csv#row=747#ctx=3#off=1,747,0,0.090576171875,0
2311,LPa.csv#row=2311#ctx=3#off=1,2311,0,0.090576171875,0
2087,LPa.csv#row=2087#ctx=3#off=1,2087,0,0.090576171875,0
2479,LPa.csv#row=2479#ctx=3#off=1,2479,1,0.090576171875,0
1277,LPa.csv#row=1277#ctx=3#off=1,1277,0,0.090576171875,0
2138,LPa.csv#row=2138#ctx=3#off=1,2138,0,0.090576171875,0
2180,LPa.csv#row=2180#ctx=3#off=1,2180,0,0.090576171875,0
427,LPa.csv#row=427#ctx=3#off=1,427,0,0.090576171875,0
2549,LPa.csv#row=2549#ctx=3#off=1,2549,0,0.090576171875,0
1349,LPa.csv#row=1349#ctx=3#off=1,1349,0,0.090576171875,0
2305,LPa.csv#row=2305#ctx=3#off=1,2305,0,0.090576171875,0
483,LPa.csv#row=483#ctx=3#off=1,483,0,0.090576171875,0
2593,LPa.csv#row=2593#ctx=3#off=1,2593,0,0.090576171875,0
1977,LPa.csv#row=1977#ctx=3#off=1,1977,1,0.090576171875,0
1136,LPa.csv#row=1136#ctx=3#off=1,1136,0,0.090576171875,0
584,LPa.csv#row=584#ctx=3#off=1,584,1,0.090576171875,0
1788,LPa.csv#row=1788#ctx=3#off=1,1788,0,0.090576171875,0
361,LPa.csv#row=361#ctx=3#off=1,361,0,0.090576171875,0
2329,LPa.csv#row=2329#ctx=3#off=1,2329,0,0.090576171875,0
1849,LPa.csv#row=1849#ctx=3#off=1,1849,0,0.090576171875,0
1308,LPa.csv#row=1308#ctx=3#off=1,1308,0,0.090576171875,0
4,LPa.csv#row=4#ctx=3#off=1,4,1,0.99169921875,1
303,LPa.csv#row=303#ctx=3#off=1,303,0,0.090576171875,0
396,LPa.csv#row=396#ctx=3#off=1,396,1,0.090576171875,0
1939,LPa.csv#row=1939#ctx=3#off=1,1939,0,0.090576171875,0
1680,LPa.csv#row=1680#ctx=3#off=1,1680,0,0.090576171875,0
96,LPa.csv#row=96#ctx=3#off=1,96,0,0.98486328125,1
2394,LPa.csv#row=2394#ctx=3#off=1,2394,0,0.090576171875,0
1215,LPa.csv#row=1215#ctx=3#off=1,1215,0,0.090576171875,0
2615,LPa.csv#row=2615#ctx=3#off=1,2615,0,0.090576171875,0
525,LPa.csv#row=525#ctx=3#off=1,525,0,0.090576171875,0
2478,LPa.csv#row=2478#ctx=3#off=1,2478,0,0.090576171875,0
560,LPa.csv#row=560#ctx=3#off=1,560,0,0.090576171875,0
1800,LPa.csv#row=1800#ctx=3#off=1,1800,0,0.090576171875,0
1640,LPa.csv#row=1640#ctx=3#off=1,1640,0,0.090576171875,0
857,LPa.csv#row=857#ctx=3#off=1,857,0,0.090576171875,0
1289,LPa.csv#row=1289#ctx=3#off=1,1289,0,0.090576171875,0
2583,LPa.csv#row=2583#ctx=3#off=1,2583,0,0.090576171875,0
1358,LPa.csv#row=1358#ctx=3#off=1,1358,0,0.090576171875,0
2080,LPa.csv#row=2080#ctx=3#off=1,2080,0,0.090576171875,0
1920,LPa.csv#row=1920#ctx=3#off=1,1920,0,0.090576171875,0
1606,LPa.csv#row=1606#ctx=3#off=1,1606,0,0.090576171875,0
2556,LPa.csv#row=2556#ctx=3#off=1,2556,0,0.090576171875,0
182,LPa.csv#row=182#ctx=3#off=1,182,0,0.090576171875,0
1121,LPa.csv#row=1121#ctx=3#off=1,1121,0,0.090576171875,0
578,LPa.csv#row=578#ctx=3#off=1,578,0,0.090576171875,0
1369,LPa.csv#row=1369#ctx=3#off=1,1369,0,0.090576171875,0
406,LPa.csv#row=406#ctx=3#off=1,406,0,0.090576171875,0
29,LPa.csv#row=29#ctx=3#off=1,29,0,0.98046875,1
2052,LPa.csv#row=2052#ctx=3#off=1,2052,0,0.090576171875,0
425,LPa.csv#row=425#ctx=3#off=1,425,0,0.090576171875,0
1647,LPa.csv#row=1647#ctx=3#off=1,1647,0,0.090576171875,0
1389,LPa.csv#row=1389#ctx=3#off=1,1389,0,0.090576171875,0
948,LPa.csv#row=948#ctx=3#off=1,948,0,0.090576171875,0
2546,LPa.csv#row=2546#ctx=3#off=1,2546,0,0.090576171875,0
2331,LPa.csv#row=2331#ctx=3#off=1,2331,0,0.090576171875,0
340,LPa.csv#row=340#ctx=3#off=1,340,0,0.090576171875,0
764,LPa.csv#row=764#ctx=3#off=1,764,0,0.090576171875,0
1402,LPa.csv#row=1402#ctx=3#off=1,1402,0,0.090576171875,0
1787,LPa.csv#row=1787#ctx=3#off=1,1787,0,0.090576171875,0
1741,LPa.csv#row=1741#ctx=3#off=1,1741,0,0.090576171875,0
413,LPa.csv#row=413#ctx=3#off=1,413,0,0.090576171875,0
867,LPa.csv#row=867#ctx=3#off=1,867,0,0.090576171875,0
1844,LPa.csv#row=1844#ctx=3#off=1,1844,0,0.090576171875,0
1359,LPa.csv#row=1359#ctx=3#off=1,1359,0,0.090576171875,0
2368,LPa.csv#row=2368#ctx=3#off=1,2368,0,0.090576171875,0
358,LPa.csv#row=358#ctx=3#off=1,358,0,0.090576171875,0
654,LPa.csv#row=654#ctx=3#off=1,654,0,0.090576171875,0
1404,LPa.csv#row=1404#ctx=3#off=1,1404,0,0.090576171875,0
1408,LPa.csv#row=1408#ctx=3#off=1,1408,0,0.090576171875,0
1951,LPa.csv#row=1951#ctx=3#off=1,1951,0,0.090576171875,0
1164,LPa.csv#row=1164#ctx=3#off=1,1164,0,0.090576171875,0
545,LPa.csv#row=545#ctx=3#off=1,545,0,0.090576171875,0
2463,LPa.csv#row=2463#ctx=3#off=1,2463,0,0.090576171875,0
1656,LPa.csv#row=1656#ctx=3#off=1,1656,0,0.090576171875,0
587,LPa.csv#row=587#ctx=3#off=1,587,0,0.090576171875,0
87,LPa.csv#row=87#ctx=3#off=1,87,1,0.98583984375,1
108,LPa.csv#row=108#ctx=3#off=1,108,0,0.090576171875,0
2402,LPa.csv#row=2402#ctx=3#off=1,2402,0,0.090576171875,0
1193,LPa.csv#row=1193#ctx=3#off=1,1193,0,0.090576171875,0
994,LPa.csv#row=994#ctx=3#off=1,994,0,0.090576171875,0
1261,LPa.csv#row=1261#ctx=3#off=1,1261,0,0.090576171875,0
1314,LPa.csv#row=1314#ctx=3#off=1,1314,0,0.090576171875,0
1855,LPa.csv#row=1855#ctx=3#off=1,1855,0,0.090576171875,0
1055,LPa.csv#row=1055#ctx=3#off=1,1055,0,0.090576171875,0
1652,LPa.csv#row=1652#ctx=3#off=1,1652,0,0.090576171875,0
372,LPa.csv#row=372#ctx=3#off=1,372,0,0.090576171875,0
496,LPa.csv#row=496#ctx=3#off=1,496,0,0.090576171875,0
1604,LPa.csv#row=1604#ctx=3#off=1,1604,0,0.090576171875,0
749,LPa.csv#row=749#ctx=3#off=1,749,0,0.090576171875,0
1391,LPa.csv#row=1391#ctx=3#off=1,1391,0,0.090576171875,0
431,LPa.csv#row=431#ctx=3#off=1,431,0,0.090576171875,0
1992,LPa.csv#row=1992#ctx=3#off=1,1992,0,0.090576171875,0
373,LPa.csv#row=373#ctx=3#off=1,373,1,0.9892578125,1
2370,LPa.csv#row=2370#ctx=3#off=1,2370,0,0.090576171875,0
1140,LPa.csv#row=1140#ctx=3#off=1,1140,0,0.090576171875,0
988,LPa.csv#row=988#ctx=3#off=1,988,0,0.090576171875,0
1046,LPa.csv#row=1046#ctx=3#off=1,1046,0,0.090576171875,0
465,LPa.csv#row=465#ctx=3#off=1,465,0,0.090576171875,0
2561,LPa.csv#row=2561#ctx=3#off=1,2561,0,0.090576171875,0
788,LPa.csv#row=788#ctx=3#off=1,788,0,0.090576171875,0
1412,LPa.csv#row=1412#ctx=3#off=1,1412,0,0.090576171875,0
75,LPa.csv#row=75#ctx=3#off=1,75,0,0.84228515625,0
905,LPa.csv#row=905#ctx=3#off=1,905,0,0.090576171875,0
2418,LPa.csv#row=2418#ctx=3#off=1,2418,0,0.090576171875,0
213,LPa.csv#row=213#ctx=3#off=1,213,0,0.090576171875,0
1573,LPa.csv#row=1573#ctx=3#off=1,1573,0,0.090576171875,0
1430,LPa.csv#row=1430#ctx=3#off=1,1430,0,0.090576171875,0
1439,LPa.csv#row=1439#ctx=3#off=1,1439,0,0.090576171875,0
2085,LPa.csv#row=2085#ctx=3#off=1,2085,0,0.090576171875,0
1329,LPa.csv#row=1329#ctx=3#off=1,1329,0,0.090576171875,0
2076,LPa.csv#row=2076#ctx=3#off=1,2076,0,0.090576171875,0
1454,LPa.csv#row=1454#ctx=3#off=1,1454,0,0.090576171875,0
1582,LPa.csv#row=1582#ctx=3#off=1,1582,0,0.090576171875,0
998,LPa.csv#row=998#ctx=3#off=1,998,0,0.090576171875,0
324,LPa.csv#row=324#ctx=3#off=1,324,0,0.090576171875,0
2069,LPa.csv#row=2069#ctx=3#off=1,2069,0,0.090576171875,0
1514,LPa.csv#row=1514#ctx=3#off=1,1514,0,0.090576171875,0
1373,LPa.csv#row=1373#ctx=3#off=1,1373,0,0.090576171875,0
2548,LPa.csv#row=2548#ctx=3#off=1,2548,0,0.090576171875,0
2187,LPa.csv#row=2187#ctx=3#off=1,2187,0,0.98681640625,1
1972,LPa.csv#row=1972#ctx=3#off=1,1972,1,0.090576171875,0
1772,LPa.csv#row=1772#ctx=3#off=1,1772,0,0.090576171875,0
394,LPa.csv#row=394#ctx=3#off=1,394,0,0.090576171875,0
2505,LPa.csv#row=2505#ctx=3#off=1,2505,0,0.090576171875,0
882,LPa.csv#row=882#ctx=3#off=1,882,0,0.090576171875,0
622,LPa.csv#row=622#ctx=3#off=1,622,0,0.090576171875,0
1102,LPa.csv#row=1102#ctx=3#off=1,1102,0,0.090576171875,0
2565,LPa.csv#row=2565#ctx=3#off=1,2565,0,0.090576171875,0
1672,LPa.csv#row=1672#ctx=3#off=1,1672,0,0.090576171875,0
1341,LPa.csv#row=1341#ctx=3#off=1,1341,0,0.090576171875,0
229,LPa.csv#row=229#ctx=3#off=1,229,0,0.090576171875,0
6,LPa.csv#row=6#ctx=3#off=1,6,0,0.98876953125,1
2529,LPa.csv#row=2529#ctx=3#off=1,2529,0,0.090576171875,0
2266,LPa.csv#row=2266#ctx=3#off=1,2266,0,0.090576171875,0
1232,LPa.csv#row=1232#ctx=3#off=1,1232,0,0.090576171875,0
636,LPa.csv#row=636#ctx=3#off=1,636,0,0.090576171875,0
335,LPa.csv#row=335#ctx=3#off=1,335,0,0.090576171875,0
2302,LPa.csv#row=2302#ctx=3#off=1,2302,0,0.090576171875,0
1540,LPa.csv#row=1540#ctx=3#off=1,1540,0,0.090576171875,0
247,LPa.csv#row=247#ctx=3#off=1,247,0,0.090576171875,0
1900,LPa.csv#row=1900#ctx=3#off=1,1900,0,0.090576171875,0
2485,LPa.csv#row=2485#ctx=3#off=1,2485,0,0.090576171875,0
2116,LPa.csv#row=2116#ctx=3#off=1,2116,0,0.090576171875,0
2303,LPa.csv#row=2303#ctx=3#off=1,2303,0,0.090576171875,0
228,LPa.csv#row=228#ctx=3#off=1,228,0,0.090576171875,0
2082,LPa.csv#row=2082#ctx=3#off=1,2082,0,0.090576171875,0
645,LPa.csv#row=645#ctx=3#off=1,645,0,0.090576171875,0
137,LPa.csv#row=137#ctx=3#off=1,137,1,0.090576171875,0
2631,LPa.csv#row=2631#ctx=3#off=1,2631,0,0.090576171875,0
1954,LPa.csv#row=1954#ctx=3#off=1,1954,0,0.090576171875,0
246,LPa.csv#row=246#ctx=3#off=1,246,0,0.090576171875,0
565,LPa.csv#row=565#ctx=3#off=1,565,0,0.090576171875,0
1942,LPa.csv#row=1942#ctx=3#off=1,1942,0,0.090576171875,0
459,LPa.csv#row=459#ctx=3#off=1,459,0,0.090576171875,0
2033,LPa.csv#row=2033#ctx=3#off=1,2033,0,0.090576171875,0
1122,LPa.csv#row=1122#ctx=3#off=1,1122,0,0.090576171875,0
2245,LPa.csv#row=2245#ctx=3#off=1,2245,0,0.090576171875,0
801,LPa.csv#row=801#ctx=3#off=1,801,0,0.090576171875,0
351,LPa.csv#row=351#ctx=3#off=1,351,0,0.090576171875,0
1059,LPa.csv#row=1059#ctx=3#off=1,1059,0,0.090576171875,0
59,LPa.csv#row=59#ctx=3#off=1,59,0,0.98486328125,1
2602,LPa.csv#row=2602#ctx=3#off=1,2602,0,0.090576171875,0
690,LPa.csv#row=690#ctx=3#off=1,690,0,0.090576171875,0
122,LPa.csv#row=122#ctx=3#off=1,122,0,0.090576171875,0
1238,LPa.csv#row=1238#ctx=3#off=1,1238,0,0.090576171875,0
2372,LPa.csv#row=2372#ctx=3#off=1,2372,0,0.090576171875,0
2309,LPa.csv#row=2309#ctx=3#off=1,2309,0,0.090576171875,0
2576,LPa.csv#row=2576#ctx=3#off=1,2576,0,0.090576171875,0
1372,LPa.csv#row=1372#ctx=3#off=1,1372,0,0.090576171875,0
328,LPa.csv#row=328#ctx=3#off=1,328,0,0.090576171875,0
39,LPa.csv#row=39#ctx=3#off=1,39,0,0.84228515625,0
942,LPa.csv#row=942#ctx=3#off=1,942,0,0.090576171875,0
382,LPa.csv#row=382#ctx=3#off=1,382,0,0.090576171875,0
1142,LPa.csv#row=1142#ctx=3#off=1,1142,0,0.090576171875,0
1588,LPa.csv#row=1588#ctx=3#off=1,1588,0,0.090576171875,0
1263,LPa.csv#row=1263#ctx=3#off=1,1263,0,0.090576171875,0
735,LPa.csv#row=735#ctx=3#off=1,735,0,0.090576171875,0
318,LPa.csv#row=318#ctx=3#off=1,318,0,0.090576171875,0
20,LPa.csv#row=20#ctx=3#off=1,20,0,0.96435546875,0
550,LPa.csv#row=550#ctx=3#off=1,550,0,0.090576171875,0
2438,LPa.csv#row=2438#ctx=3#off=1,2438,0,0.090576171875,0
1266,LPa.csv#row=1266#ctx=3#off=1,1266,0,0.090576171875,0
2512,LPa.csv#row=2512#ctx=3#off=1,2512,0,0.090576171875,0
1894,LPa.csv#row=1894#ctx=3#off=1,1894,0,0.090576171875,0
2219,LPa.csv#row=2219#ctx=3#off=1,2219,0,0.090576171875,0
2299,LPa.csv#row=2299#ctx=3#off=1,2299,0,0.090576171875,0
2184,LPa.csv#row=2184#ctx=3#off=1,2184,0,0.090576171875,0
446,LPa.csv#row=446#ctx=3#off=1,446,0,0.090576171875,0
365,LPa.csv#row=365#ctx=3#off=1,365,0,0.090576171875,0
745,LPa.csv#row=745#ctx=3#off=1,745,0,0.090576171875,0
2153,LPa.csv#row=2153#ctx=3#off=1,2153,0,0.090576171875,0
516,LPa.csv#row=516#ctx=3#off=1,516,0,0.090576171875,0
577,LPa.csv#row=577#ctx=3#off=1,577,0,0.090576171875,0
908,LPa.csv#row=908#ctx=3#off=1,908,0,0.090576171875,0
2223,LPa.csv#row=2223#ctx=3#off=1,2223,0,0.090576171875,0
821,LPa.csv#row=821#ctx=3#off=1,821,0,0.090576171875,0
744,LPa.csv#row=744#ctx=3#off=1,744,0,0.090576171875,0
1395,LPa.csv#row=1395#ctx=3#off=1,1395,0,0.090576171875,0
69,LPa.csv#row=69#ctx=3#off=1,69,1,0.98486328125,1
2100,LPa.csv#row=2100#ctx=3#off=1,2100,0,0.090576171875,0
1906,LPa.csv#row=1906#ctx=3#off=1,1906,0,0.090576171875,0
1399,LPa.csv#row=1399#ctx=3#off=1,1399,0,0.090576171875,0
1707,LPa.csv#row=1707#ctx=3#off=1,1707,0,0.090576171875,0
939,LPa.csv#row=939#ctx=3#off=1,939,0,0.090576171875,0
1093,LPa.csv#row=1093#ctx=3#off=1,1093,0,0.090576171875,0
2434,LPa.csv#row=2434#ctx=3#off=1,2434,0,0.090576171875,0
2137,LPa.csv#row=2137#ctx=3#off=1,2137,0,0.090576171875,0
2056,LPa.csv#row=2056#ctx=3#off=1,2056,0,0.090576171875,0
127,LPa.csv#row=127#ctx=3#off=1,127,0,0.090576171875,0
631,LPa.csv#row=631#ctx=3#off=1,631,0,0.090576171875,0
1456,LPa.csv#row=1456#ctx=3#off=1,1456,0,0.090576171875,0
1442,LPa.csv#row=1442#ctx=3#off=1,1442,0,0.090576171875,0
2210,LPa.csv#row=2210#ctx=3#off=1,2210,0,0.090576171875,0
231,LPa.csv#row=231#ctx=3#off=1,231,0,0.090576171875,0
1156,LPa.csv#row=1156#ctx=3#off=1,1156,0,0.090576171875,0
80,LPa.csv#row=80#ctx=3#off=1,80,1,0.98583984375,1
280,LPa.csv#row=280#ctx=3#off=1,280,0,0.99609375,1
1608,LPa.csv#row=1608#ctx=3#off=1,1608,0,0.090576171875,0
1755,LPa.csv#row=1755#ctx=3#off=1,1755,0,0.090576171875,0
1756,LPa.csv#row=1756#ctx=3#off=1,1756,0,0.090576171875,0
1280,LPa.csv#row=1280#ctx=3#off=1,1280,1,0.99609375,1
1527,LPa.csv#row=1527#ctx=3#off=1,1527,0,0.090576171875,0
1376,LPa.csv#row=1376#ctx=3#off=1,1376,0,0.090576171875,0
1970,LPa.csv#row=1970#ctx=3#off=1,1970,0,0.090576171875,0
1980,LPa.csv#row=1980#ctx=3#off=1,1980,0,0.090576171875,0
2584,LPa.csv#row=2584#ctx=3#off=1,2584,0,0.090576171875,0
1592,LPa.csv#row=1592#ctx=3#off=1,1592,0,0.090576171875,0
2540,LPa.csv#row=2540#ctx=3#off=1,2540,0,0.090576171875,0
230,LPa.csv#row=230#ctx=3#off=1,230,0,0.090576171875,0
679,LPa.csv#row=679#ctx=3#off=1,679,0,0.090576171875,0
1221,LPa.csv#row=1221#ctx=3#off=1,1221,0,0.090576171875,0
1542,LPa.csv#row=1542#ctx=3#off=1,1542,0,0.090576171875,0
2039,LPa.csv#row=2039#ctx=3#off=1,2039,0,0.090576171875,0
1309,LPa.csv#row=1309#ctx=3#off=1,1309,0,0.090576171875,0
2563,LPa.csv#row=2563#ctx=3#off=1,2563,0,0.090576171875,0
1773,LPa.csv#row=1773#ctx=3#off=1,1773,0,0.090576171875,0
2265,LPa.csv#row=2265#ctx=3#off=1,2265,0,0.090576171875,0
1585,LPa.csv#row=1585#ctx=3#off=1,1585,0,0.090576171875,0
946,LPa.csv#row=946#ctx=3#off=1,946,0,0.090576171875,0
138,LPa.csv#row=138#ctx=3#off=1,138,0,0.090576171875,0
699,LPa.csv#row=699#ctx=3#off=1,699,0,0.090576171875,0
1885,LPa.csv#row=1885#ctx=3#off=1,1885,0,0.090576171875,0
1760,LPa.csv#row=1760#ctx=3#off=1,1760,0,0.090576171875,0
2464,LPa.csv#row=2464#ctx=3#off=1,2464,0,0.090576171875,0
266,LPa.csv#row=266#ctx=3#off=1,266,0,0.090576171875,0
461,LPa.csv#row=461#ctx=3#off=1,461,0,0.090576171875,0
922,LPa.csv#row=922#ctx=3#off=1,922,0,0.090576171875,0
414,LPa.csv#row=414#ctx=3#off=1,414,0,0.090576171875,0
2427,LPa.csv#row=2427#ctx=3#off=1,2427,0,0.090576171875,0
1596,LPa.csv#row=1596#ctx=3#off=1,1596,0,0.090576171875,0
2206,LPa.csv#row=2206#ctx=3#off=1,2206,0,0.090576171875,0
1629,LPa.csv#row=1629#ctx=3#off=1,1629,0,0.090576171875,0
2405,LPa.csv#row=2405#ctx=3#off=1,2405,0,0.090576171875,0
233,LPa.csv#row=233#ctx=3#off=1,233,0,0.090576171875,0
1835,LPa.csv#row=1835#ctx=3#off=1,1835,0,0.090576171875,0
1047,LPa.csv#row=1047#ctx=3#off=1,1047,0,0.090576171875,0
573,LPa.csv#row=573#ctx=3#off=1,573,0,0.090576171875,0
2225,LPa.csv#row=2225#ctx=3#off=1,2225,0,0.090576171875,0
1262,LPa.csv#row=1262#ctx=3#off=1,1262,0,0.090576171875,0
1895,LPa.csv#row=1895#ctx=3#off=1,1895,0,0.090576171875,0
1030,LPa.csv#row=1030#ctx=3#off=1,1030,0,0.090576171875,0
1295,LPa.csv#row=1295#ctx=3#off=1,1295,0,0.090576171875,0
1798,LPa.csv#row=1798#ctx=3#off=1,1798,0,0.090576171875,0
1998,LPa.csv#row=1998#ctx=3#off=1,1998,0,0.090576171875,0
