y_true,y_score,y_pred@tau=0.976
0,0.09581150114536285,0
0,0.09581150114536285,0
0,0.09581150114536285,0
0,0.09581150114536285,0
0,0.09581150114536285,0
0,0.09581150114536285,0
0,0.09581150114536285,0
0,0.09581150114536285,0
0,0.09581150114536285,0
0,0.09581150114536285,0
0,0.09581150114536285,0
0,0.09581150114536285,0
0,0.09581150114536285,0
0,0.09581150114536285,0
0,0.09581150114536285,0
0,0.09581150114536285,0
0,0.09581150114536285,0
0,0.09581150114536285,0
0,0.09581150114536285,0
0,0.09581150114536285,0
0,0.09581150114536285,0
0,0.09581150114536285,0
0,0.09581150114536285,0
0,0.09581150114536285,0
0,0.09581150114536285,0
0,0.09581150114536285,0
0,0.09581150114536285,0
0,0.09581150114536285,0
0,0.09581150114536285,0
0,0.09581150114536285,0
0,0.09581150114536285,0
0,0.09581150114536285,0
0,0.09581150114536285,0
0,0.09581150114536285,0
0,0.09581150114536285,0
0,0.09581150114536285,0
0,0.09581150114536285,0
0,0.09581150114536285,0
0,0.09581150114536285,0
0,0.09581150114536285,0
0,0.09581150114536285,0
0,0.09581150114536285,0
0,0.09581150114536285,0
0,0.09581150114536285,0
0,0.09581150114536285,0
0,0.09581150114536285,0
0,0.09581150114536285,0
0,0.09581150114536285,0
0,0.09581150114536285,0
0,0.09581150114536285,0
0,0.09581150114536285,0
0,0.09581150114536285,0
0,0.09581150114536285,0
0,0.09581150114536285,0
0,0.09581150114536285,0
0,0.09581150114536285,0
0,0.09581150114536285,0
0,0.09581150114536285,0
0,0.09581150114536285,0
0,0.09581150114536285,0
0,0.09581150114536285,0
0,0.09581150114536285,0
0,0.09581150114536285,0
0,0.09581150114536285,0
0,0.09581150114536285,0
0,0.09581150114536285,0
0,0.09581150114536285,0
0,0.09581150114536285,0
0,0.09581150114536285,0
0,0.09581150114536285,0
0,0.09581150114536285,0
0,0.09581150114536285,0
0,0.09581150114536285,0
0,0.09581150114536285,0
0,0.09581150114536285,0
0,0.09581150114536285,0
0,0.09581150114536285,0
0,0.09581150114536285,0
0,0.09581150114536285,0
0,0.09581150114536285,0
0,0.09581150114536285,0
0,0.09581150114536285,0
0,0.09581150114536285,0
0,0.09581150114536285,0
0,0.09581150114536285,0
0,0.09581150114536285,0
0,0.09581150114536285,0
0,0.09581150114536285,0
0,0.09581150114536285,0
0,0.09581150114536285,0
0,0.09581150114536285,0
0,0.09581150114536285,0
0,0.09581150114536285,0
0,0.09581150114536285,0
0,0.09581150114536285,0
0,0.09581150114536285,0
0,0.09581150114536285,0
0,0.09581150114536285,0
0,0.09581150114536285,0
0,0.09581150114536285,0
0,0.09581150114536285,0
0,0.09581150114536285,0
0,0.09581150114536285,0
0,0.09581150114536285,0
0,0.09581150114536285,0
0,0.09581150114536285,0
0,0.09581150114536285,0
0,0.09581150114536285,0
0,0.09581150114536285,0
0,0.09581150114536285,0
0,0.09581150114536285,0
0,0.09581150114536285,0
0,0.09581150114536285,0
0,0.09581150114536285,0
0,0.09581150114536285,0
0,0.09581150114536285,0
0,0.09581150114536285,0
0,0.09581150114536285,0
0,0.09581150114536285,0
0,0.09581150114536285,0
0,0.09581150114536285,0
0,0.09581150114536285,0
0,0.09581150114536285,0
0,0.09581150114536285,0
0,0.09581150114536285,0
0,0.09581150114536285,0
0,0.09581150114536285,0
0,0.09581150114536285,0
0,0.09581150114536285,0
0,0.09581150114536285,0
0,0.09581150114536285,0
0,0.09581150114536285,0
0,0.09581150114536285,0
0,0.09581150114536285,0
0,0.09581150114536285,0
0,0.09581150114536285,0
0,0.09581150114536285,0
0,0.09581150114536285,0
0,0.09581150114536285,0
0,0.09581150114536285,0
0,0.09581150114536285,0
0,0.09581150114536285,0
0,0.09581150114536285,0
0,0.09581150114536285,0
0,0.09581150114536285,0
0,0.09581150114536285,0
0,0.09581150114536285,0
0,0.09581150114536285,0
0,0.09581150114536285,0
0,0.09581150114536285,0
0,0.09581150114536285,0
0,0.09581150114536285,0
0,0.09581150114536285,0
0,0.09581150114536285,0
0,0.09581150114536285,0
0,0.09581150114536285,0
0,0.09581150114536285,0
0,0.09581150114536285,0
0,0.09581150114536285,0
0,0.09581150114536285,0
0,0.09581150114536285,0
0,0.09581150114536285,0
0,0.09581150114536285,0
0,0.09581150114536285,0
0,0.09581150114536285,0
0,0.09581150114536285,0
0,0.09581150114536285,0
0,0.09581150114536285,0
0,0.09581150114536285,0
0,0.09581150114536285,0
0,0.09581150114536285,0
0,0.09581150114536285,0
0,0.09581150114536285,0
0,0.09581150114536285,0
0,0.09581150114536285,0
0,0.09581150114536285,0
0,0.09581150114536285,0
0,0.09581150114536285,0
0,0.09581150114536285,0
0,0.09581150114536285,0
0,0.09581150114536285,0
0,0.09581150114536285,0
0,0.09581150114536285,0
0,0.09581150114536285,0
0,0.09581150114536285,0
0,0.09581150114536285,0
0,0.09581150114536285,0
0,0.09581150114536285,0
0,0.09581150114536285,0
0,0.09581150114536285,0
0,0.09581150114536285,0
0,0.09581150114536285,0
0,0.09581150114536285,0
0,0.09581150114536285,0
0,0.09581150114536285,0
0,0.09581150114536285,0
0,0.09581150114536285,0
0,0.09581150114536285,0
0,0.09581150114536285,0
0,0.09581150114536285,0
0,0.09581150114536285,0
0,0.09581150114536285,0
0,0.09581150114536285,0
0,0.09581150114536285,0
0,0.09581150114536285,0
0,0.09581150114536285,0
0,0.09581150114536285,0
0,0.09581150114536285,0
0,0.09581150114536285,0
0,0.09581150114536285,0
0,0.09581150114536285,0
0,0.09581150114536285,0
0,0.09581150114536285,0
0,0.09581150114536285,0
0,0.09581150114536285,0
0,0.09581150114536285,0
0,0.09581150114536285,0
0,0.09581150114536285,0
0,0.09581150114536285,0
0,0.09581150114536285,0
0,0.09581150114536285,0
0,0.09581150114536285,0
0,0.09581150114536285,0
0,0.09581150114536285,0
0,0.09581150114536285,0
0,0.09581150114536285,0
0,0.09581150114536285,0
0,0.09581150114536285,0
0,0.09581150114536285,0
0,0.09581150114536285,0
0,0.09581150114536285,0
0,0.09581150114536285,0
0,0.09581150114536285,0
0,0.09581150114536285,0
0,0.09581150114536285,0
0,0.09581150114536285,0
0,0.09581150114536285,0
0,0.09581150114536285,0
0,0.09581150114536285,0
0,0.09581150114536285,0
0,0.09581150114536285,0
0,0.09581150114536285,0
0,0.09581150114536285,0
0,0.09581150114536285,0
0,0.09581150114536285,0
0,0.09581150114536285,0
0,0.09581150114536285,0
0,0.09581150114536285,0
0,0.09581150114536285,0
0,0.09581150114536285,0
0,0.09581150114536285,0
0,0.09581150114536285,0
0,0.09581150114536285,0
0,0.09581150114536285,0
0,0.09581150114536285,0
0,0.09581150114536285,0
0,0.09581150114536285,0
0,0.09581150114536285,0
0,0.09581150114536285,0
0,0.09581150114536285,0
0,0.09581150114536285,0
0,0.09581150114536285,0
0,0.09581150114536285,0
0,0.09581150114536285,0
0,0.09581150114536285,0
0,0.09581150114536285,0
0,0.09581150114536285,0
0,0.09581150114536285,0
0,0.09581150114536285,0
0,0.09581150114536285,0
0,0.09581150114536285,0
0,0.09581150114536285,0
0,0.09581150114536285,0
0,0.09581150114536285,0
0,0.09581150114536285,0
0,0.09581150114536285,0
0,0.09581150114536285,0
0,0.09581150114536285,0
0,0.09581150114536285,0
0,0.09581150114536285,0
0,0.09581150114536285,0
0,0.09581150114536285,0
0,0.09581150114536285,0
0,0.09581150114536285,0
0,0.09581150114536285,0
0,0.09581150114536285,0
0,0.09581150114536285,0
0,0.09581150114536285,0
0,0.09581150114536285,0
0,0.09581150114536285,0
0,0.09581150114536285,0
0,0.09581150114536285,0
0,0.09581150114536285,0
0,0.09581150114536285,0
0,0.09581150114536285,0
0,0.09581150114536285,0
0,0.09581150114536285,0
0,0.09581150114536285,0
0,0.09581150114536285,0
0,0.09581150114536285,0
0,0.09581150114536285,0
0,0.09581150114536285,0
0,0.09581150114536285,0
0,0.09581150114536285,0
0,0.09581150114536285,0
0,0.09581150114536285,0
0,0.09581150114536285,0
0,0.09581150114536285,0
0,0.09581150114536285,0
0,0.09581150114536285,0
0,0.09581150114536285,0
0,0.09581150114536285,0
0,0.09581150114536285,0
0,0.09581150114536285,0
0,0.09581150114536285,0
0,0.09581150114536285,0
0,0.09581150114536285,0
0,0.09581150114536285,0
0,0.09581150114536285,0
0,0.09581150114536285,0
0,0.09581150114536285,0
0,0.09581150114536285,0
0,0.09581150114536285,0
0,0.09581150114536285,0
0,0.09581150114536285,0
0,0.09581150114536285,0
0,0.09581150114536285,0
0,0.09581150114536285,0
0,0.09581150114536285,0
0,0.09581150114536285,0
0,0.09581150114536285,0
0,0.09581150114536285,0
0,0.09581150114536285,0
0,0.09581150114536285,0
0,0.09581150114536285,0
0,0.09581150114536285,0
0,0.09581150114536285,0
0,0.09581150114536285,0
0,0.09581150114536285,0
0,0.09581150114536285,0
0,0.09581150114536285,0
0,0.09581150114536285,0
0,0.09581150114536285,0
0,0.09581150114536285,0
0,0.09581150114536285,0
0,0.09581150114536285,0
0,0.09581150114536285,0
0,0.09581150114536285,0
0,0.09581150114536285,0
0,0.09581150114536285,0
0,0.09581150114536285,0
0,0.09581150114536285,0
0,0.09581150114536285,0
0,0.09581150114536285,0
0,0.09581150114536285,0
0,0.09581150114536285,0
0,0.09581150114536285,0
0,0.09581150114536285,0
0,0.09581150114536285,0
0,0.09581150114536285,0
0,0.09581150114536285,0
0,0.09581150114536285,0
0,0.09581150114536285,0
0,0.09581150114536285,0
0,0.09581150114536285,0
0,0.09581150114536285,0
0,0.09581150114536285,0
0,0.09581150114536285,0
0,0.09581150114536285,0
0,0.09581150114536285,0
0,0.09581150114536285,0
0,0.09581150114536285,0
0,0.09581150114536285,0
0,0.09581150114536285,0
0,0.09581150114536285,0
0,0.09581150114536285,0
0,0.09581150114536285,0
0,0.09581150114536285,0
0,0.09581150114536285,0
0,0.09581150114536285,0
0,0.09581150114536285,0
0,0.09581150114536285,0
0,0.09581150114536285,0
0,0.09581150114536285,0
0,0.09581150114536285,0
0,0.09581150114536285,0
0,0.09581150114536285,0
0,0.09581150114536285,0
0,0.09581150114536285,0
0,0.09581150114536285,0
0,0.09581150114536285,0
0,0.09581150114536285,0
0,0.09581150114536285,0
0,0.09581150114536285,0
0,0.09581150114536285,0
0,0.09581150114536285,0
0,0.09581150114536285,0
0,0.09581150114536285,0
0,0.09581150114536285,0
0,0.09581150114536285,0
0,0.09581150114536285,0
0,0.09581150114536285,0
0,0.09581150114536285,0
0,0.09581150114536285,0
0,0.09581150114536285,0
0,0.09581150114536285,0
0,0.09581150114536285,0
0,0.09581150114536285,0
0,0.09581150114536285,0
0,0.09581150114536285,0
0,0.09581150114536285,0
0,0.09581150114536285,0
0,0.09581150114536285,0
0,0.09581150114536285,0
0,0.09581150114536285,0
0,0.09581150114536285,0
0,0.09581150114536285,0
0,0.09581150114536285,0
0,0.09581150114536285,0
0,0.09581150114536285,0
0,0.09581150114536285,0
0,0.09581150114536285,0
0,0.09581150114536285,0
0,0.09581150114536285,0
0,0.09581150114536285,0
0,0.09581150114536285,0
0,0.09581150114536285,0
0,0.09581150114536285,0
0,0.09581150114536285,0
0,0.09581150114536285,0
0,0.09581150114536285,0
0,0.09581150114536285,0
0,0.09581150114536285,0
0,0.09581150114536285,0
0,0.09581150114536285,0
0,0.09581150114536285,0
0,0.09581150114536285,0
0,0.09581150114536285,0
0,0.09581150114536285,0
0,0.09581150114536285,0
0,0.09581150114536285,0
0,0.09581150114536285,0
0,0.09581150114536285,0
0,0.09581150114536285,0
0,0.09581150114536285,0
0,0.09581150114536285,0
0,0.09581150114536285,0
0,0.09581150114536285,0
0,0.09581150114536285,0
0,0.09581150114536285,0
0,0.09581150114536285,0
0,0.09581150114536285,0
0,0.09581150114536285,0
0,0.09581150114536285,0
0,0.09581150114536285,0
0,0.09581150114536285,0
0,0.09581150114536285,0
0,0.09581150114536285,0
0,0.09581150114536285,0
0,0.09581150114536285,0
0,0.09581150114536285,0
0,0.09581150114536285,0
0,0.09581150114536285,0
0,0.09581150114536285,0
0,0.09581150114536285,0
0,0.09581150114536285,0
0,0.09581150114536285,0
0,0.09581150114536285,0
0,0.09581150114536285,0
0,0.09581150114536285,0
0,0.09581150114536285,0
0,0.09581150114536285,0
0,0.09581150114536285,0
0,0.09581150114536285,0
0,0.09581150114536285,0
0,0.09581150114536285,0
0,0.09581150114536285,0
0,0.09581150114536285,0
0,0.09581150114536285,0
0,0.09581150114536285,0
0,0.09581150114536285,0
0,0.09581150114536285,0
0,0.09581150114536285,0
0,0.09581150114536285,0
0,0.09581150114536285,0
0,0.09581150114536285,0
0,0.09581150114536285,0
0,0.09581150114536285,0
0,0.09581150114536285,0
0,0.09581150114536285,0
0,0.09581150114536285,0
0,0.09581150114536285,0
0,0.09581150114536285,0
0,0.09581150114536285,0
0,0.09581150114536285,0
0,0.09581150114536285,0
0,0.09581150114536285,0
0,0.09581150114536285,0
0,0.09581150114536285,0
0,0.09581150114536285,0
0,0.09581150114536285,0
0,0.09581150114536285,0
0,0.09581150114536285,0
0,0.09581150114536285,0
0,0.09581150114536285,0
0,0.09581150114536285,0
0,0.09581150114536285,0
0,0.09581150114536285,0
0,0.09581150114536285,0
0,0.09581150114536285,0
0,0.09581150114536285,0
0,0.09581150114536285,0
0,0.09581150114536285,0
0,0.09581150114536285,0
0,0.09581150114536285,0
0,0.09581150114536285,0
0,0.09581150114536285,0
0,0.09581150114536285,0
0,0.09581150114536285,0
0,0.09581150114536285,0
0,0.09581150114536285,0
0,0.09581150114536285,0
0,0.09581150114536285,0
0,0.09581150114536285,0
0,0.09581150114536285,0
0,0.09581150114536285,0
0,0.09581150114536285,0
0,0.09581150114536285,0
0,0.09581150114536285,0
0,0.09581150114536285,0
0,0.09581150114536285,0
0,0.09581150114536285,0
0,0.09581150114536285,0
0,0.09581150114536285,0
0,0.09581150114536285,0
0,0.09581150114536285,0
0,0.09581150114536285,0
0,0.09581150114536285,0
0,0.09581150114536285,0
0,0.09581150114536285,0
0,0.09581150114536285,0
0,0.09581150114536285,0
0,0.09581150114536285,0
0,0.09581150114536285,0
0,0.09581150114536285,0
0,0.09581150114536285,0
0,0.09581150114536285,0
0,0.09581150114536285,0
0,0.09581150114536285,0
0,0.09581150114536285,0
0,0.09581150114536285,0
0,0.09581150114536285,0
0,0.09581150114536285,0
0,0.09581150114536285,0
0,0.09581150114536285,0
0,0.09581150114536285,0
0,0.09581150114536285,0
0,0.09581150114536285,0
0,0.09581150114536285,0
0,0.09581150114536285,0
0,0.09581150114536285,0
0,0.09581150114536285,0
0,0.09581150114536285,0
0,0.09581150114536285,0
0,0.09581150114536285,0
0,0.09581150114536285,0
0,0.09581150114536285,0
0,0.09581150114536285,0
0,0.09581150114536285,0
0,0.09581150114536285,0
0,0.09581150114536285,0
0,0.09581150114536285,0
0,0.09581150114536285,0
0,0.09581150114536285,0
0,0.09581150114536285,0
0,0.09581150114536285,0
0,0.09581150114536285,0
0,0.09581150114536285,0
0,0.09581150114536285,0
0,0.09581150114536285,0
0,0.09581150114536285,0
0,0.09581150114536285,0
0,0.09581150114536285,0
0,0.09581150114536285,0
0,0.09581150114536285,0
0,0.09581150114536285,0
0,0.09581150114536285,0
0,0.09581150114536285,0
0,0.09581150114536285,0
0,0.09581150114536285,0
0,0.09581150114536285,0
0,0.09581150114536285,0
0,0.09581150114536285,0
0,0.09581150114536285,0
0,0.09581150114536285,0
0,0.09581150114536285,0
0,0.09581150114536285,0
0,0.09581150114536285,0
0,0.09581150114536285,0
0,0.09581150114536285,0
0,0.09581150114536285,0
0,0.09581150114536285,0
0,0.09581150114536285,0
0,0.09581150114536285,0
0,0.09581150114536285,0
0,0.09581150114536285,0
0,0.09581150114536285,0
0,0.09581150114536285,0
0,0.09581150114536285,0
0,0.09581150114536285,0
0,0.09581150114536285,0
0,0.09581150114536285,0
0,0.09581150114536285,0
0,0.09581150114536285,0
0,0.09581150114536285,0
0,0.09581150114536285,0
0,0.09581150114536285,0
0,0.09581150114536285,0
0,0.09581150114536285,0
0,0.09581150114536285,0
0,0.09581150114536285,0
0,0.09581150114536285,0
0,0.09581150114536285,0
0,0.09581150114536285,0
0,0.09581150114536285,0
0,0.09581150114536285,0
0,0.09581150114536285,0
0,0.09581150114536285,0
0,0.09581150114536285,0
0,0.09581150114536285,0
0,0.09581150114536285,0
0,0.09581150114536285,0
0,0.09581150114536285,0
0,0.09581150114536285,0
0,0.09581150114536285,0
0,0.09581150114536285,0
0,0.09581150114536285,0
0,0.09581150114536285,0
0,0.09581150114536285,0
0,0.09581150114536285,0
0,0.09581150114536285,0
0,0.09581150114536285,0
0,0.09581150114536285,0
0,0.09581150114536285,0
0,0.09581150114536285,0
0,0.09581150114536285,0
0,0.09581150114536285,0
0,0.09581150114536285,0
0,0.09581150114536285,0
0,0.09581150114536285,0
0,0.09581150114536285,0
0,0.09581150114536285,0
0,0.09581150114536285,0
0,0.09581150114536285,0
0,0.09581150114536285,0
0,0.09581150114536285,0
0,0.09581150114536285,0
0,0.09581150114536285,0
0,0.09581150114536285,0
0,0.09581150114536285,0
0,0.09581150114536285,0
0,0.09581150114536285,0
0,0.09581150114536285,0
0,0.09581150114536285,0
0,0.09581150114536285,0
0,0.09581150114536285,0
0,0.09581150114536285,0
0,0.09581150114536285,0
0,0.09581150114536285,0
0,0.09581150114536285,0
0,0.09581150114536285,0
0,0.09581150114536285,0
0,0.09581150114536285,0
0,0.09581150114536285,0
0,0.09581150114536285,0
0,0.09581150114536285,0
0,0.09581150114536285,0
0,0.09581150114536285,0
0,0.09581150114536285,0
0,0.09581150114536285,0
0,0.09581150114536285,0
0,0.09581150114536285,0
0,0.09581150114536285,0
0,0.09581150114536285,0
0,0.09581150114536285,0
0,0.09581150114536285,0
0,0.09581150114536285,0
0,0.09581150114536285,0
0,0.09581150114536285,0
0,0.09581150114536285,0
0,0.09581150114536285,0
0,0.09581150114536285,0
0,0.09581150114536285,0
0,0.09581150114536285,0
0,0.09581150114536285,0
0,0.09581150114536285,0
0,0.09581150114536285,0
0,0.09581150114536285,0
0,0.09581150114536285,0
0,0.09581150114536285,0
0,0.09581150114536285,0
0,0.09581150114536285,0
0,0.09581150114536285,0
0,0.09581150114536285,0
0,0.09581150114536285,0
0,0.09581150114536285,0
0,0.09581150114536285,0
0,0.09581150114536285,0
0,0.09581150114536285,0
0,0.09581150114536285,0
0,0.09581150114536285,0
0,0.09581150114536285,0
0,0.09581150114536285,0
0,0.09581150114536285,0
0,0.09581150114536285,0
0,0.09581150114536285,0
0,0.09581150114536285,0
0,0.09581150114536285,0
0,0.09581150114536285,0
0,0.09581150114536285,0
0,0.09581150114536285,0
0,0.09581150114536285,0
0,0.09581150114536285,0
0,0.09581150114536285,0
0,0.09581150114536285,0
0,0.09581150114536285,0
0,0.09581150114536285,0
0,0.09581150114536285,0
0,0.09581150114536285,0
0,0.09581150114536285,0
0,0.09581150114536285,0
0,0.09581150114536285,0
0,0.09581150114536285,0
0,0.09581150114536285,0
0,0.09581150114536285,0
0,0.09581150114536285,0
0,0.09581150114536285,0
0,0.09581150114536285,0
0,0.09581150114536285,0
0,0.09581150114536285,0
0,0.09581150114536285,0
0,0.09581150114536285,0
0,0.09581150114536285,0
0,0.09581150114536285,0
0,0.09581150114536285,0
0,0.09581150114536285,0
0,0.09581150114536285,0
0,0.09581150114536285,0
0,0.09581150114536285,0
0,0.09581150114536285,0
0,0.09581150114536285,0
0,0.09581150114536285,0
0,0.09581150114536285,0
0,0.09581150114536285,0
0,0.09581150114536285,0
0,0.09581150114536285,0
0,0.09581150114536285,0
0,0.09581150114536285,0
0,0.09581150114536285,0
0,0.09581150114536285,0
0,0.09581150114536285,0
0,0.09581150114536285,0
0,0.09581150114536285,0
0,0.09581150114536285,0
0,0.09581150114536285,0
0,0.09581150114536285,0
0,0.09581150114536285,0
0,0.09581150114536285,0
0,0.09581150114536285,0
0,0.09581150114536285,0
0,0.09581150114536285,0
0,0.09581150114536285,0
0,0.09581150114536285,0
0,0.09581150114536285,0
0,0.09581150114536285,0
0,0.09581150114536285,0
0,0.09581150114536285,0
0,0.09581150114536285,0
0,0.09581150114536285,0
0,0.09581150114536285,0
0,0.09581150114536285,0
0,0.09581150114536285,0
0,0.09581150114536285,0
0,0.09581150114536285,0
0,0.09581150114536285,0
0,0.09581150114536285,0
0,0.09581150114536285,0
0,0.09581150114536285,0
0,0.09581150114536285,0
0,0.09581150114536285,0
0,0.09581150114536285,0
0,0.09581150114536285,0
0,0.09581150114536285,0
0,0.09581150114536285,0
0,0.09581150114536285,0
0,0.09581150114536285,0
0,0.09581150114536285,0
0,0.09581150114536285,0
0,0.09581150114536285,0
0,0.09581150114536285,0
0,0.09581150114536285,0
0,0.09581150114536285,0
0,0.09581150114536285,0
0,0.09581150114536285,0
0,0.09581150114536285,0
0,0.09581150114536285,0
0,0.09581150114536285,0
0,0.09581150114536285,0
0,0.09581150114536285,0
0,0.09581150114536285,0
0,0.09581150114536285,0
0,0.09581150114536285,0
0,0.09581150114536285,0
0,0.09581150114536285,0
0,0.09581150114536285,0
0,0.09581150114536285,0
0,0.09581150114536285,0
0,0.09581150114536285,0
0,0.09581150114536285,0
0,0.09581150114536285,0
0,0.09581150114536285,0
0,0.09581150114536285,0
0,0.09581150114536285,0
0,0.09581150114536285,0
0,0.09581150114536285,0
0,0.09581150114536285,0
0,0.09581150114536285,0
0,0.09581150114536285,0
0,0.09581150114536285,0
0,0.09581150114536285,0
0,0.09581150114536285,0
0,0.09581150114536285,0
0,0.09581150114536285,0
0,0.09581150114536285,0
0,0.09581150114536285,0
0,0.09581150114536285,0
0,0.09581150114536285,0
0,0.09581150114536285,0
0,0.09581150114536285,0
0,0.09581150114536285,0
0,0.09581150114536285,0
0,0.09581150114536285,0
0,0.09581150114536285,0
0,0.09581150114536285,0
0,0.09581150114536285,0
0,0.09581150114536285,0
0,0.09581150114536285,0
0,0.09581150114536285,0
0,0.09581150114536285,0
0,0.09581150114536285,0
0,0.09581150114536285,0
0,0.09581150114536285,0
0,0.09581150114536285,0
0,0.09581150114536285,0
0,0.09581150114536285,0
0,0.09581150114536285,0
0,0.09581150114536285,0
0,0.09581150114536285,0
0,0.09581150114536285,0
0,0.09581150114536285,0
0,0.09581150114536285,0
0,0.09581150114536285,0
0,0.09581150114536285,0
0,0.09581150114536285,0
0,0.09581150114536285,0
0,0.09581150114536285,0
0,0.09581150114536285,0
0,0.09581150114536285,0
0,0.09581150114536285,0
0,0.09581150114536285,0
0,0.09581150114536285,0
0,0.09581150114536285,0
0,0.09581150114536285,0
0,0.09581150114536285,0
0,0.09581150114536285,0
0,0.09581150114536285,0
0,0.09581150114536285,0
0,0.09581150114536285,0
0,0.09581150114536285,0
0,0.09581150114536285,0
0,0.09581150114536285,0
0,0.09581150114536285,0
0,0.09581150114536285,0
0,0.09581150114536285,0
0,0.09581150114536285,0
0,0.09581150114536285,0
0,0.09581150114536285,0
0,0.09581150114536285,0
0,0.09581150114536285,0
0,0.09581150114536285,0
0,0.09581150114536285,0
0,0.09581150114536285,0
0,0.09581150114536285,0
0,0.09581150114536285,0
0,0.09581150114536285,0
0,0.09581150114536285,0
0,0.09581150114536285,0
0,0.09581150114536285,0
0,0.09581150114536285,0
0,0.09581150114536285,0
0,0.09581150114536285,0
0,0.09581150114536285,0
0,0.09581150114536285,0
0,0.09581150114536285,0
0,0.09581150114536285,0
0,0.09581150114536285,0
0,0.09581150114536285,0
0,0.09581150114536285,0
0,0.09581150114536285,0
0,0.09581150114536285,0
0,0.09581150114536285,0
0,0.09581150114536285,0
0,0.09581150114536285,0
0,0.09581150114536285,0
0,0.09581150114536285,0
0,0.09581150114536285,0
0,0.09581150114536285,0
0,0.09581150114536285,0
0,0.09581150114536285,0
0,0.09581150114536285,0
0,0.09581150114536285,0
0,0.09581150114536285,0
0,0.09581150114536285,0
0,0.09581150114536285,0
0,0.09581150114536285,0
0,0.09581150114536285,0
0,0.09581150114536285,0
0,0.09581150114536285,0
0,0.09581150114536285,0
0,0.09581150114536285,0
0,0.09581150114536285,0
0,0.09581150114536285,0
0,0.09581150114536285,0
0,0.09581150114536285,0
0,0.09581150114536285,0
0,0.09581150114536285,0
0,0.09581150114536285,0
0,0.09581150114536285,0
0,0.09581150114536285,0
0,0.09581150114536285,0
0,0.09581150114536285,0
0,0.09581150114536285,0
0,0.09581150114536285,0
0,0.09581150114536285,0
0,0.09581150114536285,0
0,0.09581150114536285,0
0,0.09581150114536285,0
0,0.09581150114536285,0
0,0.09581150114536285,0
0,0.09581150114536285,0
0,0.09581150114536285,0
0,0.09581150114536285,0
0,0.09581150114536285,0
0,0.09581150114536285,0
0,0.09581150114536285,0
0,0.09581150114536285,0
0,0.09581150114536285,0
0,0.09581150114536285,0
0,0.09581150114536285,0
0,0.09581150114536285,0
0,0.09581150114536285,0
0,0.09581150114536285,0
0,0.09581150114536285,0
0,0.09581150114536285,0
0,0.09581150114536285,0
0,0.09581150114536285,0
0,0.09581150114536285,0
0,0.09581150114536285,0
0,0.09581150114536285,0
0,0.09581150114536285,0
0,0.09581150114536285,0
0,0.09581150114536285,0
0,0.09581150114536285,0
0,0.09581150114536285,0
0,0.09581150114536285,0
0,0.09581150114536285,0
0,0.09581150114536285,0
0,0.09581150114536285,0
0,0.09581150114536285,0
0,0.09581150114536285,0
0,0.09581150114536285,0
0,0.09581150114536285,0
0,0.09581150114536285,0
0,0.09581150114536285,0
0,0.09581150114536285,0
0,0.09581150114536285,0
0,0.09581150114536285,0
0,0.09581150114536285,0
0,0.09581150114536285,0
0,0.09581150114536285,0
0,0.09581150114536285,0
0,0.09581150114536285,0
0,0.09581150114536285,0
0,0.09581150114536285,0
0,0.09581150114536285,0
0,0.09581150114536285,0
0,0.09581150114536285,0
0,0.09581150114536285,0
0,0.09581150114536285,0
0,0.09581150114536285,0
0,0.09581150114536285,0
0,0.09581150114536285,0
0,0.09581150114536285,0
0,0.09581150114536285,0
0,0.09581150114536285,0
0,0.09581150114536285,0
0,0.09581150114536285,0
0,0.09581150114536285,0
0,0.09581150114536285,0
0,0.09581150114536285,0
0,0.09581150114536285,0
0,0.09581150114536285,0
0,0.09581150114536285,0
0,0.09581150114536285,0
0,0.09581150114536285,0
0,0.09581150114536285,0
0,0.09581150114536285,0
0,0.09581150114536285,0
0,0.09581150114536285,0
0,0.09581150114536285,0
0,0.09581150114536285,0
0,0.09581150114536285,0
0,0.09581150114536285,0
0,0.09581150114536285,0
0,0.09581150114536285,0
0,0.09581150114536285,0
0,0.09581150114536285,0
0,0.09581150114536285,0
0,0.09581150114536285,0
0,0.09581150114536285,0
0,0.09581150114536285,0
0,0.09581150114536285,0
0,0.09581150114536285,0
0,0.09581150114536285,0
0,0.09581150114536285,0
0,0.09581150114536285,0
0,0.09581150114536285,0
0,0.09581150114536285,0
0,0.09581150114536285,0
0,0.09581150114536285,0
0,0.09581150114536285,0
0,0.09581150114536285,0
0,0.09581150114536285,0
0,0.09581150114536285,0
0,0.09581150114536285,0
0,0.09581150114536285,0
0,0.09581150114536285,0
0,0.09581150114536285,0
0,0.09581150114536285,0
0,0.09581150114536285,0
0,0.09581150114536285,0
0,0.09581150114536285,0
0,0.09581150114536285,0
0,0.09581150114536285,0
0,0.09581150114536285,0
0,0.09581150114536285,0
0,0.09581150114536285,0
0,0.09581150114536285,0
0,0.09581150114536285,0
0,0.09581150114536285,0
0,0.09581150114536285,0
0,0.09581150114536285,0
0,0.09581150114536285,0
0,0.09581150114536285,0
0,0.09581150114536285,0
0,0.09581150114536285,0
0,0.09581150114536285,0
0,0.09581150114536285,0
0,0.09581150114536285,0
0,0.09581150114536285,0
0,0.09581150114536285,0
0,0.09581150114536285,0
0,0.09581150114536285,0
0,0.09581150114536285,0
0,0.09581150114536285,0
0,0.09581150114536285,0
0,0.09581150114536285,0
0,0.09581150114536285,0
0,0.09581150114536285,0
0,0.09581150114536285,0
0,0.09581150114536285,0
0,0.09581150114536285,0
0,0.09581150114536285,0
0,0.09581150114536285,0
0,0.09581150114536285,0
0,0.09581150114536285,0
0,0.09581150114536285,0
0,0.09581150114536285,0
0,0.09581150114536285,0
0,0.09581150114536285,0
0,0.09581150114536285,0
0,0.09581150114536285,0
0,0.09581150114536285,0
0,0.09581150114536285,0
0,0.09581150114536285,0
0,0.09581150114536285,0
0,0.09581150114536285,0
0,0.09581150114536285,0
0,0.09581150114536285,0
0,0.09581150114536285,0
0,0.09581150114536285,0
0,0.09581150114536285,0
0,0.09581150114536285,0
0,0.09581150114536285,0
0,0.09581150114536285,0
0,0.09581150114536285,0
0,0.09581150114536285,0
0,0.09581150114536285,0
0,0.09581150114536285,0
0,0.09581150114536285,0
0,0.09581150114536285,0
0,0.09581150114536285,0
0,0.09581150114536285,0
0,0.09581150114536285,0
0,0.09581150114536285,0
0,0.09581150114536285,0
0,0.09581150114536285,0
0,0.09581150114536285,0
0,0.09581150114536285,0
0,0.09581150114536285,0
0,0.09581150114536285,0
0,0.09581150114536285,0
0,0.09581150114536285,0
0,0.09581150114536285,0
0,0.09581150114536285,0
0,0.09581150114536285,0
0,0.09581150114536285,0
0,0.09581150114536285,0
0,0.09581150114536285,0
0,0.09581150114536285,0
0,0.09581150114536285,0
0,0.09581150114536285,0
0,0.09581150114536285,0
0,0.09581150114536285,0
0,0.09581150114536285,0
0,0.09581150114536285,0
0,0.09581150114536285,0
0,0.09581150114536285,0
0,0.09581150114536285,0
0,0.09581150114536285,0
0,0.09581150114536285,0
0,0.09581150114536285,0
0,0.09581150114536285,0
0,0.09581150114536285,0
0,0.09581150114536285,0
0,0.09581150114536285,0
0,0.09581150114536285,0
0,0.09581150114536285,0
0,0.09581150114536285,0
0,0.09581150114536285,0
0,0.09581150114536285,0
0,0.09581150114536285,0
0,0.09581150114536285,0
0,0.09581150114536285,0
0,0.09581150114536285,0
0,0.09581150114536285,0
0,0.09581150114536285,0
0,0.09581150114536285,0
0,0.09581150114536285,0
0,0.09581150114536285,0
0,0.09581150114536285,0
0,0.09581150114536285,0
0,0.09581150114536285,0
0,0.09581150114536285,0
0,0.09581150114536285,0
0,0.09581150114536285,0
0,0.09581150114536285,0
0,0.09581150114536285,0
0,0.09581150114536285,0
0,0.09581150114536285,0
0,0.09581150114536285,0
0,0.09581150114536285,0
0,0.09581150114536285,0
0,0.09581150114536285,0
0,0.09581150114536285,0
0,0.09581150114536285,0
0,0.09581150114536285,0
0,0.09581150114536285,0
0,0.09581150114536285,0
0,0.09581150114536285,0
0,0.09581150114536285,0
0,0.09581150114536285,0
0,0.09581150114536285,0
0,0.09581150114536285,0
0,0.09581150114536285,0
0,0.09581150114536285,0
0,0.09581150114536285,0
0,0.09581150114536285,0
0,0.09581150114536285,0
0,0.09581150114536285,0
0,0.09581150114536285,0
0,0.09581150114536285,0
0,0.09581150114536285,0
0,0.09581150114536285,0
0,0.09581150114536285,0
0,0.09581150114536285,0
0,0.09581150114536285,0
0,0.09581150114536285,0
0,0.09581150114536285,0
0,0.09581150114536285,0
0,0.09581150114536285,0
0,0.09581150114536285,0
0,0.09581150114536285,0
0,0.09581150114536285,0
0,0.09581150114536285,0
0,0.09581150114536285,0
0,0.09581150114536285,0
0,0.09581150114536285,0
0,0.09581150114536285,0
0,0.09581150114536285,0
0,0.09581150114536285,0
0,0.09581150114536285,0
0,0.09581150114536285,0
0,0.09581150114536285,0
0,0.09581150114536285,0
0,0.09581150114536285,0
0,0.09581150114536285,0
0,0.09581150114536285,0
0,0.09581150114536285,0
0,0.09581150114536285,0
0,0.09581150114536285,0
0,0.09581150114536285,0
0,0.09581150114536285,0
0,0.09581150114536285,0
0,0.09581150114536285,0
0,0.09581150114536285,0
0,0.09581150114536285,0
0,0.09581150114536285,0
0,0.09581150114536285,0
0,0.09581150114536285,0
0,0.09581150114536285,0
0,0.09581150114536285,0
0,0.09581150114536285,0
0,0.09581150114536285,0
0,0.09581150114536285,0
0,0.09581150114536285,0
0,0.09581150114536285,0
0,0.09581150114536285,0
0,0.09581150114536285,0
0,0.09581150114536285,0
0,0.09581150114536285,0
0,0.09581150114536285,0
0,0.09581150114536285,0
0,0.09581150114536285,0
0,0.09581150114536285,0
0,0.09581150114536285,0
0,0.09581150114536285,0
0,0.09581150114536285,0
0,0.09581150114536285,0
0,0.09581150114536285,0
0,0.09581150114536285,0
0,0.09581150114536285,0
0,0.09581150114536285,0
0,0.09581150114536285,0
0,0.09581150114536285,0
0,0.09581150114536285,0
0,0.09581150114536285,0
0,0.09581150114536285,0
0,0.09581150114536285,0
0,0.09581150114536285,0
0,0.09581150114536285,0
0,0.09581150114536285,0
0,0.09581150114536285,0
0,0.09581150114536285,0
0,0.09581150114536285,0
0,0.09581150114536285,0
0,0.09581150114536285,0
0,0.09581150114536285,0
0,0.09581150114536285,0
0,0.09581150114536285,0
0,0.09581150114536285,0
0,0.09581150114536285,0
0,0.09581150114536285,0
0,0.09581150114536285,0
0,0.09581150114536285,0
0,0.09581150114536285,0
0,0.09581150114536285,0
0,0.09581150114536285,0
0,0.09581150114536285,0
0,0.09581150114536285,0
0,0.09581150114536285,0
0,0.09581150114536285,0
0,0.09581150114536285,0
0,0.09581150114536285,0
0,0.09581150114536285,0
0,0.09581150114536285,0
0,0.09581150114536285,0
0,0.09581150114536285,0
0,0.09581150114536285,0
0,0.09581150114536285,0
0,0.09581150114536285,0
0,0.09581150114536285,0
0,0.09581150114536285,0
0,0.09581150114536285,0
0,0.09581150114536285,0
0,0.09581150114536285,0
0,0.09581150114536285,0
0,0.09581150114536285,0
0,0.09581150114536285,0
0,0.09581150114536285,0
0,0.09581150114536285,0
0,0.09581150114536285,0
0,0.09581150114536285,0
0,0.09581150114536285,0
0,0.09581150114536285,0
0,0.09581150114536285,0
0,0.09581150114536285,0
0,0.09581150114536285,0
0,0.09581150114536285,0
0,0.09581150114536285,0
0,0.09581150114536285,0
0,0.09581150114536285,0
0,0.09581150114536285,0
0,0.09581150114536285,0
0,0.09581150114536285,0
0,0.09581150114536285,0
0,0.09581150114536285,0
0,0.09581150114536285,0
0,0.09581150114536285,0
0,0.09581150114536285,0
0,0.09581150114536285,0
0,0.09581150114536285,0
0,0.09581150114536285,0
0,0.09581150114536285,0
0,0.09581150114536285,0
0,0.09581150114536285,0
0,0.09581150114536285,0
0,0.09581150114536285,0
0,0.09581150114536285,0
0,0.09581150114536285,0
0,0.09581150114536285,0
0,0.09581150114536285,0
0,0.09581150114536285,0
0,0.09581150114536285,0
0,0.09581150114536285,0
0,0.09581150114536285,0
0,0.09581150114536285,0
0,0.09581150114536285,0
0,0.09581150114536285,0
0,0.09581150114536285,0
0,0.09581150114536285,0
0,0.09581150114536285,0
0,0.09581150114536285,0
0,0.09581150114536285,0
0,0.09581150114536285,0
0,0.09581150114536285,0
0,0.09581150114536285,0
0,0.09581150114536285,0
0,0.09581150114536285,0
0,0.09581150114536285,0
0,0.09581150114536285,0
0,0.09581150114536285,0
0,0.09581150114536285,0
0,0.09581150114536285,0
0,0.09581150114536285,0
0,0.09581150114536285,0
0,0.09581150114536285,0
0,0.09581150114536285,0
0,0.09581150114536285,0
0,0.09581150114536285,0
0,0.09581150114536285,0
0,0.09581150114536285,0
0,0.09581150114536285,0
0,0.09581150114536285,0
0,0.09581150114536285,0
0,0.09581150114536285,0
0,0.09581150114536285,0
0,0.09581150114536285,0
0,0.09581150114536285,0
0,0.09581150114536285,0
0,0.09581150114536285,0
0,0.09581150114536285,0
0,0.09581150114536285,0
0,0.09581150114536285,0
0,0.09581150114536285,0
0,0.09581150114536285,0
0,0.09581150114536285,0
0,0.09581150114536285,0
0,0.09581150114536285,0
0,0.09581150114536285,0
0,0.09581150114536285,0
0,0.09581150114536285,0
0,0.09581150114536285,0
0,0.09581150114536285,0
0,0.09581150114536285,0
0,0.09581150114536285,0
0,0.09581150114536285,0
0,0.09581150114536285,0
0,0.09581150114536285,0
0,0.09581150114536285,0
0,0.09581150114536285,0
0,0.09581150114536285,0
0,0.09581150114536285,0
0,0.09581150114536285,0
0,0.09581150114536285,0
0,0.09581150114536285,0
0,0.09581150114536285,0
0,0.09581150114536285,0
0,0.09581150114536285,0
0,0.09581150114536285,0
0,0.09581150114536285,0
0,0.09581150114536285,0
0,0.09581150114536285,0
0,0.09581150114536285,0
0,0.09581150114536285,0
0,0.09581150114536285,0
0,0.09581150114536285,0
0,0.09581150114536285,0
0,0.09581150114536285,0
0,0.09581150114536285,0
0,0.09581150114536285,0
0,0.09581150114536285,0
0,0.09581150114536285,0
0,0.09581150114536285,0
0,0.09581150114536285,0
0,0.09581150114536285,0
0,0.09581150114536285,0
0,0.09581150114536285,0
0,0.09581150114536285,0
0,0.09581150114536285,0
0,0.09581150114536285,0
0,0.09581150114536285,0
0,0.09581150114536285,0
0,0.09581150114536285,0
0,0.09581150114536285,0
0,0.09581150114536285,0
0,0.09581150114536285,0
0,0.09581150114536285,0
0,0.09581150114536285,0
0,0.09581150114536285,0
0,0.09581150114536285,0
0,0.09581150114536285,0
0,0.09581150114536285,0
0,0.09581150114536285,0
0,0.09581150114536285,0
0,0.09581150114536285,0
0,0.09581150114536285,0
0,0.09581150114536285,0
0,0.09581150114536285,0
0,0.09581150114536285,0
0,0.09581150114536285,0
0,0.09581150114536285,0
0,0.09581150114536285,0
0,0.09581150114536285,0
0,0.09581150114536285,0
0,0.09581150114536285,0
0,0.09581150114536285,0
0,0.09581150114536285,0
0,0.09581150114536285,0
0,0.09581150114536285,0
0,0.09581150114536285,0
0,0.09581150114536285,0
0,0.09581150114536285,0
0,0.09581150114536285,0
0,0.09581150114536285,0
0,0.09581150114536285,0
0,0.09581150114536285,0
0,0.09581150114536285,0
0,0.09581150114536285,0
0,0.09581150114536285,0
0,0.09581150114536285,0
0,0.09581150114536285,0
0,0.09581150114536285,0
0,0.09581150114536285,0
0,0.09581150114536285,0
0,0.09581150114536285,0
0,0.09581150114536285,0
0,0.09581150114536285,0
0,0.09581150114536285,0
0,0.09581150114536285,0
0,0.09581150114536285,0
0,0.09581150114536285,0
0,0.09581150114536285,0
0,0.09581150114536285,0
0,0.09581150114536285,0
0,0.09581150114536285,0
0,0.09581150114536285,0
0,0.09581150114536285,0
0,0.09581150114536285,0
0,0.09581150114536285,0
0,0.09581150114536285,0
0,0.09581150114536285,0
0,0.09581150114536285,0
0,0.09581150114536285,0
0,0.09581150114536285,0
0,0.09581150114536285,0
0,0.09581150114536285,0
0,0.09581150114536285,0
0,0.09581150114536285,0
0,0.09581150114536285,0
0,0.09581150114536285,0
0,0.09581150114536285,0
0,0.09581150114536285,0
0,0.09581150114536285,0
0,0.09581150114536285,0
0,0.09581150114536285,0
0,0.09581150114536285,0
0,0.09581150114536285,0
0,0.09581150114536285,0
0,0.09581150114536285,0
0,0.09581150114536285,0
0,0.09581150114536285,0
0,0.09581150114536285,0
0,0.09581150114536285,0
0,0.09581150114536285,0
0,0.09581150114536285,0
0,0.09581150114536285,0
0,0.09581150114536285,0
0,0.09581150114536285,0
0,0.09581150114536285,0
0,0.09581150114536285,0
0,0.09581150114536285,0
0,0.09581150114536285,0
0,0.09581150114536285,0
0,0.09581150114536285,0
0,0.09581150114536285,0
0,0.09581150114536285,0
0,0.09581150114536285,0
0,0.09581150114536285,0
0,0.09581150114536285,0
0,0.09581150114536285,0
0,0.09581150114536285,0
0,0.09581150114536285,0
0,0.09581150114536285,0
0,0.09581150114536285,0
0,0.09581150114536285,0
0,0.09581150114536285,0
0,0.09581150114536285,0
0,0.09581150114536285,0
0,0.09581150114536285,0
0,0.09581150114536285,0
0,0.09581150114536285,0
0,0.09581150114536285,0
0,0.09581150114536285,0
0,0.09581150114536285,0
0,0.09581150114536285,0
0,0.09581150114536285,0
0,0.09581150114536285,0
0,0.09581150114536285,0
0,0.09581150114536285,0
0,0.09581150114536285,0
0,0.09581150114536285,0
0,0.09581150114536285,0
0,0.09581150114536285,0
0,0.09581150114536285,0
0,0.09581150114536285,0
0,0.09581150114536285,0
0,0.09581150114536285,0
0,0.09581150114536285,0
0,0.09581150114536285,0
0,0.09581150114536285,0
0,0.09581150114536285,0
0,0.09581150114536285,0
0,0.09581150114536285,0
0,0.09581150114536285,0
0,0.09581150114536285,0
0,0.09581150114536285,0
0,0.09581150114536285,0
0,0.09581150114536285,0
0,0.09581150114536285,0
0,0.09581150114536285,0
0,0.09581150114536285,0
0,0.09581150114536285,0
0,0.09581150114536285,0
0,0.09581150114536285,0
0,0.09581150114536285,0
0,0.09581150114536285,0
0,0.09581150114536285,0
0,0.09581150114536285,0
0,0.09581150114536285,0
0,0.09581150114536285,0
0,0.09581150114536285,0
0,0.09581150114536285,0
0,0.09581150114536285,0
0,0.09581150114536285,0
0,0.09581150114536285,0
0,0.09581150114536285,0
0,0.09581150114536285,0
0,0.09581150114536285,0
0,0.09581150114536285,0
0,0.09581150114536285,0
0,0.09581150114536285,0
0,0.09581150114536285,0
0,0.09581150114536285,0
0,0.09581150114536285,0
0,0.09581150114536285,0
0,0.09581150114536285,0
0,0.09581150114536285,0
0,0.09581150114536285,0
0,0.09581150114536285,0
0,0.09581150114536285,0
0,0.09581150114536285,0
0,0.09581150114536285,0
0,0.09581150114536285,0
0,0.09581150114536285,0
0,0.09581150114536285,0
0,0.09581150114536285,0
0,0.09581150114536285,0
0,0.09581150114536285,0
0,0.09581150114536285,0
0,0.09581150114536285,0
0,0.09581150114536285,0
0,0.09581150114536285,0
0,0.09581150114536285,0
0,0.09581150114536285,0
0,0.09581150114536285,0
0,0.09581150114536285,0
0,0.09581150114536285,0
0,0.09581150114536285,0
0,0.09581150114536285,0
0,0.09581150114536285,0
0,0.09581150114536285,0
0,0.09581150114536285,0
0,0.09581150114536285,0
0,0.09581150114536285,0
0,0.09581150114536285,0
0,0.09581150114536285,0
0,0.09581150114536285,0
0,0.09581150114536285,0
0,0.09581150114536285,0
0,0.09581150114536285,0
0,0.09581150114536285,0
0,0.09581150114536285,0
0,0.09581150114536285,0
0,0.09581150114536285,0
0,0.09581150114536285,0
0,0.09581150114536285,0
0,0.09581150114536285,0
0,0.09581150114536285,0
0,0.09581150114536285,0
0,0.09581150114536285,0
0,0.09581150114536285,0
0,0.09581150114536285,0
0,0.09581150114536285,0
0,0.09581150114536285,0
0,0.09581150114536285,0
0,0.09581150114536285,0
0,0.09581150114536285,0
0,0.09581150114536285,0
0,0.09581150114536285,0
0,0.09581150114536285,0
0,0.09581150114536285,0
0,0.09581150114536285,0
0,0.09581150114536285,0
0,0.09581150114536285,0
0,0.09581150114536285,0
0,0.09581150114536285,0
0,0.09581150114536285,0
0,0.09581150114536285,0
0,0.09581150114536285,0
0,0.09581150114536285,0
0,0.09581150114536285,0
0,0.09581150114536285,0
0,0.09581150114536285,0
0,0.09581150114536285,0
0,0.09581150114536285,0
0,0.09581150114536285,0
0,0.09581150114536285,0
0,0.09581150114536285,0
0,0.09581150114536285,0
0,0.09581150114536285,0
0,0.09581150114536285,0
0,0.09581150114536285,0
0,0.09581150114536285,0
0,0.09581150114536285,0
0,0.09581150114536285,0
0,0.09581150114536285,0
0,0.09581150114536285,0
0,0.09581150114536285,0
0,0.09581150114536285,0
0,0.09581150114536285,0
0,0.09581150114536285,0
0,0.09581150114536285,0
0,0.09581150114536285,0
0,0.09581150114536285,0
0,0.09581150114536285,0
0,0.09581150114536285,0
0,0.09581150114536285,0
0,0.09581150114536285,0
0,0.09581150114536285,0
0,0.09581150114536285,0
0,0.09581150114536285,0
0,0.09581150114536285,0
0,0.09581150114536285,0
0,0.09581150114536285,0
0,0.09581150114536285,0
0,0.09581150114536285,0
0,0.09581150114536285,0
0,0.09581150114536285,0
0,0.09581150114536285,0
0,0.09581150114536285,0
0,0.09581150114536285,0
0,0.09581150114536285,0
0,0.09581150114536285,0
0,0.09581150114536285,0
0,0.09581150114536285,0
0,0.09581150114536285,0
0,0.09581150114536285,0
0,0.09581150114536285,0
0,0.09581150114536285,0
0,0.09581150114536285,0
0,0.09581150114536285,0
0,0.09581150114536285,0
0,0.09581150114536285,0
0,0.09581150114536285,0
0,0.09581150114536285,0
0,0.09581150114536285,0
0,0.09581150114536285,0
0,0.09581150114536285,0
0,0.09581150114536285,0
0,0.09581150114536285,0
0,0.09581150114536285,0
0,0.09581150114536285,0
0,0.09581150114536285,0
0,0.09581150114536285,0
0,0.09581150114536285,0
0,0.09581150114536285,0
0,0.09581150114536285,0
0,0.09581150114536285,0
0,0.09581150114536285,0
0,0.09581150114536285,0
0,0.09581150114536285,0
0,0.09581150114536285,0
0,0.09581150114536285,0
0,0.09581150114536285,0
0,0.09581150114536285,0
0,0.09581150114536285,0
0,0.09581150114536285,0
0,0.09581150114536285,0
0,0.09581150114536285,0
0,0.09581150114536285,0
0,0.09581150114536285,0
0,0.09581150114536285,0
0,0.09581150114536285,0
0,0.09581150114536285,0
0,0.09581150114536285,0
0,0.09581150114536285,0
0,0.09581150114536285,0
0,0.09581150114536285,0
0,0.09581150114536285,0
0,0.09581150114536285,0
0,0.09581150114536285,0
0,0.09581150114536285,0
0,0.09581150114536285,0
0,0.09581150114536285,0
0,0.09581150114536285,0
0,0.09581150114536285,0
0,0.09581150114536285,0
0,0.09581150114536285,0
0,0.09581150114536285,0
0,0.09581150114536285,0
0,0.09581150114536285,0
0,0.09581150114536285,0
0,0.09581150114536285,0
0,0.09581150114536285,0
0,0.09581150114536285,0
0,0.09581150114536285,0
0,0.09581150114536285,0
0,0.09581150114536285,0
0,0.09581150114536285,0
0,0.09581150114536285,0
0,0.09581150114536285,0
0,0.09581150114536285,0
0,0.09581150114536285,0
0,0.09581150114536285,0
0,0.09581150114536285,0
0,0.09581150114536285,0
0,0.09581150114536285,0
0,0.09581150114536285,0
0,0.09581150114536285,0
0,0.09581150114536285,0
0,0.09581150114536285,0
0,0.09581150114536285,0
0,0.09581150114536285,0
0,0.09581150114536285,0
0,0.09581150114536285,0
0,0.09581150114536285,0
0,0.09581150114536285,0
0,0.09581150114536285,0
0,0.09581150114536285,0
0,0.09581150114536285,0
0,0.09581150114536285,0
0,0.09581150114536285,0
0,0.09581150114536285,0
0,0.09581150114536285,0
0,0.09581150114536285,0
0,0.09581150114536285,0
0,0.09581150114536285,0
0,0.09581150114536285,0
0,0.09581150114536285,0
0,0.09581150114536285,0
0,0.09581150114536285,0
0,0.09581150114536285,0
0,0.09581150114536285,0
0,0.09581150114536285,0
0,0.09581150114536285,0
0,0.09581150114536285,0
0,0.09581150114536285,0
0,0.09581150114536285,0
0,0.09581150114536285,0
0,0.09581150114536285,0
0,0.09581150114536285,0
0,0.09581150114536285,0
0,0.09581150114536285,0
0,0.09581150114536285,0
0,0.09581150114536285,0
0,0.09581150114536285,0
0,0.09581150114536285,0
0,0.09581150114536285,0
0,0.09581150114536285,0
0,0.09581150114536285,0
0,0.09581150114536285,0
0,0.09581150114536285,0
0,0.09581150114536285,0
0,0.09581150114536285,0
0,0.09581150114536285,0
0,0.09581150114536285,0
0,0.09581150114536285,0
0,0.09581150114536285,0
0,0.09581150114536285,0
0,0.09581150114536285,0
0,0.09581150114536285,0
0,0.09581150114536285,0
0,0.09581150114536285,0
0,0.09581150114536285,0
0,0.09581150114536285,0
0,0.09581150114536285,0
0,0.09581150114536285,0
0,0.09581150114536285,0
0,0.09581150114536285,0
0,0.09581150114536285,0
0,0.09581150114536285,0
0,0.09581150114536285,0
0,0.09581150114536285,0
0,0.09581150114536285,0
0,0.09581150114536285,0
0,0.09581150114536285,0
0,0.09581150114536285,0
0,0.09581150114536285,0
0,0.09581150114536285,0
0,0.09581150114536285,0
0,0.09581150114536285,0
0,0.09581150114536285,0
0,0.09581150114536285,0
0,0.09581150114536285,0
0,0.09581150114536285,0
0,0.09581150114536285,0
0,0.09581150114536285,0
0,0.09581150114536285,0
0,0.09581150114536285,0
0,0.09581150114536285,0
0,0.09581150114536285,0
0,0.09581150114536285,0
0,0.09581150114536285,0
0,0.09581150114536285,0
0,0.09581150114536285,0
0,0.09581150114536285,0
0,0.09581150114536285,0
0,0.09581150114536285,0
0,0.09581150114536285,0
0,0.09581150114536285,0
0,0.09581150114536285,0
0,0.09581150114536285,0
0,0.09581150114536285,0
0,0.09581150114536285,0
0,0.09581150114536285,0
0,0.09581150114536285,0
0,0.09581150114536285,0
0,0.09581150114536285,0
0,0.09581150114536285,0
0,0.09581150114536285,0
0,0.09581150114536285,0
0,0.09581150114536285,0
0,0.09581150114536285,0
0,0.09581150114536285,0
0,0.09581150114536285,0
0,0.09581150114536285,0
0,0.09581150114536285,0
0,0.09581150114536285,0
0,0.09581150114536285,0
0,0.09581150114536285,0
0,0.09581150114536285,0
0,0.09581150114536285,0
0,0.09581150114536285,0
0,0.09581150114536285,0
0,0.09581150114536285,0
0,0.09581150114536285,0
0,0.09581150114536285,0
0,0.09581150114536285,0
0,0.09581150114536285,0
0,0.09581150114536285,0
0,0.09581150114536285,0
0,0.09581150114536285,0
0,0.09581150114536285,0
0,0.09581150114536285,0
0,0.09581150114536285,0
0,0.09581150114536285,0
0,0.09581150114536285,0
0,0.09581150114536285,0
0,0.09581150114536285,0
0,0.09581150114536285,0
0,0.09581150114536285,0
0,0.09581150114536285,0
0,0.09581150114536285,0
0,0.09581150114536285,0
0,0.09581150114536285,0
0,0.09581150114536285,0
0,0.09581150114536285,0
0,0.09581150114536285,0
0,0.09581150114536285,0
0,0.09581150114536285,0
0,0.09581150114536285,0
0,0.09581150114536285,0
0,0.09581150114536285,0
0,0.09581150114536285,0
0,0.09581150114536285,0
0,0.09581150114536285,0
0,0.09581150114536285,0
0,0.09581150114536285,0
0,0.09581150114536285,0
0,0.09581150114536285,0
0,0.09581150114536285,0
0,0.09581150114536285,0
0,0.09581150114536285,0
0,0.09581150114536285,0
0,0.09581150114536285,0
0,0.09581150114536285,0
0,0.09581150114536285,0
0,0.09581150114536285,0
0,0.09581150114536285,0
0,0.09581150114536285,0
0,0.09581150114536285,0
0,0.09581150114536285,0
0,0.09581150114536285,0
0,0.09581150114536285,0
0,0.09581150114536285,0
0,0.09581150114536285,0
0,0.09581150114536285,0
0,0.09581150114536285,0
0,0.09581150114536285,0
0,0.09581150114536285,0
0,0.09581150114536285,0
0,0.09581150114536285,0
0,0.09581150114536285,0
0,0.09581150114536285,0
0,0.09581150114536285,0
0,0.09581150114536285,0
0,0.09581150114536285,0
0,0.09581150114536285,0
0,0.09581150114536285,0
0,0.09581150114536285,0
0,0.09581150114536285,0
0,0.09581150114536285,0
0,0.09581150114536285,0
0,0.09581150114536285,0
0,0.09581150114536285,0
0,0.09581150114536285,0
0,0.09581150114536285,0
0,0.09581150114536285,0
0,0.09581150114536285,0
0,0.09581150114536285,0
0,0.09581150114536285,0
0,0.09581150114536285,0
0,0.09581150114536285,0
0,0.09581150114536285,0
0,0.09581150114536285,0
0,0.09581150114536285,0
0,0.09581150114536285,0
0,0.09581150114536285,0
0,0.09581150114536285,0
0,0.09581150114536285,0
0,0.09581150114536285,0
0,0.09581150114536285,0
0,0.09581150114536285,0
0,0.09581150114536285,0
0,0.09581150114536285,0
0,0.09581150114536285,0
0,0.09581150114536285,0
0,0.09581150114536285,0
0,0.09581150114536285,0
0,0.09581150114536285,0
0,0.09581150114536285,0
0,0.09581150114536285,0
0,0.09581150114536285,0
0,0.09581150114536285,0
0,0.09581150114536285,0
0,0.09581150114536285,0
0,0.09581150114536285,0
0,0.09581150114536285,0
0,0.09581150114536285,0
0,0.09581150114536285,0
0,0.09581150114536285,0
0,0.09581150114536285,0
0,0.09581150114536285,0
0,0.09581150114536285,0
0,0.09581150114536285,0
0,0.09581150114536285,0
0,0.09581150114536285,0
0,0.09581150114536285,0
0,0.09581150114536285,0
0,0.09581150114536285,0
0,0.09581150114536285,0
0,0.09581150114536285,0
0,0.09581150114536285,0
0,0.09581150114536285,0
0,0.09581150114536285,0
0,0.09581150114536285,0
0,0.09581150114536285,0
0,0.09581150114536285,0
0,0.09581150114536285,0
0,0.09581150114536285,0
0,0.09581150114536285,0
0,0.09581150114536285,0
0,0.09581150114536285,0
0,0.09581150114536285,0
0,0.09581150114536285,0
0,0.09581150114536285,0
0,0.09581150114536285,0
0,0.09581150114536285,0
0,0.09581150114536285,0
0,0.09581150114536285,0
0,0.09581150114536285,0
0,0.09581150114536285,0
0,0.09581150114536285,0
0,0.09581150114536285,0
0,0.09581150114536285,0
0,0.09581150114536285,0
0,0.09581150114536285,0
0,0.09581150114536285,0
0,0.09581150114536285,0
0,0.09581150114536285,0
0,0.09581150114536285,0
0,0.09581150114536285,0
0,0.09581150114536285,0
0,0.09581150114536285,0
0,0.09581150114536285,0
0,0.09581150114536285,0
0,0.09581150114536285,0
0,0.09581150114536285,0
0,0.09581150114536285,0
0,0.09581150114536285,0
0,0.09581150114536285,0
0,0.09581150114536285,0
0,0.09581150114536285,0
0,0.09581150114536285,0
0,0.09581150114536285,0
0,0.09581150114536285,0
0,0.09581150114536285,0
0,0.09581150114536285,0
0,0.09581150114536285,0
0,0.09581150114536285,0
0,0.09581150114536285,0
0,0.09581150114536285,0
0,0.09581150114536285,0
0,0.09581150114536285,0
0,0.09581150114536285,0
0,0.09581150114536285,0
0,0.09581150114536285,0
0,0.09581150114536285,0
0,0.09581150114536285,0
0,0.09581150114536285,0
0,0.09581150114536285,0
0,0.09581150114536285,0
0,0.09581150114536285,0
0,0.09581150114536285,0
0,0.09581150114536285,0
0,0.09581150114536285,0
0,0.09581150114536285,0
0,0.09581150114536285,0
0,0.09581150114536285,0
0,0.09581150114536285,0
0,0.09581150114536285,0
0,0.09581150114536285,0
0,0.09581150114536285,0
0,0.09581150114536285,0
0,0.09581150114536285,0
0,0.09581150114536285,0
0,0.09581150114536285,0
0,0.09581150114536285,0
0,0.09581150114536285,0
0,0.09581150114536285,0
0,0.09581150114536285,0
0,0.09581150114536285,0
0,0.09581150114536285,0
0,0.09581150114536285,0
0,0.09581150114536285,0
0,0.09581150114536285,0
0,0.09581150114536285,0
0,0.09581150114536285,0
0,0.09581150114536285,0
0,0.09581150114536285,0
0,0.09581150114536285,0
0,0.09581150114536285,0
0,0.09581150114536285,0
0,0.09581150114536285,0
0,0.09581150114536285,0
0,0.09581150114536285,0
0,0.09581150114536285,0
0,0.09581150114536285,0
0,0.09581150114536285,0
0,0.09581150114536285,0
0,0.09581150114536285,0
0,0.09581150114536285,0
0,0.09581150114536285,0
0,0.09581150114536285,0
0,0.09581150114536285,0
0,0.09581150114536285,0
0,0.09581150114536285,0
0,0.09581150114536285,0
0,0.09581150114536285,0
0,0.09581150114536285,0
0,0.09581150114536285,0
0,0.09581150114536285,0
0,0.09581150114536285,0
0,0.09581150114536285,0
0,0.09581150114536285,0
0,0.09581150114536285,0
0,0.09581150114536285,0
0,0.09581150114536285,0
0,0.09581150114536285,0
0,0.09581150114536285,0
0,0.09581150114536285,0
0,0.09581150114536285,0
0,0.09581150114536285,0
0,0.09581150114536285,0
0,0.09581150114536285,0
0,0.09581150114536285,0
0,0.09581150114536285,0
0,0.09581150114536285,0
0,0.09581150114536285,0
0,0.09581150114536285,0
0,0.09581150114536285,0
0,0.09581150114536285,0
0,0.09581150114536285,0
0,0.09581150114536285,0
0,0.09581150114536285,0
0,0.09581150114536285,0
0,0.09581150114536285,0
0,0.09581150114536285,0
0,0.09581150114536285,0
0,0.09581150114536285,0
0,0.09581150114536285,0
0,0.09581150114536285,0
0,0.09581150114536285,0
0,0.09581150114536285,0
0,0.09581150114536285,0
0,0.09581150114536285,0
0,0.09581150114536285,0
0,0.09581150114536285,0
0,0.09581150114536285,0
0,0.09581150114536285,0
0,0.09581150114536285,0
0,0.09581150114536285,0
0,0.09581150114536285,0
0,0.09581150114536285,0
0,0.09581150114536285,0
0,0.09581150114536285,0
0,0.09581150114536285,0
0,0.09581150114536285,0
0,0.09581150114536285,0
0,0.09581150114536285,0
0,0.09581150114536285,0
0,0.09581150114536285,0
0,0.09581150114536285,0
0,0.09581150114536285,0
0,0.09581150114536285,0
0,0.09581150114536285,0
0,0.09581150114536285,0
0,0.09581150114536285,0
0,0.09581150114536285,0
0,0.09581150114536285,0
0,0.09581150114536285,0
0,0.09581150114536285,0
0,0.09581150114536285,0
0,0.09581150114536285,0
0,0.09581150114536285,0
0,0.09581150114536285,0
0,0.09581150114536285,0
0,0.09581150114536285,0
0,0.09581150114536285,0
0,0.09581150114536285,0
0,0.09581150114536285,0
0,0.09581150114536285,0
0,0.09581150114536285,0
0,0.09581150114536285,0
0,0.09581150114536285,0
0,0.09581150114536285,0
0,0.09581150114536285,0
0,0.09581150114536285,0
0,0.09581150114536285,0
0,0.09581150114536285,0
0,0.09581150114536285,0
0,0.09581150114536285,0
0,0.09581150114536285,0
0,0.09581150114536285,0
0,0.09581150114536285,0
0,0.09581150114536285,0
0,0.09581150114536285,0
0,0.09581150114536285,0
0,0.09581150114536285,0
0,0.09581150114536285,0
0,0.09581150114536285,0
0,0.09581150114536285,0
0,0.09581150114536285,0
0,0.09581150114536285,0
0,0.09581150114536285,0
0,0.09581150114536285,0
0,0.09581150114536285,0
0,0.09581150114536285,0
0,0.09581150114536285,0
0,0.09581150114536285,0
0,0.09581150114536285,0
0,0.09581150114536285,0
0,0.09581150114536285,0
0,0.09581150114536285,0
0,0.09581150114536285,0
0,0.09581150114536285,0
0,0.09581150114536285,0
0,0.09581150114536285,0
0,0.09581150114536285,0
0,0.09581150114536285,0
0,0.09581150114536285,0
0,0.09581150114536285,0
0,0.09581150114536285,0
0,0.09581150114536285,0
0,0.09581150114536285,0
0,0.09581150114536285,0
0,0.09581150114536285,0
0,0.09581150114536285,0
0,0.09581150114536285,0
0,0.09581150114536285,0
0,0.09581150114536285,0
0,0.09581150114536285,0
0,0.09581150114536285,0
0,0.09581150114536285,0
0,0.09581150114536285,0
0,0.09581150114536285,0
0,0.09581150114536285,0
0,0.09581150114536285,0
0,0.09581150114536285,0
0,0.09581150114536285,0
0,0.09581150114536285,0
0,0.09581150114536285,0
0,0.09581150114536285,0
0,0.09581150114536285,0
0,0.09581150114536285,0
0,0.09581150114536285,0
0,0.09581150114536285,0
0,0.09581150114536285,0
0,0.09581150114536285,0
0,0.09581150114536285,0
0,0.09581150114536285,0
0,0.09581150114536285,0
0,0.09581150114536285,0
0,0.09581150114536285,0
0,0.09581150114536285,0
0,0.09581150114536285,0
0,0.09581150114536285,0
0,0.09581150114536285,0
0,0.09581150114536285,0
0,0.09581150114536285,0
0,0.09581150114536285,0
0,0.09581150114536285,0
0,0.09581150114536285,0
0,0.09581150114536285,0
0,0.09581150114536285,0
0,0.09581150114536285,0
0,0.09581150114536285,0
0,0.09581150114536285,0
0,0.09581150114536285,0
0,0.09581150114536285,0
0,0.09581150114536285,0
0,0.09581150114536285,0
0,0.09581150114536285,0
0,0.09581150114536285,0
0,0.09581150114536285,0
0,0.09581150114536285,0
0,0.09581150114536285,0
0,0.09581150114536285,0
0,0.09581150114536285,0
0,0.09581150114536285,0
0,0.09581150114536285,0
0,0.09581150114536285,0
0,0.09581150114536285,0
0,0.09581150114536285,0
0,0.09581150114536285,0
0,0.09581150114536285,0
0,0.09581150114536285,0
0,0.09581150114536285,0
0,0.09581150114536285,0
0,0.09581150114536285,0
0,0.09581150114536285,0
0,0.09581150114536285,0
0,0.09581150114536285,0
0,0.09581150114536285,0
0,0.09581150114536285,0
0,0.09581150114536285,0
0,0.09581150114536285,0
0,0.09581150114536285,0
0,0.09581150114536285,0
0,0.09581150114536285,0
0,0.09581150114536285,0
0,0.09581150114536285,0
0,0.09581150114536285,0
0,0.09581150114536285,0
0,0.09581150114536285,0
0,0.09581150114536285,0
0,0.09581150114536285,0
0,0.09581150114536285,0
0,0.09581150114536285,0
0,0.09581150114536285,0
0,0.09581150114536285,0
0,0.09581150114536285,0
0,0.09581150114536285,0
0,0.09581150114536285,0
0,0.09581150114536285,0
0,0.09581150114536285,0
0,0.09581150114536285,0
0,0.09581150114536285,0
0,0.09581150114536285,0
0,0.09581150114536285,0
0,0.09581150114536285,0
0,0.09581150114536285,0
0,0.09581150114536285,0
0,0.09581150114536285,0
0,0.09581150114536285,0
0,0.09581150114536285,0
0,0.09581150114536285,0
0,0.09581150114536285,0
0,0.09581150114536285,0
0,0.09581150114536285,0
0,0.09581150114536285,0
0,0.09581150114536285,0
0,0.09581150114536285,0
0,0.09581150114536285,0
0,0.09581150114536285,0
0,0.09581150114536285,0
0,0.09581150114536285,0
0,0.09581150114536285,0
0,0.09581150114536285,0
0,0.09581150114536285,0
0,0.09581150114536285,0
0,0.09581150114536285,0
0,0.09581150114536285,0
0,0.09581150114536285,0
0,0.09581150114536285,0
0,0.09581150114536285,0
0,0.09581150114536285,0
0,0.09581150114536285,0
0,0.09581150114536285,0
0,0.09581150114536285,0
0,0.09581150114536285,0
0,0.09581150114536285,0
0,0.09581150114536285,0
0,0.09581150114536285,0
0,0.09581150114536285,0
0,0.09581150114536285,0
0,0.09581150114536285,0
0,0.09581150114536285,0
0,0.09581150114536285,0
0,0.09581150114536285,0
0,0.09581150114536285,0
0,0.09581150114536285,0
0,0.09581150114536285,0
0,0.09581150114536285,0
0,0.09581150114536285,0
0,0.09581150114536285,0
0,0.09581150114536285,0
0,0.09581150114536285,0
0,0.09581150114536285,0
0,0.09581150114536285,0
0,0.09581150114536285,0
0,0.09581150114536285,0
0,0.09581150114536285,0
0,0.09581150114536285,0
0,0.09581150114536285,0
0,0.09581150114536285,0
0,0.09581150114536285,0
0,0.09581150114536285,0
0,0.09581150114536285,0
0,0.09581150114536285,0
0,0.09581150114536285,0
0,0.09581150114536285,0
0,0.09581150114536285,0
0,0.09581150114536285,0
0,0.09581150114536285,0
0,0.09581150114536285,0
0,0.09581150114536285,0
0,0.09581150114536285,0
0,0.09581150114536285,0
0,0.09581150114536285,0
0,0.09581150114536285,0
0,0.09581150114536285,0
0,0.09581150114536285,0
0,0.09581150114536285,0
0,0.09581150114536285,0
0,0.09581150114536285,0
0,0.09581150114536285,0
0,0.09581150114536285,0
0,0.09581150114536285,0
0,0.09581150114536285,0
0,0.09581150114536285,0
0,0.09581150114536285,0
0,0.09581150114536285,0
0,0.09581150114536285,0
0,0.09581150114536285,0
0,0.09581150114536285,0
0,0.09581150114536285,0
0,0.09581150114536285,0
0,0.09581150114536285,0
0,0.09581150114536285,0
0,0.09581150114536285,0
0,0.09581150114536285,0
0,0.09581150114536285,0
0,0.09581150114536285,0
0,0.09581150114536285,0
0,0.09581150114536285,0
0,0.09581150114536285,0
0,0.09581150114536285,0
0,0.09581150114536285,0
0,0.09581150114536285,0
0,0.09581150114536285,0
0,0.09581150114536285,0
0,0.09581150114536285,0
0,0.09581150114536285,0
0,0.09581150114536285,0
0,0.09581150114536285,0
0,0.09581150114536285,0
0,0.09581150114536285,0
0,0.09581150114536285,0
0,0.09581150114536285,0
0,0.09581150114536285,0
0,0.09581150114536285,0
0,0.09581150114536285,0
0,0.09581150114536285,0
0,0.09581150114536285,0
0,0.09581150114536285,0
0,0.09581150114536285,0
0,0.09581150114536285,0
0,0.09581150114536285,0
0,0.09581150114536285,0
0,0.09581150114536285,0
0,0.09581150114536285,0
0,0.09581150114536285,0
0,0.09581150114536285,0
0,0.09581150114536285,0
0,0.09581150114536285,0
0,0.09581150114536285,0
0,0.09581150114536285,0
0,0.09581150114536285,0
0,0.09581150114536285,0
0,0.09581150114536285,0
0,0.09581150114536285,0
0,0.09581150114536285,0
0,0.09581150114536285,0
0,0.09581150114536285,0
0,0.09581150114536285,0
0,0.09581150114536285,0
0,0.09581150114536285,0
0,0.09581150114536285,0
0,0.09581150114536285,0
0,0.09581150114536285,0
0,0.09581150114536285,0
0,0.09581150114536285,0
0,0.09581150114536285,0
0,0.09581150114536285,0
0,0.09581150114536285,0
0,0.09581150114536285,0
0,0.09581150114536285,0
0,0.09581150114536285,0
0,0.09581150114536285,0
0,0.09581150114536285,0
0,0.09581150114536285,0
0,0.09581150114536285,0
0,0.09581150114536285,0
0,0.09581150114536285,0
0,0.09581150114536285,0
0,0.09581150114536285,0
0,0.09581150114536285,0
0,0.09581150114536285,0
0,0.09581150114536285,0
0,0.09581150114536285,0
0,0.09581150114536285,0
0,0.09581150114536285,0
0,0.09581150114536285,0
0,0.09581150114536285,0
0,0.09581150114536285,0
0,0.09581150114536285,0
0,0.09581150114536285,0
0,0.09581150114536285,0
0,0.09581150114536285,0
0,0.09581150114536285,0
0,0.09581150114536285,0
0,0.09581150114536285,0
0,0.09581150114536285,0
0,0.09581150114536285,0
0,0.09581150114536285,0
0,0.09581150114536285,0
0,0.09581150114536285,0
0,0.09581150114536285,0
0,0.09581150114536285,0
0,0.09581150114536285,0
0,0.09581150114536285,0
0,0.09581150114536285,0
0,0.09581150114536285,0
0,0.09581150114536285,0
0,0.09581150114536285,0
0,0.09581150114536285,0
0,0.09581150114536285,0
0,0.09581150114536285,0
0,0.09581150114536285,0
0,0.09581150114536285,0
0,0.09581150114536285,0
0,0.09581150114536285,0
0,0.09581150114536285,0
0,0.09581150114536285,0
0,0.09581150114536285,0
0,0.09581150114536285,0
0,0.09581150114536285,0
0,0.09581150114536285,0
0,0.09581150114536285,0
0,0.09581150114536285,0
0,0.09581150114536285,0
0,0.09581150114536285,0
0,0.09581150114536285,0
0,0.09581150114536285,0
0,0.09581150114536285,0
0,0.09581150114536285,0
0,0.09581150114536285,0
0,0.09581150114536285,0
0,0.09581150114536285,0
0,0.09581150114536285,0
0,0.09581150114536285,0
0,0.09581150114536285,0
0,0.09581150114536285,0
0,0.09581150114536285,0
0,0.09581150114536285,0
0,0.09581150114536285,0
0,0.09581150114536285,0
0,0.09581150114536285,0
0,0.09581150114536285,0
0,0.09581150114536285,0
0,0.09581150114536285,0
0,0.09581150114536285,0
0,0.09581150114536285,0
0,0.09581150114536285,0
0,0.09581150114536285,0
0,0.09581150114536285,0
0,0.09581150114536285,0
0,0.09581150114536285,0
0,0.09581150114536285,0
0,0.09581150114536285,0
0,0.09581150114536285,0
0,0.09581150114536285,0
0,0.09581150114536285,0
0,0.09581150114536285,0
0,0.09581150114536285,0
0,0.09581150114536285,0
0,0.09581150114536285,0
0,0.09581150114536285,0
0,0.09581150114536285,0
0,0.09581150114536285,0
0,0.09581150114536285,0
0,0.09581150114536285,0
0,0.09581150114536285,0
0,0.09581150114536285,0
0,0.09581150114536285,0
0,0.09581150114536285,0
0,0.09581150114536285,0
0,0.09581150114536285,0
0,0.09581150114536285,0
0,0.09581150114536285,0
0,0.09581150114536285,0
0,0.09581150114536285,0
0,0.09581150114536285,0
0,0.09581150114536285,0
0,0.09581150114536285,0
0,0.09581150114536285,0
0,0.09581150114536285,0
0,0.09581150114536285,0
0,0.09581150114536285,0
0,0.09581150114536285,0
0,0.09581150114536285,0
0,0.09581150114536285,0
0,0.09581150114536285,0
0,0.09581150114536285,0
0,0.09581150114536285,0
0,0.09581150114536285,0
0,0.09581150114536285,0
0,0.09581150114536285,0
0,0.09581150114536285,0
0,0.09581150114536285,0
0,0.09581150114536285,0
0,0.09581150114536285,0
0,0.09581150114536285,0
0,0.09581150114536285,0
0,0.09581150114536285,0
0,0.09581150114536285,0
0,0.09581150114536285,0
0,0.09581150114536285,0
0,0.09581150114536285,0
0,0.09581150114536285,0
0,0.09581150114536285,0
0,0.09581150114536285,0
0,0.09581150114536285,0
0,0.09581150114536285,0
0,0.09581150114536285,0
0,0.09581150114536285,0
0,0.09581150114536285,0
0,0.09581150114536285,0
0,0.09581150114536285,0
0,0.09581150114536285,0
0,0.09581150114536285,0
0,0.09581150114536285,0
0,0.09581150114536285,0
0,0.09581150114536285,0
0,0.09581150114536285,0
0,0.09581150114536285,0
0,0.09581150114536285,0
0,0.09581150114536285,0
0,0.09581150114536285,0
0,0.09581150114536285,0
0,0.09581150114536285,0
0,0.09581150114536285,0
0,0.09581150114536285,0
0,0.09581150114536285,0
0,0.09581150114536285,0
0,0.09581150114536285,0
0,0.09581150114536285,0
0,0.09581150114536285,0
0,0.09581150114536285,0
0,0.09581150114536285,0
0,0.09581150114536285,0
0,0.09581150114536285,0
0,0.09581150114536285,0
0,0.09581150114536285,0
0,0.09581150114536285,0
0,0.09581150114536285,0
0,0.09581150114536285,0
0,0.09581150114536285,0
0,0.09581150114536285,0
0,0.09581150114536285,0
0,0.09581150114536285,0
0,0.09581150114536285,0
0,0.09581150114536285,0
0,0.09581150114536285,0
0,0.09581150114536285,0
0,0.09581150114536285,0
0,0.09581150114536285,0
0,0.09581150114536285,0
0,0.09581150114536285,0
0,0.09581150114536285,0
0,0.09581150114536285,0
0,0.09581150114536285,0
0,0.09581150114536285,0
0,0.09581150114536285,0
0,0.09581150114536285,0
0,0.09581150114536285,0
0,0.09581150114536285,0
0,0.09581150114536285,0
0,0.09581150114536285,0
0,0.09581150114536285,0
0,0.09581150114536285,0
0,0.09581150114536285,0
0,0.09581150114536285,0
0,0.09581150114536285,0
0,0.09581150114536285,0
0,0.09581150114536285,0
0,0.09581150114536285,0
0,0.09581150114536285,0
0,0.09581150114536285,0
0,0.09581150114536285,0
0,0.09581150114536285,0
0,0.09581150114536285,0
0,0.09581150114536285,0
0,0.09581150114536285,0
0,0.09581150114536285,0
0,0.09581150114536285,0
0,0.09581150114536285,0
0,0.09581150114536285,0
0,0.09581150114536285,0
0,0.09581150114536285,0
0,0.09581150114536285,0
0,0.09581150114536285,0
0,0.09581150114536285,0
0,0.09581150114536285,0
0,0.09581150114536285,0
0,0.09581150114536285,0
0,0.09581150114536285,0
0,0.09581150114536285,0
0,0.09581150114536285,0
0,0.09581150114536285,0
0,0.09581150114536285,0
0,0.09581150114536285,0
0,0.09581150114536285,0
0,0.09581150114536285,0
0,0.09581150114536285,0
0,0.09581150114536285,0
0,0.09581150114536285,0
0,0.09581150114536285,0
0,0.09581150114536285,0
0,0.09581150114536285,0
0,0.09581150114536285,0
0,0.09581150114536285,0
0,0.09581150114536285,0
0,0.09581150114536285,0
0,0.09581150114536285,0
0,0.09581150114536285,0
0,0.09581150114536285,0
0,0.09581150114536285,0
0,0.09581150114536285,0
0,0.09581150114536285,0
0,0.09581150114536285,0
0,0.09581150114536285,0
0,0.09581150114536285,0
0,0.09581150114536285,0
0,0.09581150114536285,0
0,0.09581150114536285,0
0,0.09581150114536285,0
0,0.09581150114536285,0
0,0.09581150114536285,0
0,0.09581150114536285,0
0,0.09581150114536285,0
0,0.09581150114536285,0
0,0.09581150114536285,0
0,0.09581150114536285,0
0,0.09581150114536285,0
0,0.09581150114536285,0
0,0.09581150114536285,0
0,0.09581150114536285,0
0,0.09581150114536285,0
0,0.09581150114536285,0
0,0.09581150114536285,0
0,0.09581150114536285,0
0,0.09581150114536285,0
0,0.09581150114536285,0
0,0.09581150114536285,0
0,0.09581150114536285,0
0,0.09581150114536285,0
0,0.09581150114536285,0
0,0.09581150114536285,0
0,0.09581150114536285,0
0,0.09581150114536285,0
0,0.09581150114536285,0
0,0.09581150114536285,0
0,0.09581150114536285,0
0,0.09581150114536285,0
0,0.09581150114536285,0
0,0.09581150114536285,0
0,0.09581150114536285,0
0,0.09581150114536285,0
0,0.09581150114536285,0
0,0.09581150114536285,0
0,0.09581150114536285,0
0,0.09581150114536285,0
0,0.09581150114536285,0
0,0.09581150114536285,0
0,0.09581150114536285,0
0,0.09581150114536285,0
0,0.09581150114536285,0
0,0.09581150114536285,0
0,0.09581150114536285,0
0,0.09581150114536285,0
0,0.09581150114536285,0
0,0.09581150114536285,0
0,0.09581150114536285,0
0,0.09581150114536285,0
0,0.09581150114536285,0
0,0.09581150114536285,0
0,0.09581150114536285,0
0,0.09581150114536285,0
0,0.09581150114536285,0
0,0.09581150114536285,0
0,0.09581150114536285,0
0,0.09581150114536285,0
0,0.09581150114536285,0
0,0.09581150114536285,0
0,0.09581150114536285,0
0,0.09581150114536285,0
0,0.09581150114536285,0
0,0.09581150114536285,0
0,0.09581150114536285,0
0,0.09581150114536285,0
0,0.09581150114536285,0
0,0.09581150114536285,0
0,0.09581150114536285,0
0,0.09581150114536285,0
0,0.09581150114536285,0
0,0.09581150114536285,0
0,0.09581150114536285,0
0,0.09581150114536285,0
0,0.09581150114536285,0
0,0.09581150114536285,0
0,0.09581150114536285,0
0,0.09581150114536285,0
0,0.09581150114536285,0
0,0.09581150114536285,0
0,0.09581150114536285,0
0,0.09581150114536285,0
0,0.09581150114536285,0
0,0.09581150114536285,0
0,0.09581150114536285,0
0,0.09581150114536285,0
0,0.09581150114536285,0
0,0.09581150114536285,0
0,0.09581150114536285,0
0,0.09581150114536285,0
0,0.09581150114536285,0
0,0.09581150114536285,0
0,0.09581150114536285,0
0,0.09581150114536285,0
0,0.09581150114536285,0
0,0.09581150114536285,0
0,0.09581150114536285,0
0,0.09581150114536285,0
0,0.09581150114536285,0
0,0.09581150114536285,0
0,0.09581150114536285,0
0,0.09581150114536285,0
0,0.09581150114536285,0
0,0.09581150114536285,0
0,0.09581150114536285,0
0,0.09581150114536285,0
0,0.09581150114536285,0
0,0.09581150114536285,0
0,0.09581150114536285,0
0,0.09581150114536285,0
0,0.09581150114536285,0
0,0.09581150114536285,0
0,0.09581150114536285,0
0,0.09581150114536285,0
0,0.09581150114536285,0
0,0.09581150114536285,0
0,0.09581150114536285,0
0,0.09581150114536285,0
0,0.09581150114536285,0
0,0.09581150114536285,0
0,0.09581150114536285,0
0,0.09581150114536285,0
0,0.09581150114536285,0
0,0.09581150114536285,0
0,0.09581150114536285,0
0,0.09581150114536285,0
0,0.09581150114536285,0
0,0.09581150114536285,0
0,0.09581150114536285,0
0,0.09581150114536285,0
0,0.09581150114536285,0
0,0.09581150114536285,0
0,0.09581150114536285,0
0,0.09581150114536285,0
0,0.09581150114536285,0
0,0.09581150114536285,0
0,0.09581150114536285,0
0,0.09581150114536285,0
0,0.09581150114536285,0
0,0.09581150114536285,0
0,0.09581150114536285,0
0,0.09581150114536285,0
0,0.09581150114536285,0
0,0.09581150114536285,0
0,0.09581150114536285,0
0,0.09581150114536285,0
0,0.09581150114536285,0
0,0.09581150114536285,0
0,0.09581150114536285,0
0,0.09581150114536285,0
0,0.09581150114536285,0
0,0.09581150114536285,0
0,0.09581150114536285,0
0,0.09581150114536285,0
0,0.09581150114536285,0
0,0.09581150114536285,0
0,0.09581150114536285,0
0,0.09581150114536285,0
0,0.09581150114536285,0
0,0.09581150114536285,0
0,0.09581150114536285,0
0,0.09581150114536285,0
0,0.09581150114536285,0
0,0.09581150114536285,0
0,0.09581150114536285,0
0,0.09581150114536285,0
0,0.09581150114536285,0
0,0.09581150114536285,0
0,0.09581150114536285,0
0,0.09581150114536285,0
0,0.09581150114536285,0
0,0.09581150114536285,0
0,0.09581150114536285,0
0,0.09581150114536285,0
0,0.09581150114536285,0
0,0.09581150114536285,0
0,0.09581150114536285,0
0,0.09581150114536285,0
0,0.09581150114536285,0
0,0.09581150114536285,0
0,0.09581150114536285,0
0,0.09581150114536285,0
0,0.09581150114536285,0
0,0.09581150114536285,0
0,0.09581150114536285,0
0,0.09581150114536285,0
0,0.09581150114536285,0
0,0.09581150114536285,0
0,0.09581150114536285,0
0,0.09581150114536285,0
0,0.09581150114536285,0
0,0.09581150114536285,0
0,0.09581150114536285,0
0,0.09581150114536285,0
0,0.09581150114536285,0
0,0.09581150114536285,0
0,0.09581150114536285,0
0,0.09581150114536285,0
0,0.09581150114536285,0
0,0.09581150114536285,0
0,0.09581150114536285,0
0,0.09581150114536285,0
0,0.09581150114536285,0
0,0.09581150114536285,0
0,0.09581150114536285,0
0,0.09581150114536285,0
0,0.09581150114536285,0
0,0.09581150114536285,0
0,0.09581150114536285,0
0,0.09581150114536285,0
0,0.09581150114536285,0
0,0.09581150114536285,0
0,0.09581150114536285,0
0,0.09581150114536285,0
0,0.09581150114536285,0
0,0.09581150114536285,0
0,0.09581150114536285,0
0,0.09581150114536285,0
0,0.09581150114536285,0
0,0.09581150114536285,0
0,0.09581150114536285,0
0,0.09581150114536285,0
0,0.09581150114536285,0
0,0.09581150114536285,0
0,0.09581150114536285,0
0,0.09581150114536285,0
0,0.09581150114536285,0
0,0.09581150114536285,0
0,0.09581150114536285,0
0,0.09581150114536285,0
0,0.09581150114536285,0
0,0.09581150114536285,0
0,0.09581150114536285,0
0,0.09581150114536285,0
0,0.09581150114536285,0
0,0.09581150114536285,0
0,0.09581150114536285,0
0,0.09581150114536285,0
0,0.09581150114536285,0
0,0.09581150114536285,0
0,0.09581150114536285,0
0,0.09581150114536285,0
0,0.09581150114536285,0
0,0.09581150114536285,0
0,0.09581150114536285,0
0,0.09581150114536285,0
0,0.09581150114536285,0
0,0.09581150114536285,0
0,0.09581150114536285,0
0,0.09581150114536285,0
0,0.09581150114536285,0
0,0.09581150114536285,0
0,0.09581150114536285,0
0,0.09581150114536285,0
0,0.09581150114536285,0
0,0.09581150114536285,0
0,0.09581150114536285,0
0,0.09581150114536285,0
0,0.09581150114536285,0
0,0.09581150114536285,0
0,0.09581150114536285,0
0,0.09581150114536285,0
0,0.09581150114536285,0
0,0.09581150114536285,0
0,0.09581150114536285,0
0,0.09581150114536285,0
0,0.09581150114536285,0
0,0.09581150114536285,0
0,0.09581150114536285,0
0,0.09581150114536285,0
0,0.09581150114536285,0
0,0.09581150114536285,0
0,0.09581150114536285,0
0,0.09581150114536285,0
0,0.09581150114536285,0
0,0.09581150114536285,0
0,0.09581150114536285,0
0,0.09581150114536285,0
0,0.09581150114536285,0
0,0.09581150114536285,0
0,0.09581150114536285,0
0,0.09581150114536285,0
0,0.09581150114536285,0
0,0.09581150114536285,0
0,0.09581150114536285,0
0,0.09581150114536285,0
0,0.09581150114536285,0
0,0.09581150114536285,0
0,0.09581150114536285,0
0,0.09581150114536285,0
0,0.09581150114536285,0
0,0.09581150114536285,0
0,0.09581150114536285,0
0,0.09581150114536285,0
0,0.09581150114536285,0
0,0.09581150114536285,0
0,0.09581150114536285,0
0,0.09581150114536285,0
0,0.09581150114536285,0
0,0.09581150114536285,0
0,0.09581150114536285,0
0,0.09581150114536285,0
0,0.09581150114536285,0
0,0.09581150114536285,0
0,0.09581150114536285,0
0,0.09581150114536285,0
0,0.09581150114536285,0
0,0.09581150114536285,0
0,0.09581150114536285,0
0,0.09581150114536285,0
0,0.09581150114536285,0
0,0.09581150114536285,0
0,0.09581150114536285,0
0,0.09581150114536285,0
0,0.09581150114536285,0
0,0.09581150114536285,0
0,0.09581150114536285,0
0,0.09581150114536285,0
0,0.09581150114536285,0
0,0.09581150114536285,0
0,0.09581150114536285,0
0,0.09581150114536285,0
0,0.09581150114536285,0
0,0.09581150114536285,0
0,0.09581150114536285,0
0,0.09581150114536285,0
0,0.09581150114536285,0
0,0.09581150114536285,0
0,0.09581150114536285,0
0,0.09581150114536285,0
0,0.09581150114536285,0
0,0.09581150114536285,0
0,0.09581150114536285,0
0,0.09581150114536285,0
0,0.09581150114536285,0
0,0.09581150114536285,0
0,0.09581150114536285,0
0,0.09581150114536285,0
0,0.09581150114536285,0
0,0.09581150114536285,0
0,0.09581150114536285,0
0,0.09581150114536285,0
0,0.09581150114536285,0
0,0.09581150114536285,0
0,0.09581150114536285,0
0,0.09581150114536285,0
0,0.09581150114536285,0
0,0.09581150114536285,0
0,0.09581150114536285,0
0,0.09581150114536285,0
0,0.09581150114536285,0
0,0.09581150114536285,0
0,0.09581150114536285,0
0,0.09581150114536285,0
0,0.09581150114536285,0
0,0.09581150114536285,0
0,0.09581150114536285,0
0,0.09581150114536285,0
0,0.09581150114536285,0
0,0.09581150114536285,0
0,0.09581150114536285,0
0,0.09581150114536285,0
0,0.09581150114536285,0
0,0.09581150114536285,0
0,0.09581150114536285,0
0,0.09581150114536285,0
0,0.09581150114536285,0
0,0.09581150114536285,0
0,0.09581150114536285,0
0,0.09581150114536285,0
0,0.09581150114536285,0
0,0.09581150114536285,0
0,0.09581150114536285,0
0,0.09581150114536285,0
0,0.09581150114536285,0
0,0.09581150114536285,0
0,0.09581150114536285,0
0,0.09581150114536285,0
0,0.09581150114536285,0
0,0.09581150114536285,0
0,0.09581150114536285,0
0,0.09581150114536285,0
0,0.09581150114536285,0
0,0.09581150114536285,0
0,0.09581150114536285,0
0,0.09581150114536285,0
0,0.09581150114536285,0
0,0.09581150114536285,0
0,0.09581150114536285,0
0,0.09581150114536285,0
0,0.09581150114536285,0
0,0.09581150114536285,0
0,0.09581150114536285,0
0,0.09581150114536285,0
0,0.09581150114536285,0
0,0.09581150114536285,0
0,0.09581150114536285,0
0,0.09581150114536285,0
0,0.09581150114536285,0
0,0.09581150114536285,0
0,0.09581150114536285,0
0,0.09581150114536285,0
0,0.09581150114536285,0
0,0.09581150114536285,0
0,0.09581150114536285,0
0,0.09581150114536285,0
0,0.09581150114536285,0
0,0.09581150114536285,0
0,0.09581150114536285,0
0,0.09581150114536285,0
0,0.09581150114536285,0
0,0.09581150114536285,0
0,0.09581150114536285,0
0,0.09581150114536285,0
0,0.09581150114536285,0
0,0.09581150114536285,0
0,0.09581150114536285,0
0,0.09581150114536285,0
0,0.09581150114536285,0
0,0.09581150114536285,0
0,0.09581150114536285,0
0,0.09581150114536285,0
0,0.09581150114536285,0
0,0.09581150114536285,0
0,0.09581150114536285,0
0,0.09581150114536285,0
0,0.09581150114536285,0
0,0.09581150114536285,0
0,0.09581150114536285,0
0,0.09581150114536285,0
0,0.09581150114536285,0
0,0.09581150114536285,0
0,0.09581150114536285,0
0,0.09581150114536285,0
0,0.09581150114536285,0
0,0.09581150114536285,0
0,0.09581150114536285,0
0,0.09581150114536285,0
0,0.09581150114536285,0
0,0.09581150114536285,0
0,0.09581150114536285,0
0,0.09581150114536285,0
0,0.09581150114536285,0
0,0.09581150114536285,0
0,0.09581150114536285,0
0,0.09581150114536285,0
0,0.09581150114536285,0
0,0.09581150114536285,0
0,0.09581150114536285,0
0,0.09581150114536285,0
0,0.09581150114536285,0
0,0.09581150114536285,0
0,0.09581150114536285,0
0,0.09581150114536285,0
0,0.09581150114536285,0
0,0.09581150114536285,0
0,0.09581150114536285,0
0,0.09581150114536285,0
0,0.09581150114536285,0
0,0.09581150114536285,0
0,0.09581150114536285,0
0,0.09581150114536285,0
0,0.09581150114536285,0
0,0.09581150114536285,0
0,0.09581150114536285,0
0,0.09581150114536285,0
0,0.09581150114536285,0
0,0.09581150114536285,0
0,0.09581150114536285,0
0,0.09581150114536285,0
0,0.09581150114536285,0
0,0.09581150114536285,0
0,0.09581150114536285,0
0,0.09581150114536285,0
0,0.09581150114536285,0
0,0.09581150114536285,0
0,0.09581150114536285,0
0,0.09581150114536285,0
0,0.09581150114536285,0
0,0.09581150114536285,0
0,0.09581150114536285,0
0,0.09581150114536285,0
0,0.09581150114536285,0
0,0.09581150114536285,0
0,0.09581150114536285,0
0,0.09581150114536285,0
0,0.09581150114536285,0
0,0.09581150114536285,0
0,0.09581150114536285,0
0,0.09581150114536285,0
0,0.09581150114536285,0
0,0.09581150114536285,0
0,0.09581150114536285,0
0,0.09581150114536285,0
0,0.09581150114536285,0
0,0.09581150114536285,0
0,0.09581150114536285,0
0,0.09581150114536285,0
0,0.09581150114536285,0
0,0.09581150114536285,0
0,0.09581150114536285,0
0,0.09581150114536285,0
0,0.09581150114536285,0
0,0.09581150114536285,0
0,0.09581150114536285,0
0,0.09581150114536285,0
0,0.09581150114536285,0
0,0.09581150114536285,0
0,0.09581150114536285,0
0,0.09581150114536285,0
0,0.09581150114536285,0
0,0.09581150114536285,0
0,0.09581150114536285,0
0,0.09581150114536285,0
0,0.09581150114536285,0
0,0.09581150114536285,0
0,0.09581150114536285,0
0,0.09581150114536285,0
0,0.09581150114536285,0
0,0.09581150114536285,0
0,0.09581150114536285,0
0,0.09581150114536285,0
0,0.09581150114536285,0
0,0.09581150114536285,0
0,0.09581150114536285,0
0,0.09581150114536285,0
0,0.09581150114536285,0
0,0.09581150114536285,0
0,0.09581150114536285,0
0,0.09581150114536285,0
0,0.09581150114536285,0
0,0.09581150114536285,0
0,0.09581150114536285,0
0,0.09581150114536285,0
0,0.09581150114536285,0
0,0.09581150114536285,0
0,0.09581150114536285,0
0,0.09581150114536285,0
0,0.09581150114536285,0
0,0.09581150114536285,0
0,0.09581150114536285,0
0,0.09581150114536285,0
0,0.09581150114536285,0
0,0.09581150114536285,0
0,0.09581150114536285,0
0,0.09581150114536285,0
0,0.09581150114536285,0
0,0.09581150114536285,0
0,0.09581150114536285,0
0,0.09581150114536285,0
0,0.09581150114536285,0
0,0.09581150114536285,0
0,0.09581150114536285,0
0,0.09581150114536285,0
0,0.09581150114536285,0
0,0.09581150114536285,0
0,0.09581150114536285,0
0,0.09581150114536285,0
0,0.09581150114536285,0
0,0.09581150114536285,0
0,0.09581150114536285,0
0,0.09581150114536285,0
0,0.09581150114536285,0
0,0.09581150114536285,0
0,0.09581150114536285,0
0,0.09581150114536285,0
0,0.09581150114536285,0
0,0.09581150114536285,0
0,0.09581150114536285,0
0,0.09581150114536285,0
0,0.09581150114536285,0
0,0.09581150114536285,0
0,0.09581150114536285,0
0,0.09581150114536285,0
0,0.09581150114536285,0
0,0.09581150114536285,0
0,0.09581150114536285,0
0,0.09581150114536285,0
0,0.09581150114536285,0
0,0.09581150114536285,0
0,0.09581150114536285,0
0,0.09581150114536285,0
0,0.09581150114536285,0
0,0.09581150114536285,0
0,0.09581150114536285,0
0,0.09581150114536285,0
0,0.09581150114536285,0
0,0.09581150114536285,0
0,0.09581150114536285,0
0,0.09581150114536285,0
0,0.09581150114536285,0
0,0.09581150114536285,0
0,0.09581150114536285,0
0,0.09581150114536285,0
0,0.09581150114536285,0
0,0.09581150114536285,0
0,0.09581150114536285,0
0,0.09581150114536285,0
0,0.09581150114536285,0
0,0.09581150114536285,0
0,0.09581150114536285,0
0,0.09581150114536285,0
0,0.09581150114536285,0
0,0.09581150114536285,0
0,0.09581150114536285,0
0,0.09581150114536285,0
0,0.09581150114536285,0
0,0.09581150114536285,0
0,0.09581150114536285,0
0,0.09581150114536285,0
0,0.09581150114536285,0
0,0.09581150114536285,0
0,0.09581150114536285,0
0,0.09581150114536285,0
0,0.09581150114536285,0
0,0.09581150114536285,0
0,0.09581150114536285,0
0,0.09581150114536285,0
0,0.09581150114536285,0
0,0.09581150114536285,0
0,0.09581150114536285,0
0,0.09581150114536285,0
0,0.09581150114536285,0
0,0.09581150114536285,0
0,0.09581150114536285,0
0,0.09581150114536285,0
0,0.09581150114536285,0
0,0.09581150114536285,0
0,0.09581150114536285,0
0,0.09581150114536285,0
0,0.09581150114536285,0
0,0.09581150114536285,0
0,0.09581150114536285,0
0,0.09581150114536285,0
0,0.09581150114536285,0
0,0.09581150114536285,0
0,0.09581150114536285,0
0,0.09581150114536285,0
0,0.09581150114536285,0
0,0.09581150114536285,0
0,0.09581150114536285,0
0,0.09581150114536285,0
0,0.09581150114536285,0
0,0.09581150114536285,0
0,0.09581150114536285,0
0,0.09581150114536285,0
0,0.09581150114536285,0
0,0.09581150114536285,0
0,0.09581150114536285,0
0,0.09581150114536285,0
0,0.09581150114536285,0
0,0.09581150114536285,0
0,0.09581150114536285,0
0,0.09581150114536285,0
0,0.09581150114536285,0
0,0.09581150114536285,0
0,0.09581150114536285,0
0,0.09581150114536285,0
0,0.09581150114536285,0
0,0.09581150114536285,0
0,0.09581150114536285,0
0,0.09581150114536285,0
0,0.09581150114536285,0
0,0.09581150114536285,0
0,0.09581150114536285,0
0,0.09581150114536285,0
0,0.09581150114536285,0
0,0.09581150114536285,0
0,0.09581150114536285,0
0,0.09581150114536285,0
0,0.09581150114536285,0
0,0.09581150114536285,0
0,0.09581150114536285,0
0,0.09581150114536285,0
0,0.09581150114536285,0
0,0.09581150114536285,0
0,0.09581150114536285,0
0,0.09581150114536285,0
0,0.09581150114536285,0
0,0.09581150114536285,0
0,0.09581150114536285,0
0,0.09581150114536285,0
0,0.09581150114536285,0
0,0.09581150114536285,0
0,0.09581150114536285,0
0,0.09581150114536285,0
0,0.09581150114536285,0
0,0.09581150114536285,0
0,0.09581150114536285,0
0,0.09581150114536285,0
0,0.09581150114536285,0
0,0.09581150114536285,0
0,0.09581150114536285,0
0,0.09581150114536285,0
0,0.09581150114536285,0
0,0.09581150114536285,0
0,0.09581150114536285,0
0,0.09581150114536285,0
0,0.09581150114536285,0
0,0.09581150114536285,0
0,0.09581150114536285,0
0,0.09581150114536285,0
0,0.09581150114536285,0
0,0.09581150114536285,0
0,0.09581150114536285,0
0,0.09581150114536285,0
0,0.09581150114536285,0
0,0.09581150114536285,0
0,0.09581150114536285,0
0,0.09581150114536285,0
0,0.09581150114536285,0
0,0.09581150114536285,0
0,0.09581150114536285,0
0,0.09581150114536285,0
0,0.09581150114536285,0
0,0.09581150114536285,0
0,0.09581150114536285,0
0,0.09581150114536285,0
0,0.09581150114536285,0
0,0.09581150114536285,0
0,0.09581150114536285,0
0,0.09581150114536285,0
0,0.09581150114536285,0
0,0.09581150114536285,0
0,0.09581150114536285,0
0,0.09581150114536285,0
0,0.09581150114536285,0
0,0.09581150114536285,0
0,0.09581150114536285,0
0,0.09581150114536285,0
0,0.09581150114536285,0
0,0.09581150114536285,0
0,0.09581150114536285,0
0,0.09581150114536285,0
0,0.09581150114536285,0
0,0.09581150114536285,0
0,0.09581150114536285,0
0,0.09581150114536285,0
0,0.09581150114536285,0
0,0.09581150114536285,0
0,0.09581150114536285,0
0,0.09581150114536285,0
0,0.09581150114536285,0
0,0.09581150114536285,0
0,0.09581150114536285,0
0,0.09581150114536285,0
0,0.09581150114536285,0
0,0.09581150114536285,0
0,0.09581150114536285,0
0,0.09581150114536285,0
0,0.09581150114536285,0
0,0.09581150114536285,0
0,0.09581150114536285,0
0,0.09581150114536285,0
0,0.09581150114536285,0
0,0.09581150114536285,0
0,0.09581150114536285,0
0,0.09581150114536285,0
0,0.09581150114536285,0
0,0.09581150114536285,0
0,0.09581150114536285,0
0,0.09581150114536285,0
0,0.09581150114536285,0
0,0.09581150114536285,0
0,0.09581150114536285,0
0,0.09581150114536285,0
0,0.09581150114536285,0
0,0.09581150114536285,0
0,0.09581150114536285,0
0,0.09581150114536285,0
0,0.09581150114536285,0
0,0.09581150114536285,0
0,0.09581150114536285,0
0,0.09581150114536285,0
0,0.09581150114536285,0
0,0.09581150114536285,0
0,0.09581150114536285,0
0,0.09581150114536285,0
0,0.09581150114536285,0
0,0.09581150114536285,0
0,0.09581150114536285,0
0,0.09581150114536285,0
0,0.09581150114536285,0
0,0.09581150114536285,0
0,0.09581150114536285,0
0,0.09581150114536285,0
0,0.09581150114536285,0
0,0.09581150114536285,0
0,0.09581150114536285,0
0,0.09581150114536285,0
0,0.09581150114536285,0
0,0.09581150114536285,0
0,0.09581150114536285,0
0,0.09581150114536285,0
0,0.09581150114536285,0
0,0.09581150114536285,0
0,0.09581150114536285,0
0,0.09581150114536285,0
0,0.09581150114536285,0
0,0.09581150114536285,0
0,0.09581150114536285,0
0,0.09581150114536285,0
0,0.09581150114536285,0
0,0.09581150114536285,0
0,0.09581150114536285,0
0,0.09581150114536285,0
0,0.09581150114536285,0
0,0.09581150114536285,0
0,0.09581150114536285,0
0,0.09581150114536285,0
0,0.09581150114536285,0
0,0.09581150114536285,0
0,0.09581150114536285,0
0,0.09581150114536285,0
0,0.09581150114536285,0
0,0.09581150114536285,0
0,0.09581150114536285,0
0,0.09581150114536285,0
0,0.09581150114536285,0
0,0.09581150114536285,0
0,0.09581150114536285,0
0,0.09581150114536285,0
0,0.09581150114536285,0
0,0.09581150114536285,0
0,0.09581150114536285,0
0,0.09581150114536285,0
0,0.09581150114536285,0
0,0.09581150114536285,0
0,0.09581150114536285,0
0,0.09581150114536285,0
0,0.09581150114536285,0
0,0.09581150114536285,0
0,0.09581150114536285,0
0,0.09581150114536285,0
0,0.09581150114536285,0
0,0.09581150114536285,0
0,0.09581150114536285,0
0,0.09581150114536285,0
0,0.09581150114536285,0
0,0.09581150114536285,0
0,0.09581150114536285,0
0,0.09581150114536285,0
0,0.09581150114536285,0
0,0.09581150114536285,0
0,0.09581150114536285,0
0,0.09581150114536285,0
0,0.09581150114536285,0
0,0.09581150114536285,0
0,0.09581150114536285,0
0,0.09581150114536285,0
0,0.09581150114536285,0
0,0.09581150114536285,0
0,0.09581150114536285,0
0,0.09581150114536285,0
0,0.09581150114536285,0
0,0.09581150114536285,0
0,0.09581150114536285,0
0,0.09581150114536285,0
0,0.09581150114536285,0
0,0.09581150114536285,0
0,0.09581150114536285,0
0,0.09581150114536285,0
0,0.09581150114536285,0
0,0.09581150114536285,0
0,0.09581150114536285,0
0,0.09581150114536285,0
0,0.09581150114536285,0
0,0.09581150114536285,0
0,0.09581150114536285,0
0,0.09581150114536285,0
0,0.09581150114536285,0
0,0.09581150114536285,0
0,0.09581150114536285,0
0,0.09581150114536285,0
0,0.09581150114536285,0
0,0.09581150114536285,0
0,0.09581150114536285,0
0,0.09581150114536285,0
0,0.09581150114536285,0
0,0.09581150114536285,0
0,0.09581150114536285,0
0,0.09581150114536285,0
0,0.09581150114536285,0
0,0.09581150114536285,0
0,0.09581150114536285,0
0,0.09581150114536285,0
0,0.09581150114536285,0
0,0.09581150114536285,0
0,0.09581150114536285,0
0,0.09581150114536285,0
0,0.09581150114536285,0
0,0.09581150114536285,0
0,0.09581150114536285,0
0,0.09581150114536285,0
0,0.09581150114536285,0
0,0.09581150114536285,0
0,0.09581150114536285,0
0,0.09581150114536285,0
0,0.09581150114536285,0
0,0.09581150114536285,0
0,0.09581150114536285,0
0,0.09581150114536285,0
0,0.09581150114536285,0
0,0.09581150114536285,0
0,0.09581150114536285,0
0,0.09581150114536285,0
0,0.09581150114536285,0
0,0.09581150114536285,0
0,0.09581150114536285,0
0,0.09581150114536285,0
0,0.09581150114536285,0
0,0.09581150114536285,0
0,0.09581150114536285,0
0,0.09581150114536285,0
0,0.09581150114536285,0
0,0.09581150114536285,0
0,0.09581150114536285,0
0,0.09581150114536285,0
0,0.09581150114536285,0
0,0.09581150114536285,0
0,0.09581150114536285,0
0,0.09581150114536285,0
0,0.09581150114536285,0
0,0.09581150114536285,0
0,0.09581150114536285,0
0,0.09581150114536285,0
0,0.09581150114536285,0
0,0.09581150114536285,0
0,0.09581150114536285,0
0,0.09581150114536285,0
0,0.09581150114536285,0
0,0.09581150114536285,0
0,0.09581150114536285,0
0,0.09581150114536285,0
0,0.09581150114536285,0
0,0.09581150114536285,0
0,0.09581150114536285,0
0,0.09581150114536285,0
0,0.09581150114536285,0
0,0.09581150114536285,0
0,0.09581150114536285,0
0,0.09581150114536285,0
0,0.09581150114536285,0
0,0.09581150114536285,0
0,0.09581150114536285,0
0,0.09581150114536285,0
0,0.09581150114536285,0
0,0.09581150114536285,0
0,0.09581150114536285,0
0,0.09581150114536285,0
0,0.09581150114536285,0
0,0.09581150114536285,0
0,0.09581150114536285,0
0,0.09581150114536285,0
0,0.09581150114536285,0
0,0.09581150114536285,0
0,0.09581150114536285,0
0,0.09581150114536285,0
0,0.09581150114536285,0
0,0.09581150114536285,0
0,0.09581150114536285,0
0,0.09581150114536285,0
0,0.09581150114536285,0
0,0.09581150114536285,0
0,0.09581150114536285,0
0,0.09581150114536285,0
0,0.09581150114536285,0
0,0.09581150114536285,0
0,0.09581150114536285,0
0,0.09581150114536285,0
0,0.09581150114536285,0
0,0.09581150114536285,0
0,0.09581150114536285,0
0,0.09581150114536285,0
0,0.09581150114536285,0
0,0.09581150114536285,0
0,0.09581150114536285,0
0,0.09581150114536285,0
0,0.09581150114536285,0
0,0.09581150114536285,0
0,0.09581150114536285,0
0,0.09581150114536285,0
0,0.09581150114536285,0
0,0.09581150114536285,0
0,0.09581150114536285,0
0,0.09581150114536285,0
0,0.09581150114536285,0
0,0.09581150114536285,0
0,0.09581150114536285,0
0,0.09581150114536285,0
0,0.09581150114536285,0
0,0.09581150114536285,0
0,0.09581150114536285,0
0,0.09581150114536285,0
0,0.09581150114536285,0
0,0.09581150114536285,0
0,0.09581150114536285,0
0,0.09581150114536285,0
0,0.09581150114536285,0
0,0.09581150114536285,0
0,0.09581150114536285,0
0,0.09581150114536285,0
0,0.09581150114536285,0
0,0.09581150114536285,0
0,0.09581150114536285,0
0,0.09581150114536285,0
0,0.09581150114536285,0
0,0.09581150114536285,0
0,0.09581150114536285,0
0,0.09581150114536285,0
0,0.09581150114536285,0
0,0.09581150114536285,0
0,0.09581150114536285,0
0,0.09581150114536285,0
0,0.09581150114536285,0
0,0.09581150114536285,0
0,0.09581150114536285,0
0,0.09581150114536285,0
0,0.09581150114536285,0
0,0.09581150114536285,0
0,0.09581150114536285,0
0,0.09581150114536285,0
0,0.09581150114536285,0
0,0.09581150114536285,0
0,0.09581150114536285,0
0,0.09581150114536285,0
0,0.09581150114536285,0
0,0.09581150114536285,0
0,0.09581150114536285,0
0,0.09581150114536285,0
0,0.09581150114536285,0
0,0.09581150114536285,0
0,0.09581150114536285,0
0,0.09581150114536285,0
0,0.09581150114536285,0
0,0.09581150114536285,0
0,0.09581150114536285,0
0,0.09581150114536285,0
0,0.09581150114536285,0
0,0.09581150114536285,0
0,0.09581150114536285,0
0,0.09581150114536285,0
0,0.09581150114536285,0
0,0.09581150114536285,0
0,0.09581150114536285,0
0,0.09581150114536285,0
0,0.09581150114536285,0
0,0.09581150114536285,0
0,0.09581150114536285,0
0,0.09581150114536285,0
0,0.09581150114536285,0
0,0.09581150114536285,0
0,0.09581150114536285,0
0,0.09581150114536285,0
0,0.09581150114536285,0
0,0.09581150114536285,0
0,0.09581150114536285,0
0,0.09581150114536285,0
0,0.09581150114536285,0
0,0.09581150114536285,0
0,0.09581150114536285,0
0,0.09581150114536285,0
0,0.09581150114536285,0
0,0.09581150114536285,0
0,0.09581150114536285,0
0,0.09581150114536285,0
0,0.09581150114536285,0
0,0.09581150114536285,0
0,0.09581150114536285,0
0,0.09581150114536285,0
0,0.09581150114536285,0
0,0.09581150114536285,0
0,0.09581150114536285,0
0,0.09581150114536285,0
0,0.09581150114536285,0
0,0.09581150114536285,0
0,0.09581150114536285,0
0,0.09581150114536285,0
0,0.09581150114536285,0
0,0.09581150114536285,0
0,0.09581150114536285,0
0,0.09581150114536285,0
0,0.09581150114536285,0
0,0.09581150114536285,0
0,0.09581150114536285,0
0,0.09581150114536285,0
0,0.09581150114536285,0
0,0.09581150114536285,0
0,0.09581150114536285,0
0,0.09581150114536285,0
0,0.09581150114536285,0
0,0.09581150114536285,0
0,0.09581150114536285,0
0,0.09581150114536285,0
0,0.09581150114536285,0
0,0.09581150114536285,0
0,0.09581150114536285,0
0,0.09581150114536285,0
0,0.09581150114536285,0
0,0.09581150114536285,0
0,0.09581150114536285,0
0,0.09581150114536285,0
0,0.09581150114536285,0
0,0.09581150114536285,0
0,0.09581150114536285,0
0,0.09581150114536285,0
0,0.09581150114536285,0
0,0.09581150114536285,0
0,0.09581150114536285,0
1,0.09581150114536285,0
0,0.8923224210739136,0
0,0.8895574808120728,0
0,0.883767306804657,0
0,0.8632813096046448,0
0,0.8468464016914368,0
0,0.8307079672813416,0
0,0.8125883340835571,0
0,0.7851958274841309,0
0,0.7540867328643799,0
0,0.7434166669845581,0
0,0.7469439506530762,0
0,0.7541808485984802,0
0,0.7545438408851624,0
0,0.7282616496086121,0
0,0.6804725527763367,0
0,0.6562877893447876,0
0,0.6852715611457825,0
0,0.7351422905921936,0
0,0.7442667484283447,0
0,0.7101284265518188,0
0,0.6404545903205872,0
0,0.5794359445571899,0
0,0.5981054902076721,0
0,0.6770144104957581,0
0,0.7196396589279175,0
0,0.7175034880638123,0
0,0.6955389380455017,0
0,0.670813798904419,0
0,0.6545332670211792,0
0,0.6471360921859741,0
0,0.5066333413124084,0
0,0.09581150114536285,0
0,0.09581150114536285,0
0,0.09581150114536285,0
0,0.09581150114536285,0
0,0.09581150114536285,0
0,0.09581150114536285,0
0,0.09581150114536285,0
0,0.09581150114536285,0
0,0.09581150114536285,0
0,0.09581150114536285,0
0,0.09581150114536285,0
0,0.09581150114536285,0
0,0.09581150114536285,0
0,0.09581150114536285,0
0,0.09581150114536285,0
0,0.09581150114536285,0
0,0.09581150114536285,0
0,0.09581150114536285,0
0,0.09581150114536285,0
0,0.09581150114536285,0
0,0.09581150114536285,0
0,0.09581150114536285,0
0,0.09581150114536285,0
0,0.09581150114536285,0
0,0.09581150114536285,0
0,0.09581150114536285,0
0,0.09581150114536285,0
0,0.09581150114536285,0
0,0.09581150114536285,0
0,0.09581150114536285,0
0,0.09581150114536285,0
0,0.09581150114536285,0
0,0.09581150114536285,0
0,0.09581150114536285,0
0,0.09581150114536285,0
0,0.09581150114536285,0
0,0.09581150114536285,0
0,0.09581150114536285,0
0,0.09581150114536285,0
0,0.09581150114536285,0
0,0.09581150114536285,0
0,0.09581150114536285,0
0,0.09581150114536285,0
0,0.09581150114536285,0
0,0.09581150114536285,0
0,0.09581150114536285,0
0,0.09581150114536285,0
0,0.09581150114536285,0
0,0.09581150114536285,0
0,0.09581150114536285,0
0,0.09581150114536285,0
0,0.09581150114536285,0
0,0.09581150114536285,0
0,0.09581150114536285,0
0,0.09581150114536285,0
0,0.09581150114536285,0
0,0.09581150114536285,0
0,0.09581150114536285,0
0,0.09581150114536285,0
0,0.09581150114536285,0
0,0.09581150114536285,0
0,0.09581150114536285,0
0,0.09581150114536285,0
0,0.09581150114536285,0
0,0.09581150114536285,0
0,0.09581150114536285,0
0,0.09581150114536285,0
0,0.09581150114536285,0
0,0.09581150114536285,0
0,0.09581150114536285,0
0,0.09581150114536285,0
0,0.09581150114536285,0
0,0.09581150114536285,0
0,0.09581150114536285,0
0,0.09581150114536285,0
0,0.09581150114536285,0
0,0.09581150114536285,0
0,0.09581150114536285,0
0,0.09581150114536285,0
0,0.09581150114536285,0
0,0.09581150114536285,0
0,0.09581150114536285,0
0,0.09581150114536285,0
0,0.09581150114536285,0
0,0.09581150114536285,0
0,0.09581150114536285,0
0,0.09581150114536285,0
0,0.09581150114536285,0
0,0.09581150114536285,0
0,0.09581150114536285,0
0,0.09581150114536285,0
0,0.09581150114536285,0
0,0.09581150114536285,0
0,0.09581150114536285,0
0,0.09581150114536285,0
0,0.09581150114536285,0
0,0.09581150114536285,0
0,0.09581150114536285,0
0,0.09581150114536285,0
0,0.09581150114536285,0
0,0.09581150114536285,0
0,0.09581150114536285,0
0,0.09581150114536285,0
0,0.09581150114536285,0
0,0.09581150114536285,0
0,0.09581150114536285,0
0,0.09581150114536285,0
0,0.09581150114536285,0
0,0.09581150114536285,0
0,0.09581150114536285,0
0,0.09581150114536285,0
0,0.09581150114536285,0
0,0.09581150114536285,0
0,0.09581150114536285,0
0,0.09581150114536285,0
0,0.09581150114536285,0
0,0.09581150114536285,0
0,0.09581150114536285,0
0,0.09581150114536285,0
0,0.09581150114536285,0
0,0.09581150114536285,0
0,0.09581150114536285,0
0,0.09581150114536285,0
0,0.09581150114536285,0
0,0.09581150114536285,0
0,0.09581150114536285,0
0,0.09581150114536285,0
0,0.09581150114536285,0
0,0.09581150114536285,0
0,0.09581150114536285,0
0,0.09581150114536285,0
0,0.09581150114536285,0
0,0.09581150114536285,0
0,0.09581150114536285,0
0,0.09581150114536285,0
0,0.09581150114536285,0
0,0.09581150114536285,0
0,0.09581150114536285,0
0,0.09581150114536285,0
0,0.09581150114536285,0
0,0.09581150114536285,0
0,0.09581150114536285,0
0,0.09581150114536285,0
0,0.09581150114536285,0
0,0.09581150114536285,0
0,0.09581150114536285,0
0,0.09581150114536285,0
0,0.09581150114536285,0
0,0.09581150114536285,0
0,0.09581150114536285,0
0,0.09581150114536285,0
0,0.09581150114536285,0
0,0.09581150114536285,0
0,0.09581150114536285,0
0,0.09581150114536285,0
0,0.09581150114536285,0
0,0.09581150114536285,0
0,0.09581150114536285,0
0,0.09581150114536285,0
0,0.09581150114536285,0
0,0.09581150114536285,0
0,0.09581150114536285,0
0,0.09581150114536285,0
0,0.09581150114536285,0
0,0.09581150114536285,0
0,0.09581150114536285,0
0,0.09581150114536285,0
0,0.09581150114536285,0
0,0.09581150114536285,0
0,0.09581150114536285,0
0,0.09581150114536285,0
0,0.09581150114536285,0
0,0.09581150114536285,0
0,0.09581150114536285,0
0,0.09581150114536285,0
0,0.09581150114536285,0
0,0.09581150114536285,0
0,0.09581150114536285,0
0,0.09581150114536285,0
0,0.09581150114536285,0
0,0.09581150114536285,0
0,0.09581150114536285,0
0,0.09581150114536285,0
0,0.09581150114536285,0
0,0.09581150114536285,0
0,0.09581150114536285,0
0,0.09581150114536285,0
0,0.09581150114536285,0
0,0.09581150114536285,0
0,0.09581150114536285,0
0,0.09581150114536285,0
0,0.09581150114536285,0
0,0.09581150114536285,0
0,0.09581150114536285,0
0,0.09581150114536285,0
0,0.09581150114536285,0
0,0.09581150114536285,0
0,0.09581150114536285,0
0,0.09581150114536285,0
0,0.09581150114536285,0
0,0.09581150114536285,0
0,0.09581150114536285,0
0,0.09581150114536285,0
0,0.09581150114536285,0
0,0.09581150114536285,0
0,0.09581150114536285,0
0,0.09581150114536285,0
0,0.09581150114536285,0
0,0.09581150114536285,0
0,0.09581150114536285,0
0,0.09581150114536285,0
0,0.09581150114536285,0
0,0.09581150114536285,0
0,0.09581150114536285,0
0,0.09581150114536285,0
0,0.09581150114536285,0
0,0.09581150114536285,0
0,0.09581150114536285,0
0,0.09581150114536285,0
0,0.09581150114536285,0
0,0.09581150114536285,0
0,0.09581150114536285,0
0,0.09581150114536285,0
0,0.09581150114536285,0
0,0.09581150114536285,0
0,0.09581150114536285,0
0,0.09581150114536285,0
0,0.09581150114536285,0
0,0.09581150114536285,0
0,0.09581150114536285,0
0,0.09581150114536285,0
0,0.09581150114536285,0
0,0.09581150114536285,0
0,0.09581150114536285,0
0,0.09581150114536285,0
0,0.09581150114536285,0
0,0.09581150114536285,0
0,0.09581150114536285,0
0,0.09581150114536285,0
0,0.09581150114536285,0
0,0.09581150114536285,0
0,0.09581150114536285,0
0,0.09581150114536285,0
0,0.09581150114536285,0
0,0.09581150114536285,0
0,0.09581150114536285,0
0,0.09581150114536285,0
0,0.09581150114536285,0
0,0.09581150114536285,0
0,0.09581150114536285,0
0,0.09581150114536285,0
0,0.09581150114536285,0
0,0.09581150114536285,0
0,0.09581150114536285,0
0,0.09581150114536285,0
0,0.09581150114536285,0
0,0.09581150114536285,0
0,0.09581150114536285,0
0,0.09581150114536285,0
0,0.09581150114536285,0
0,0.09581150114536285,0
0,0.09581150114536285,0
0,0.09581150114536285,0
0,0.09581150114536285,0
0,0.09581150114536285,0
0,0.09581150114536285,0
0,0.09581150114536285,0
0,0.09581150114536285,0
0,0.09581150114536285,0
0,0.09581150114536285,0
0,0.09581150114536285,0
0,0.09581150114536285,0
0,0.09581150114536285,0
0,0.09581150114536285,0
0,0.09581150114536285,0
0,0.09581150114536285,0
0,0.09581150114536285,0
0,0.09581150114536285,0
0,0.09581150114536285,0
0,0.09581150114536285,0
0,0.09581150114536285,0
0,0.09581150114536285,0
0,0.09581150114536285,0
0,0.09581150114536285,0
0,0.09581150114536285,0
0,0.09581150114536285,0
0,0.09581150114536285,0
0,0.09581150114536285,0
0,0.09581150114536285,0
0,0.09581150114536285,0
0,0.09581150114536285,0
0,0.09581150114536285,0
0,0.09581150114536285,0
0,0.09581150114536285,0
0,0.09581150114536285,0
0,0.09581150114536285,0
0,0.09581150114536285,0
0,0.09581150114536285,0
0,0.09581150114536285,0
0,0.09581150114536285,0
0,0.09581150114536285,0
0,0.09581150114536285,0
0,0.09581150114536285,0
0,0.09581150114536285,0
0,0.09581150114536285,0
0,0.09581150114536285,0
0,0.09581150114536285,0
0,0.09581150114536285,0
0,0.09581150114536285,0
0,0.09581150114536285,0
0,0.09581150114536285,0
0,0.09581150114536285,0
0,0.09581150114536285,0
0,0.09581150114536285,0
0,0.09581150114536285,0
0,0.09581150114536285,0
0,0.09581150114536285,0
0,0.09581150114536285,0
0,0.09581150114536285,0
0,0.09581150114536285,0
0,0.09581150114536285,0
0,0.09581150114536285,0
0,0.09581150114536285,0
0,0.09581150114536285,0
0,0.09581150114536285,0
0,0.09581150114536285,0
0,0.09581150114536285,0
0,0.09581150114536285,0
0,0.09581150114536285,0
0,0.09581150114536285,0
0,0.09581150114536285,0
0,0.09581150114536285,0
0,0.09581150114536285,0
0,0.09581150114536285,0
0,0.09581150114536285,0
0,0.09581150114536285,0
0,0.09581150114536285,0
0,0.09581150114536285,0
0,0.09581150114536285,0
0,0.09581150114536285,0
0,0.09581150114536285,0
0,0.09581150114536285,0
0,0.09581150114536285,0
0,0.09581150114536285,0
0,0.09581150114536285,0
0,0.09581150114536285,0
0,0.09581150114536285,0
0,0.09581150114536285,0
0,0.09581150114536285,0
0,0.09581150114536285,0
0,0.09581150114536285,0
0,0.09581150114536285,0
0,0.09581150114536285,0
0,0.09581150114536285,0
0,0.09581150114536285,0
0,0.09581150114536285,0
0,0.09581150114536285,0
0,0.09581150114536285,0
0,0.09581150114536285,0
0,0.09581150114536285,0
0,0.09581150114536285,0
0,0.09581150114536285,0
0,0.09581150114536285,0
0,0.09581150114536285,0
0,0.09581150114536285,0
0,0.09581150114536285,0
0,0.09581150114536285,0
0,0.09581150114536285,0
0,0.09581150114536285,0
0,0.09581150114536285,0
0,0.09581150114536285,0
0,0.09581150114536285,0
0,0.09581150114536285,0
0,0.09581150114536285,0
0,0.09581150114536285,0
0,0.09581150114536285,0
0,0.09581150114536285,0
0,0.09581150114536285,0
0,0.09581150114536285,0
0,0.09581150114536285,0
0,0.09581150114536285,0
0,0.09581150114536285,0
0,0.09581150114536285,0
0,0.09581150114536285,0
0,0.09581150114536285,0
0,0.09581150114536285,0
0,0.09581150114536285,0
0,0.09581150114536285,0
0,0.09581150114536285,0
0,0.09581150114536285,0
0,0.09581150114536285,0
0,0.09581150114536285,0
0,0.09581150114536285,0
0,0.09581150114536285,0
0,0.09581150114536285,0
0,0.09581150114536285,0
0,0.09581150114536285,0
0,0.09581150114536285,0
0,0.09581150114536285,0
0,0.09581150114536285,0
0,0.09581150114536285,0
0,0.09581150114536285,0
0,0.09581150114536285,0
0,0.09581150114536285,0
0,0.09581150114536285,0
0,0.09581150114536285,0
0,0.09581150114536285,0
0,0.09581150114536285,0
0,0.09581150114536285,0
0,0.09581150114536285,0
0,0.09581150114536285,0
0,0.09581150114536285,0
0,0.09581150114536285,0
0,0.09581150114536285,0
0,0.09581150114536285,0
0,0.09581150114536285,0
0,0.09581150114536285,0
0,0.09581150114536285,0
0,0.09581150114536285,0
0,0.09581150114536285,0
0,0.09581150114536285,0
0,0.09581150114536285,0
0,0.09581150114536285,0
0,0.09581150114536285,0
0,0.09581150114536285,0
0,0.09581150114536285,0
0,0.09581150114536285,0
0,0.09581150114536285,0
0,0.09581150114536285,0
0,0.09581150114536285,0
0,0.09581150114536285,0
0,0.09581150114536285,0
0,0.09581150114536285,0
0,0.09581150114536285,0
0,0.09581150114536285,0
0,0.09581150114536285,0
0,0.09581150114536285,0
0,0.09581150114536285,0
0,0.09581150114536285,0
0,0.09581150114536285,0
0,0.09581150114536285,0
0,0.09581150114536285,0
0,0.09581150114536285,0
0,0.09581150114536285,0
0,0.09581150114536285,0
0,0.09581150114536285,0
0,0.09581150114536285,0
0,0.09581150114536285,0
0,0.09581150114536285,0
0,0.09581150114536285,0
0,0.09581150114536285,0
0,0.09581150114536285,0
0,0.09581150114536285,0
0,0.09581150114536285,0
0,0.09581150114536285,0
0,0.09581150114536285,0
0,0.09581150114536285,0
0,0.09581150114536285,0
0,0.09581150114536285,0
0,0.09581150114536285,0
0,0.09581150114536285,0
0,0.09581150114536285,0
0,0.09581150114536285,0
0,0.09581150114536285,0
0,0.09581150114536285,0
0,0.09581150114536285,0
0,0.09581150114536285,0
0,0.09581150114536285,0
0,0.09581150114536285,0
0,0.09581150114536285,0
0,0.09581150114536285,0
0,0.09581150114536285,0
0,0.09581150114536285,0
0,0.09581150114536285,0
0,0.09581150114536285,0
0,0.09581150114536285,0
0,0.09581150114536285,0
0,0.09581150114536285,0
0,0.09581150114536285,0
0,0.09581150114536285,0
0,0.09581150114536285,0
0,0.09581150114536285,0
0,0.09581150114536285,0
0,0.09581150114536285,0
0,0.09581150114536285,0
0,0.09581150114536285,0
0,0.09581150114536285,0
0,0.09581150114536285,0
0,0.09581150114536285,0
0,0.09581150114536285,0
0,0.09581150114536285,0
0,0.09581150114536285,0
0,0.09581150114536285,0
0,0.09581150114536285,0
0,0.09581150114536285,0
0,0.09581150114536285,0
0,0.09581150114536285,0
0,0.09581150114536285,0
0,0.09581150114536285,0
0,0.09581150114536285,0
0,0.09581150114536285,0
0,0.09581150114536285,0
0,0.09581150114536285,0
0,0.09581150114536285,0
0,0.09581150114536285,0
0,0.09581150114536285,0
0,0.09581150114536285,0
0,0.09581150114536285,0
0,0.09581150114536285,0
0,0.09581150114536285,0
0,0.09581150114536285,0
0,0.09581150114536285,0
0,0.09581150114536285,0
0,0.09581150114536285,0
0,0.09581150114536285,0
0,0.09581150114536285,0
0,0.09581150114536285,0
0,0.09581150114536285,0
0,0.09581150114536285,0
0,0.09581150114536285,0
0,0.09581150114536285,0
0,0.09581150114536285,0
0,0.09581150114536285,0
0,0.09581150114536285,0
0,0.09581150114536285,0
0,0.09581150114536285,0
0,0.09581150114536285,0
0,0.09581150114536285,0
0,0.09581150114536285,0
0,0.09581150114536285,0
0,0.09581150114536285,0
0,0.09581150114536285,0
0,0.09581150114536285,0
0,0.09581150114536285,0
0,0.09581150114536285,0
0,0.09581150114536285,0
0,0.09581150114536285,0
0,0.09581150114536285,0
0,0.09581150114536285,0
0,0.09581150114536285,0
0,0.09581150114536285,0
0,0.09581150114536285,0
0,0.09581150114536285,0
0,0.09581150114536285,0
0,0.09581150114536285,0
0,0.09581150114536285,0
0,0.09581150114536285,0
0,0.09581150114536285,0
0,0.09581150114536285,0
0,0.09581150114536285,0
0,0.09581150114536285,0
0,0.09581150114536285,0
0,0.09581150114536285,0
0,0.09581150114536285,0
0,0.09581150114536285,0
0,0.09581150114536285,0
0,0.09581150114536285,0
0,0.09581150114536285,0
0,0.09581150114536285,0
0,0.09581150114536285,0
0,0.09581150114536285,0
0,0.09581150114536285,0
0,0.09581150114536285,0
0,0.09581150114536285,0
0,0.09581150114536285,0
0,0.09581150114536285,0
0,0.09581150114536285,0
0,0.09581150114536285,0
0,0.09581150114536285,0
0,0.09581150114536285,0
0,0.09581150114536285,0
0,0.09581150114536285,0
0,0.09581150114536285,0
0,0.09581150114536285,0
0,0.09581150114536285,0
0,0.09581150114536285,0
0,0.09581150114536285,0
0,0.09581150114536285,0
0,0.09581150114536285,0
0,0.09581150114536285,0
0,0.09581150114536285,0
0,0.09581150114536285,0
0,0.09581150114536285,0
0,0.09581150114536285,0
0,0.09581150114536285,0
0,0.09581150114536285,0
0,0.09581150114536285,0
0,0.09581150114536285,0
0,0.09581150114536285,0
0,0.09581150114536285,0
0,0.09581150114536285,0
0,0.09581150114536285,0
0,0.09581150114536285,0
0,0.09581150114536285,0
0,0.09581150114536285,0
0,0.09581150114536285,0
0,0.09581150114536285,0
0,0.09581150114536285,0
0,0.09581150114536285,0
0,0.09581150114536285,0
0,0.09581150114536285,0
0,0.09581150114536285,0
0,0.09581150114536285,0
0,0.09581150114536285,0
0,0.09581150114536285,0
0,0.09581150114536285,0
0,0.09581150114536285,0
0,0.09581150114536285,0
0,0.09581150114536285,0
0,0.09581150114536285,0
0,0.09581150114536285,0
0,0.09581150114536285,0
0,0.09581150114536285,0
0,0.09581150114536285,0
0,0.09581150114536285,0
0,0.09581150114536285,0
0,0.09581150114536285,0
0,0.09581150114536285,0
0,0.09581150114536285,0
0,0.09581150114536285,0
0,0.09581150114536285,0
0,0.09581150114536285,0
0,0.09581150114536285,0
0,0.09581150114536285,0
0,0.09581150114536285,0
0,0.09581150114536285,0
0,0.09581150114536285,0
0,0.09581150114536285,0
0,0.09581150114536285,0
0,0.09581150114536285,0
0,0.09581150114536285,0
0,0.09581150114536285,0
0,0.09581150114536285,0
0,0.09581150114536285,0
0,0.09581150114536285,0
0,0.09581150114536285,0
0,0.09581150114536285,0
0,0.09581150114536285,0
0,0.09581150114536285,0
0,0.09581150114536285,0
0,0.09581150114536285,0
0,0.09581150114536285,0
0,0.09581150114536285,0
0,0.09581150114536285,0
0,0.09581150114536285,0
0,0.09581150114536285,0
0,0.09581150114536285,0
0,0.09581150114536285,0
0,0.09581150114536285,0
0,0.09581150114536285,0
0,0.09581150114536285,0
0,0.09581150114536285,0
0,0.09581150114536285,0
0,0.09581150114536285,0
0,0.09581150114536285,0
0,0.09581150114536285,0
0,0.09581150114536285,0
0,0.09581150114536285,0
0,0.09581150114536285,0
0,0.09581150114536285,0
0,0.09581150114536285,0
0,0.09581150114536285,0
0,0.09581150114536285,0
0,0.09581150114536285,0
0,0.09581150114536285,0
0,0.09581150114536285,0
0,0.09581150114536285,0
0,0.09581150114536285,0
0,0.09581150114536285,0
0,0.09581150114536285,0
0,0.09581150114536285,0
0,0.09581150114536285,0
0,0.09581150114536285,0
0,0.09581150114536285,0
0,0.09581150114536285,0
0,0.09581150114536285,0
0,0.09581150114536285,0
0,0.09581150114536285,0
0,0.09581150114536285,0
0,0.09581150114536285,0
0,0.09581150114536285,0
0,0.09581150114536285,0
0,0.09581150114536285,0
0,0.09581150114536285,0
0,0.09581150114536285,0
0,0.09581150114536285,0
0,0.09581150114536285,0
0,0.09581150114536285,0
0,0.09581150114536285,0
0,0.09581150114536285,0
0,0.09581150114536285,0
0,0.09581150114536285,0
0,0.09581150114536285,0
0,0.09581150114536285,0
0,0.09581150114536285,0
0,0.09581150114536285,0
0,0.09581150114536285,0
0,0.09581150114536285,0
0,0.09581150114536285,0
0,0.09581150114536285,0
0,0.09581150114536285,0
0,0.09581150114536285,0
0,0.09581150114536285,0
0,0.09581150114536285,0
0,0.09581150114536285,0
0,0.09581150114536285,0
0,0.09581150114536285,0
0,0.09581150114536285,0
0,0.09581150114536285,0
0,0.09581150114536285,0
0,0.09581150114536285,0
0,0.09581150114536285,0
0,0.09581150114536285,0
0,0.09581150114536285,0
0,0.09581150114536285,0
0,0.09581150114536285,0
0,0.09581150114536285,0
0,0.09581150114536285,0
0,0.09581150114536285,0
0,0.09581150114536285,0
0,0.09581150114536285,0
0,0.09581150114536285,0
0,0.09581150114536285,0
0,0.09581150114536285,0
0,0.09581150114536285,0
0,0.09581150114536285,0
0,0.09581150114536285,0
0,0.09581150114536285,0
0,0.09581150114536285,0
0,0.09581150114536285,0
0,0.09581150114536285,0
0,0.09581150114536285,0
0,0.09581150114536285,0
0,0.09581150114536285,0
0,0.09581150114536285,0
0,0.09581150114536285,0
0,0.09581150114536285,0
0,0.09581150114536285,0
0,0.09581150114536285,0
0,0.09581150114536285,0
0,0.09581150114536285,0
0,0.09581150114536285,0
0,0.09581150114536285,0
0,0.09581150114536285,0
0,0.09581150114536285,0
0,0.09581150114536285,0
0,0.09581150114536285,0
0,0.09581150114536285,0
0,0.09581150114536285,0
0,0.09581150114536285,0
0,0.09581150114536285,0
0,0.09581150114536285,0
0,0.09581150114536285,0
0,0.09581150114536285,0
0,0.09581150114536285,0
0,0.09581150114536285,0
0,0.09581150114536285,0
0,0.09581150114536285,0
0,0.09581150114536285,0
0,0.09581150114536285,0
0,0.09581150114536285,0
0,0.09581150114536285,0
0,0.09581150114536285,0
0,0.09581150114536285,0
0,0.09581150114536285,0
0,0.09581150114536285,0
0,0.09581150114536285,0
0,0.09581150114536285,0
0,0.09581150114536285,0
0,0.09581150114536285,0
0,0.09581150114536285,0
0,0.09581150114536285,0
0,0.09581150114536285,0
0,0.09581150114536285,0
0,0.09581150114536285,0
0,0.09581150114536285,0
0,0.09581150114536285,0
0,0.09581150114536285,0
0,0.09581150114536285,0
0,0.09581150114536285,0
0,0.09581150114536285,0
0,0.09581150114536285,0
0,0.09581150114536285,0
0,0.09581150114536285,0
0,0.09581150114536285,0
0,0.09581150114536285,0
0,0.09581150114536285,0
0,0.09581150114536285,0
0,0.09581150114536285,0
0,0.09581150114536285,0
0,0.09581150114536285,0
0,0.09581150114536285,0
0,0.09581150114536285,0
0,0.09581150114536285,0
0,0.09581150114536285,0
0,0.09581150114536285,0
0,0.09581150114536285,0
0,0.09581150114536285,0
0,0.09581150114536285,0
0,0.09581150114536285,0
0,0.09581150114536285,0
0,0.09581150114536285,0
0,0.09581150114536285,0
0,0.09581150114536285,0
0,0.09581150114536285,0
0,0.09581150114536285,0
0,0.09581150114536285,0
0,0.09581150114536285,0
0,0.09581150114536285,0
0,0.09581150114536285,0
0,0.09581150114536285,0
0,0.09581150114536285,0
0,0.09581150114536285,0
0,0.09581150114536285,0
0,0.09581150114536285,0
0,0.09581150114536285,0
0,0.09581150114536285,0
0,0.09581150114536285,0
0,0.09581150114536285,0
0,0.09581150114536285,0
0,0.09581150114536285,0
0,0.09581150114536285,0
0,0.09581150114536285,0
0,0.09581150114536285,0
0,0.09581150114536285,0
0,0.09581150114536285,0
0,0.09581150114536285,0
0,0.09581150114536285,0
0,0.09581150114536285,0
0,0.09581150114536285,0
0,0.09581150114536285,0
0,0.09581150114536285,0
0,0.09581150114536285,0
0,0.09581150114536285,0
0,0.09581150114536285,0
0,0.09581150114536285,0
0,0.09581150114536285,0
0,0.09581150114536285,0
0,0.09581150114536285,0
0,0.09581150114536285,0
0,0.09581150114536285,0
0,0.09581150114536285,0
0,0.09581150114536285,0
0,0.09581150114536285,0
0,0.09581150114536285,0
0,0.09581150114536285,0
0,0.09581150114536285,0
0,0.09581150114536285,0
0,0.09581150114536285,0
0,0.09581150114536285,0
0,0.09581150114536285,0
0,0.09581150114536285,0
0,0.09581150114536285,0
0,0.09581150114536285,0
0,0.09581150114536285,0
0,0.09581150114536285,0
0,0.09581150114536285,0
0,0.09581150114536285,0
0,0.09581150114536285,0
0,0.09581150114536285,0
0,0.09581150114536285,0
0,0.09581150114536285,0
0,0.09581150114536285,0
0,0.09581150114536285,0
0,0.09581150114536285,0
0,0.09581150114536285,0
0,0.09581150114536285,0
0,0.09581150114536285,0
0,0.09581150114536285,0
0,0.09581150114536285,0
0,0.09581150114536285,0
0,0.09581150114536285,0
0,0.09581150114536285,0
0,0.09581150114536285,0
0,0.09581150114536285,0
0,0.09581150114536285,0
0,0.09581150114536285,0
0,0.09581150114536285,0
0,0.09581150114536285,0
0,0.09581150114536285,0
0,0.09581150114536285,0
0,0.09581150114536285,0
0,0.09581150114536285,0
0,0.09581150114536285,0
0,0.09581150114536285,0
0,0.09581150114536285,0
0,0.09581150114536285,0
0,0.09581150114536285,0
0,0.09581150114536285,0
0,0.09581150114536285,0
0,0.09581150114536285,0
0,0.09581150114536285,0
0,0.09581150114536285,0
0,0.09581150114536285,0
0,0.09581150114536285,0
0,0.09581150114536285,0
0,0.09581150114536285,0
0,0.09581150114536285,0
0,0.09581150114536285,0
0,0.09581150114536285,0
0,0.09581150114536285,0
0,0.09581150114536285,0
0,0.09581150114536285,0
0,0.09581150114536285,0
0,0.09581150114536285,0
0,0.09581150114536285,0
0,0.09581150114536285,0
0,0.09581150114536285,0
0,0.09581150114536285,0
0,0.09581150114536285,0
0,0.09581150114536285,0
0,0.09581150114536285,0
0,0.09581150114536285,0
0,0.09581150114536285,0
0,0.09581150114536285,0
0,0.09581150114536285,0
0,0.09581150114536285,0
0,0.09581150114536285,0
0,0.09581150114536285,0
0,0.09581150114536285,0
0,0.09581150114536285,0
0,0.09581150114536285,0
0,0.09581150114536285,0
0,0.09581150114536285,0
0,0.09581150114536285,0
0,0.09581150114536285,0
0,0.09581150114536285,0
0,0.09581150114536285,0
0,0.09581150114536285,0
0,0.09581150114536285,0
0,0.09581150114536285,0
0,0.09581150114536285,0
0,0.09581150114536285,0
0,0.09581150114536285,0
0,0.09581150114536285,0
0,0.09581150114536285,0
0,0.09581150114536285,0
0,0.09581150114536285,0
0,0.09581150114536285,0
0,0.09581150114536285,0
0,0.09581150114536285,0
0,0.09581150114536285,0
0,0.09581150114536285,0
0,0.09581150114536285,0
0,0.09581150114536285,0
0,0.09581150114536285,0
0,0.09581150114536285,0
0,0.09581150114536285,0
0,0.09581150114536285,0
0,0.09581150114536285,0
0,0.09581150114536285,0
0,0.09581150114536285,0
0,0.09581150114536285,0
0,0.09581150114536285,0
0,0.09581150114536285,0
0,0.09581150114536285,0
0,0.09581150114536285,0
0,0.09581150114536285,0
0,0.09581150114536285,0
0,0.09581150114536285,0
0,0.09581150114536285,0
0,0.09581150114536285,0
0,0.09581150114536285,0
0,0.09581150114536285,0
0,0.09581150114536285,0
0,0.09581150114536285,0
0,0.09581150114536285,0
0,0.09581150114536285,0
0,0.09581150114536285,0
0,0.09581150114536285,0
0,0.09581150114536285,0
0,0.09581150114536285,0
0,0.09581150114536285,0
0,0.09581150114536285,0
0,0.09581150114536285,0
0,0.09581150114536285,0
0,0.09581150114536285,0
0,0.09581150114536285,0
0,0.09581150114536285,0
0,0.09581150114536285,0
0,0.09581150114536285,0
0,0.09581150114536285,0
0,0.09581150114536285,0
0,0.09581150114536285,0
0,0.09581150114536285,0
0,0.09581150114536285,0
0,0.09581150114536285,0
0,0.09581150114536285,0
0,0.09581150114536285,0
0,0.09581150114536285,0
0,0.09581150114536285,0
0,0.09581150114536285,0
0,0.09581150114536285,0
0,0.09581150114536285,0
0,0.09581150114536285,0
0,0.09581150114536285,0
0,0.09581150114536285,0
0,0.09581150114536285,0
0,0.09581150114536285,0
0,0.09581150114536285,0
0,0.09581150114536285,0
0,0.09581150114536285,0
0,0.09581150114536285,0
0,0.09581150114536285,0
0,0.09581150114536285,0
0,0.09581150114536285,0
0,0.09581150114536285,0
0,0.09581150114536285,0
0,0.09581150114536285,0
0,0.09581150114536285,0
0,0.09581150114536285,0
0,0.09581150114536285,0
0,0.09581150114536285,0
0,0.09581150114536285,0
0,0.09581150114536285,0
0,0.09581150114536285,0
0,0.09581150114536285,0
0,0.09581150114536285,0
0,0.09581150114536285,0
0,0.09581150114536285,0
0,0.09581150114536285,0
0,0.09581150114536285,0
0,0.09581150114536285,0
0,0.09581150114536285,0
0,0.09581150114536285,0
0,0.09581150114536285,0
0,0.09581150114536285,0
0,0.09581150114536285,0
0,0.09581150114536285,0
0,0.09581150114536285,0
0,0.09581150114536285,0
0,0.09581150114536285,0
0,0.09581150114536285,0
0,0.09581150114536285,0
0,0.09581150114536285,0
0,0.09581150114536285,0
0,0.09581150114536285,0
0,0.09581150114536285,0
0,0.09581150114536285,0
0,0.09581150114536285,0
0,0.09581150114536285,0
0,0.09581150114536285,0
0,0.09581150114536285,0
0,0.09581150114536285,0
0,0.09581150114536285,0
0,0.09581150114536285,0
0,0.09581150114536285,0
0,0.09581150114536285,0
0,0.09581150114536285,0
0,0.09581150114536285,0
0,0.09581150114536285,0
0,0.09581150114536285,0
0,0.09581150114536285,0
0,0.09581150114536285,0
0,0.09581150114536285,0
0,0.09581150114536285,0
0,0.09581150114536285,0
0,0.09581150114536285,0
0,0.09581150114536285,0
0,0.09581150114536285,0
0,0.09581150114536285,0
0,0.09581150114536285,0
0,0.09581150114536285,0
0,0.09581150114536285,0
0,0.09581150114536285,0
0,0.09581150114536285,0
0,0.09581150114536285,0
0,0.09581150114536285,0
0,0.09581150114536285,0
0,0.09581150114536285,0
0,0.09581150114536285,0
0,0.09581150114536285,0
0,0.09581150114536285,0
0,0.09581150114536285,0
0,0.09581150114536285,0
0,0.09581150114536285,0
0,0.09581150114536285,0
0,0.09581150114536285,0
0,0.09581150114536285,0
0,0.09581150114536285,0
0,0.09581150114536285,0
0,0.09581150114536285,0
0,0.09581150114536285,0
0,0.09581150114536285,0
0,0.09581150114536285,0
0,0.09581150114536285,0
0,0.09581150114536285,0
0,0.09581150114536285,0
0,0.09581150114536285,0
0,0.09581150114536285,0
0,0.09581150114536285,0
0,0.09581150114536285,0
0,0.09581150114536285,0
0,0.09581150114536285,0
0,0.09581150114536285,0
0,0.09581150114536285,0
0,0.09581150114536285,0
0,0.09581150114536285,0
0,0.09581150114536285,0
0,0.09581150114536285,0
0,0.09581150114536285,0
0,0.09581150114536285,0
0,0.09581150114536285,0
0,0.09581150114536285,0
0,0.09581150114536285,0
0,0.09581150114536285,0
0,0.09581150114536285,0
0,0.09581150114536285,0
0,0.09581150114536285,0
0,0.09581150114536285,0
0,0.09581150114536285,0
0,0.09581150114536285,0
0,0.09581150114536285,0
0,0.09581150114536285,0
0,0.09581150114536285,0
0,0.09581150114536285,0
0,0.09581150114536285,0
0,0.09581150114536285,0
0,0.09581150114536285,0
0,0.09581150114536285,0
0,0.09581150114536285,0
0,0.09581150114536285,0
0,0.09581150114536285,0
0,0.09581150114536285,0
0,0.09581150114536285,0
0,0.09581150114536285,0
0,0.09581150114536285,0
0,0.09581150114536285,0
0,0.09581150114536285,0
0,0.09581150114536285,0
0,0.09581150114536285,0
0,0.09581150114536285,0
0,0.09581150114536285,0
0,0.09581150114536285,0
0,0.09581150114536285,0
0,0.09581150114536285,0
0,0.09581150114536285,0
0,0.09581150114536285,0
0,0.09581150114536285,0
0,0.09581150114536285,0
0,0.09581150114536285,0
0,0.09581150114536285,0
0,0.09581150114536285,0
0,0.09581150114536285,0
0,0.09581150114536285,0
0,0.09581150114536285,0
0,0.09581150114536285,0
0,0.09581150114536285,0
0,0.09581150114536285,0
0,0.09581150114536285,0
0,0.09581150114536285,0
0,0.09581150114536285,0
0,0.09581150114536285,0
0,0.09581150114536285,0
0,0.09581150114536285,0
0,0.09581150114536285,0
0,0.09581150114536285,0
0,0.09581150114536285,0
0,0.09581150114536285,0
0,0.09581150114536285,0
0,0.09581150114536285,0
0,0.09581150114536285,0
0,0.09581150114536285,0
0,0.09581150114536285,0
0,0.09581150114536285,0
0,0.09581150114536285,0
0,0.09581150114536285,0
0,0.09581150114536285,0
0,0.09581150114536285,0
0,0.09581150114536285,0
0,0.09581150114536285,0
0,0.09581150114536285,0
0,0.09581150114536285,0
0,0.09581150114536285,0
0,0.09581150114536285,0
0,0.09581150114536285,0
0,0.09581150114536285,0
0,0.09581150114536285,0
0,0.09581150114536285,0
0,0.09581150114536285,0
0,0.09581150114536285,0
0,0.09581150114536285,0
0,0.09581150114536285,0
0,0.09581150114536285,0
0,0.09581150114536285,0
0,0.09581150114536285,0
0,0.09581150114536285,0
0,0.09581150114536285,0
0,0.09581150114536285,0
0,0.09581150114536285,0
0,0.09581150114536285,0
0,0.09581150114536285,0
0,0.09581150114536285,0
0,0.09581150114536285,0
0,0.09581150114536285,0
0,0.09581150114536285,0
0,0.09581150114536285,0
0,0.09581150114536285,0
0,0.09581150114536285,0
0,0.09581150114536285,0
0,0.09581150114536285,0
0,0.09581150114536285,0
0,0.09581150114536285,0
0,0.09581150114536285,0
0,0.09581150114536285,0
0,0.09581150114536285,0
0,0.09581150114536285,0
0,0.09581150114536285,0
0,0.09581150114536285,0
0,0.09581150114536285,0
0,0.09581150114536285,0
0,0.09581150114536285,0
0,0.09581150114536285,0
0,0.09581150114536285,0
0,0.09581150114536285,0
0,0.09581150114536285,0
0,0.09581150114536285,0
0,0.09581150114536285,0
0,0.09581150114536285,0
0,0.09581150114536285,0
0,0.09581150114536285,0
0,0.09581150114536285,0
0,0.09581150114536285,0
0,0.09581150114536285,0
0,0.09581150114536285,0
0,0.09581150114536285,0
0,0.09581150114536285,0
0,0.09581150114536285,0
0,0.09581150114536285,0
0,0.09581150114536285,0
0,0.09581150114536285,0
0,0.09581150114536285,0
0,0.09581150114536285,0
0,0.09581150114536285,0
0,0.09581150114536285,0
0,0.09581150114536285,0
0,0.09581150114536285,0
0,0.09581150114536285,0
0,0.09581150114536285,0
0,0.09581150114536285,0
0,0.09581150114536285,0
0,0.09581150114536285,0
0,0.09581150114536285,0
0,0.09581150114536285,0
0,0.09581150114536285,0
0,0.09581150114536285,0
0,0.09581150114536285,0
0,0.09581150114536285,0
0,0.09581150114536285,0
0,0.09581150114536285,0
0,0.09581150114536285,0
0,0.09581150114536285,0
0,0.09581150114536285,0
0,0.09581150114536285,0
0,0.09581150114536285,0
0,0.09581150114536285,0
0,0.09581150114536285,0
0,0.09581150114536285,0
0,0.09581150114536285,0
0,0.09581150114536285,0
0,0.09581150114536285,0
0,0.09581150114536285,0
0,0.09581150114536285,0
0,0.09581150114536285,0
0,0.09581150114536285,0
0,0.09581150114536285,0
0,0.09581150114536285,0
0,0.09581150114536285,0
0,0.09581150114536285,0
0,0.09581150114536285,0
0,0.09581150114536285,0
0,0.09581150114536285,0
0,0.09581150114536285,0
0,0.09581150114536285,0
0,0.09581150114536285,0
0,0.09581150114536285,0
0,0.09581150114536285,0
0,0.09581150114536285,0
0,0.09581150114536285,0
0,0.09581150114536285,0
0,0.09581150114536285,0
0,0.09581150114536285,0
0,0.09581150114536285,0
0,0.09581150114536285,0
0,0.09581150114536285,0
0,0.09581150114536285,0
0,0.09581150114536285,0
0,0.09581150114536285,0
0,0.09581150114536285,0
0,0.09581150114536285,0
0,0.09581150114536285,0
0,0.09581150114536285,0
0,0.09581150114536285,0
0,0.09581150114536285,0
0,0.09581150114536285,0
0,0.09581150114536285,0
0,0.09581150114536285,0
0,0.09581150114536285,0
0,0.09581150114536285,0
0,0.09581150114536285,0
0,0.09581150114536285,0
0,0.09581150114536285,0
0,0.09581150114536285,0
0,0.09581150114536285,0
0,0.09581150114536285,0
0,0.09581150114536285,0
0,0.09581150114536285,0
0,0.09581150114536285,0
0,0.09581150114536285,0
0,0.09581150114536285,0
0,0.09581150114536285,0
0,0.09581150114536285,0
0,0.09581150114536285,0
0,0.09581150114536285,0
0,0.09581150114536285,0
0,0.09581150114536285,0
0,0.09581150114536285,0
0,0.09581150114536285,0
0,0.09581150114536285,0
0,0.09581150114536285,0
0,0.09581150114536285,0
0,0.09581150114536285,0
0,0.09581150114536285,0
0,0.09581150114536285,0
0,0.09581150114536285,0
0,0.09581150114536285,0
0,0.09581150114536285,0
0,0.09581150114536285,0
0,0.09581150114536285,0
0,0.09581150114536285,0
0,0.09581150114536285,0
0,0.09581150114536285,0
0,0.09581150114536285,0
0,0.09581150114536285,0
0,0.09581150114536285,0
0,0.09581150114536285,0
0,0.09581150114536285,0
0,0.09581150114536285,0
0,0.09581150114536285,0
0,0.09581150114536285,0
0,0.09581150114536285,0
0,0.09581150114536285,0
0,0.09581150114536285,0
0,0.09581150114536285,0
0,0.09581150114536285,0
0,0.09581150114536285,0
0,0.09581150114536285,0
0,0.09581150114536285,0
0,0.09581150114536285,0
0,0.09581150114536285,0
0,0.09581150114536285,0
0,0.09581150114536285,0
0,0.09581150114536285,0
0,0.09581150114536285,0
0,0.09581150114536285,0
0,0.09581150114536285,0
0,0.09581150114536285,0
0,0.09581150114536285,0
0,0.09581150114536285,0
0,0.09581150114536285,0
0,0.09581150114536285,0
0,0.09581150114536285,0
0,0.09581150114536285,0
0,0.09581150114536285,0
0,0.09581150114536285,0
0,0.09581150114536285,0
0,0.09581150114536285,0
0,0.09581150114536285,0
0,0.09581150114536285,0
0,0.09581150114536285,0
0,0.09581150114536285,0
0,0.09581150114536285,0
0,0.09581150114536285,0
0,0.09581150114536285,0
0,0.09581150114536285,0
0,0.09581150114536285,0
0,0.09581150114536285,0
0,0.09581150114536285,0
0,0.09581150114536285,0
0,0.09581150114536285,0
0,0.09581150114536285,0
0,0.09581150114536285,0
0,0.09581150114536285,0
0,0.09581150114536285,0
0,0.09581150114536285,0
0,0.09581150114536285,0
0,0.09581150114536285,0
0,0.09581150114536285,0
0,0.09581150114536285,0
0,0.09581150114536285,0
0,0.09581150114536285,0
0,0.09581150114536285,0
0,0.09581150114536285,0
0,0.09581150114536285,0
0,0.09581150114536285,0
0,0.09581150114536285,0
0,0.09581150114536285,0
0,0.09581150114536285,0
0,0.09581150114536285,0
0,0.09581150114536285,0
0,0.09581150114536285,0
0,0.09581150114536285,0
0,0.09581150114536285,0
0,0.09581150114536285,0
0,0.09581150114536285,0
0,0.09581150114536285,0
0,0.09581150114536285,0
0,0.09581150114536285,0
0,0.09581150114536285,0
0,0.09581150114536285,0
0,0.09581150114536285,0
0,0.09581150114536285,0
0,0.09581150114536285,0
0,0.09581150114536285,0
0,0.09581150114536285,0
0,0.09581150114536285,0
0,0.09581150114536285,0
0,0.09581150114536285,0
0,0.09581150114536285,0
0,0.09581150114536285,0
0,0.09581150114536285,0
0,0.09581150114536285,0
0,0.09581150114536285,0
0,0.09581150114536285,0
0,0.09581150114536285,0
0,0.09581150114536285,0
0,0.09581150114536285,0
0,0.09581150114536285,0
0,0.09581150114536285,0
0,0.09581150114536285,0
0,0.09581150114536285,0
0,0.09581150114536285,0
0,0.09581150114536285,0
0,0.09581150114536285,0
0,0.09581150114536285,0
0,0.09581150114536285,0
0,0.09581150114536285,0
0,0.09581150114536285,0
0,0.09581150114536285,0
0,0.09581150114536285,0
0,0.09581150114536285,0
0,0.09581150114536285,0
0,0.09581150114536285,0
0,0.09581150114536285,0
0,0.09581150114536285,0
0,0.09581150114536285,0
0,0.09581150114536285,0
0,0.09581150114536285,0
0,0.09581150114536285,0
0,0.09581150114536285,0
0,0.09581150114536285,0
0,0.09581150114536285,0
0,0.09581150114536285,0
0,0.09581150114536285,0
0,0.09581150114536285,0
0,0.09581150114536285,0
0,0.09581150114536285,0
0,0.09581150114536285,0
0,0.09581150114536285,0
0,0.09581150114536285,0
0,0.09581150114536285,0
0,0.09581150114536285,0
0,0.09581150114536285,0
0,0.09581150114536285,0
0,0.09581150114536285,0
0,0.09581150114536285,0
0,0.09581150114536285,0
0,0.09581150114536285,0
0,0.09581150114536285,0
0,0.09581150114536285,0
0,0.09581150114536285,0
0,0.09581150114536285,0
0,0.09581150114536285,0
0,0.09581150114536285,0
0,0.09581150114536285,0
0,0.09581150114536285,0
0,0.09581150114536285,0
0,0.09581150114536285,0
0,0.09581150114536285,0
0,0.09581150114536285,0
0,0.09581150114536285,0
0,0.09581150114536285,0
0,0.09581150114536285,0
0,0.09581150114536285,0
0,0.09581150114536285,0
0,0.09581150114536285,0
0,0.09581150114536285,0
0,0.09581150114536285,0
0,0.09581150114536285,0
0,0.09581150114536285,0
0,0.09581150114536285,0
0,0.09581150114536285,0
0,0.09581150114536285,0
0,0.09581150114536285,0
0,0.09581150114536285,0
0,0.09581150114536285,0
0,0.09581150114536285,0
0,0.09581150114536285,0
0,0.09581150114536285,0
0,0.09581150114536285,0
0,0.09581150114536285,0
0,0.09581150114536285,0
0,0.09581150114536285,0
0,0.09581150114536285,0
0,0.09581150114536285,0
0,0.09581150114536285,0
0,0.09581150114536285,0
0,0.09581150114536285,0
0,0.09581150114536285,0
0,0.09581150114536285,0
0,0.09581150114536285,0
0,0.09581150114536285,0
0,0.09581150114536285,0
0,0.09581150114536285,0
0,0.09581150114536285,0
0,0.09581150114536285,0
0,0.09581150114536285,0
0,0.09581150114536285,0
0,0.09581150114536285,0
0,0.09581150114536285,0
0,0.09581150114536285,0
0,0.09581150114536285,0
0,0.09581150114536285,0
0,0.09581150114536285,0
0,0.09581150114536285,0
0,0.09581150114536285,0
0,0.09581150114536285,0
0,0.09581150114536285,0
0,0.09581150114536285,0
0,0.09581150114536285,0
0,0.09581150114536285,0
0,0.09581150114536285,0
0,0.09581150114536285,0
0,0.09581150114536285,0
0,0.09581150114536285,0
0,0.09581150114536285,0
0,0.09581150114536285,0
0,0.09581150114536285,0
0,0.09581150114536285,0
0,0.09581150114536285,0
0,0.09581150114536285,0
0,0.09581150114536285,0
0,0.09581150114536285,0
0,0.09581150114536285,0
0,0.09581150114536285,0
0,0.09581150114536285,0
0,0.09581150114536285,0
0,0.09581150114536285,0
0,0.09581150114536285,0
0,0.09581150114536285,0
0,0.09581150114536285,0
0,0.09581150114536285,0
0,0.09581150114536285,0
0,0.09581150114536285,0
0,0.09581150114536285,0
0,0.09581150114536285,0
0,0.09581150114536285,0
0,0.09581150114536285,0
0,0.09581150114536285,0
0,0.09581150114536285,0
0,0.09581150114536285,0
0,0.09581150114536285,0
0,0.09581150114536285,0
0,0.09581150114536285,0
0,0.09581150114536285,0
0,0.09581150114536285,0
0,0.09581150114536285,0
0,0.09581150114536285,0
0,0.09581150114536285,0
0,0.09581150114536285,0
0,0.09581150114536285,0
0,0.09581150114536285,0
0,0.09581150114536285,0
0,0.09581150114536285,0
0,0.09581150114536285,0
0,0.09581150114536285,0
0,0.09581150114536285,0
0,0.09581150114536285,0
0,0.09581150114536285,0
0,0.09581150114536285,0
0,0.09581150114536285,0
0,0.09581150114536285,0
0,0.09581150114536285,0
0,0.09581150114536285,0
0,0.09581150114536285,0
0,0.09581150114536285,0
0,0.09581150114536285,0
0,0.09581150114536285,0
0,0.09581150114536285,0
0,0.09581150114536285,0
0,0.09581150114536285,0
0,0.09581150114536285,0
0,0.09581150114536285,0
0,0.09581150114536285,0
0,0.09581150114536285,0
0,0.09581150114536285,0
0,0.09581150114536285,0
0,0.09581150114536285,0
0,0.09581150114536285,0
0,0.09581150114536285,0
0,0.09581150114536285,0
0,0.09581150114536285,0
0,0.09581150114536285,0
0,0.09581150114536285,0
0,0.09581150114536285,0
0,0.09581150114536285,0
0,0.09581150114536285,0
0,0.09581150114536285,0
0,0.09581150114536285,0
0,0.09581150114536285,0
0,0.09581150114536285,0
0,0.09581150114536285,0
0,0.09581150114536285,0
0,0.09581150114536285,0
0,0.09581150114536285,0
0,0.09581150114536285,0
0,0.09581150114536285,0
0,0.09581150114536285,0
0,0.09581150114536285,0
0,0.09581150114536285,0
0,0.09581150114536285,0
0,0.09581150114536285,0
0,0.09581150114536285,0
0,0.09581150114536285,0
0,0.09581150114536285,0
0,0.09581150114536285,0
0,0.09581150114536285,0
0,0.09581150114536285,0
0,0.09581150114536285,0
0,0.09581150114536285,0
0,0.09581150114536285,0
0,0.09581150114536285,0
0,0.09581150114536285,0
0,0.09581150114536285,0
0,0.09581150114536285,0
0,0.09581150114536285,0
0,0.09581150114536285,0
0,0.09581150114536285,0
0,0.09581150114536285,0
0,0.09581150114536285,0
0,0.09581150114536285,0
0,0.09581150114536285,0
0,0.09581150114536285,0
0,0.09581150114536285,0
0,0.09581150114536285,0
0,0.09581150114536285,0
0,0.09581150114536285,0
0,0.09581150114536285,0
0,0.09581150114536285,0
0,0.09581150114536285,0
0,0.09581150114536285,0
0,0.09581150114536285,0
0,0.09581150114536285,0
0,0.09581150114536285,0
0,0.09581150114536285,0
0,0.09581150114536285,0
0,0.09581150114536285,0
0,0.09581150114536285,0
0,0.09581150114536285,0
0,0.09581150114536285,0
0,0.09581150114536285,0
0,0.09581150114536285,0
0,0.09581150114536285,0
0,0.09581150114536285,0
0,0.09581150114536285,0
0,0.09581150114536285,0
0,0.09581150114536285,0
0,0.09581150114536285,0
0,0.09581150114536285,0
0,0.09581150114536285,0
0,0.09581150114536285,0
0,0.09581150114536285,0
0,0.09581150114536285,0
0,0.09581150114536285,0
0,0.09581150114536285,0
0,0.09581150114536285,0
0,0.09581150114536285,0
0,0.09581150114536285,0
0,0.09581150114536285,0
0,0.09581150114536285,0
0,0.09581150114536285,0
0,0.09581150114536285,0
0,0.09581150114536285,0
0,0.09581150114536285,0
0,0.09581150114536285,0
0,0.09581150114536285,0
0,0.09581150114536285,0
0,0.09581150114536285,0
0,0.09581150114536285,0
0,0.09581150114536285,0
0,0.09581150114536285,0
0,0.09581150114536285,0
0,0.09581150114536285,0
0,0.09581150114536285,0
0,0.09581150114536285,0
0,0.09581150114536285,0
0,0.09581150114536285,0
0,0.09581150114536285,0
0,0.09581150114536285,0
0,0.09581150114536285,0
0,0.09581150114536285,0
0,0.09581150114536285,0
0,0.09581150114536285,0
0,0.09581150114536285,0
0,0.09581150114536285,0
0,0.09581150114536285,0
0,0.09581150114536285,0
0,0.09581150114536285,0
0,0.09581150114536285,0
0,0.09581150114536285,0
0,0.09581150114536285,0
0,0.09581150114536285,0
0,0.09581150114536285,0
0,0.09581150114536285,0
0,0.09581150114536285,0
0,0.09581150114536285,0
0,0.09581150114536285,0
0,0.09581150114536285,0
0,0.09581150114536285,0
0,0.09581150114536285,0
0,0.09581150114536285,0
0,0.09581150114536285,0
0,0.09581150114536285,0
0,0.09581150114536285,0
0,0.09581150114536285,0
0,0.09581150114536285,0
0,0.09581150114536285,0
0,0.09581150114536285,0
0,0.09581150114536285,0
0,0.09581150114536285,0
0,0.09581150114536285,0
0,0.09581150114536285,0
0,0.09581150114536285,0
0,0.09581150114536285,0
0,0.09581150114536285,0
0,0.09581150114536285,0
0,0.09581150114536285,0
0,0.09581150114536285,0
0,0.09581150114536285,0
0,0.09581150114536285,0
0,0.09581150114536285,0
0,0.09581150114536285,0
0,0.09581150114536285,0
0,0.09581150114536285,0
0,0.09581150114536285,0
0,0.09581150114536285,0
0,0.09581150114536285,0
0,0.09581150114536285,0
0,0.09581150114536285,0
0,0.09581150114536285,0
0,0.09581150114536285,0
0,0.09581150114536285,0
0,0.09581150114536285,0
0,0.09581150114536285,0
0,0.09581150114536285,0
0,0.09581150114536285,0
0,0.09581150114536285,0
0,0.09581150114536285,0
0,0.09581150114536285,0
0,0.09581150114536285,0
0,0.09581150114536285,0
0,0.09581150114536285,0
0,0.09581150114536285,0
0,0.09581150114536285,0
0,0.09581150114536285,0
0,0.09581150114536285,0
0,0.09581150114536285,0
0,0.09581150114536285,0
0,0.09581150114536285,0
0,0.09581150114536285,0
0,0.09581150114536285,0
0,0.09581150114536285,0
0,0.09581150114536285,0
0,0.09581150114536285,0
0,0.09581150114536285,0
0,0.09581150114536285,0
0,0.09581150114536285,0
0,0.09581150114536285,0
0,0.09581150114536285,0
0,0.09581150114536285,0
0,0.09581150114536285,0
0,0.09581150114536285,0
0,0.09581150114536285,0
0,0.09581150114536285,0
0,0.09581150114536285,0
0,0.09581150114536285,0
0,0.09581150114536285,0
0,0.09581150114536285,0
0,0.09581150114536285,0
0,0.09581150114536285,0
0,0.09581150114536285,0
0,0.09581150114536285,0
0,0.09581150114536285,0
0,0.09581150114536285,0
0,0.09581150114536285,0
0,0.09581150114536285,0
0,0.09581150114536285,0
0,0.09581150114536285,0
0,0.09581150114536285,0
0,0.09581150114536285,0
0,0.09581150114536285,0
0,0.09581150114536285,0
0,0.09581150114536285,0
0,0.09581150114536285,0
0,0.09581150114536285,0
0,0.09581150114536285,0
0,0.09581150114536285,0
0,0.09581150114536285,0
0,0.09581150114536285,0
0,0.09581150114536285,0
0,0.09581150114536285,0
0,0.09581150114536285,0
0,0.09581150114536285,0
0,0.09581150114536285,0
0,0.09581150114536285,0
0,0.09581150114536285,0
0,0.09581150114536285,0
0,0.09581150114536285,0
0,0.09581150114536285,0
0,0.09581150114536285,0
0,0.09581150114536285,0
0,0.09581150114536285,0
0,0.09581150114536285,0
0,0.09581150114536285,0
0,0.09581150114536285,0
0,0.09581150114536285,0
0,0.09581150114536285,0
0,0.09581150114536285,0
0,0.09581150114536285,0
0,0.09581150114536285,0
0,0.09581150114536285,0
0,0.09581150114536285,0
0,0.09581150114536285,0
0,0.09581150114536285,0
0,0.09581150114536285,0
0,0.09581150114536285,0
0,0.09581150114536285,0
0,0.09581150114536285,0
0,0.09581150114536285,0
0,0.09581150114536285,0
0,0.09581150114536285,0
0,0.09581150114536285,0
0,0.09581150114536285,0
0,0.09581150114536285,0
0,0.09581150114536285,0
0,0.09581150114536285,0
0,0.09581150114536285,0
0,0.09581150114536285,0
0,0.09581150114536285,0
0,0.09581150114536285,0
0,0.09581150114536285,0
0,0.09581150114536285,0
0,0.09581150114536285,0
0,0.09581150114536285,0
0,0.09581150114536285,0
0,0.09581150114536285,0
0,0.09581150114536285,0
0,0.09581150114536285,0
0,0.09581150114536285,0
0,0.09581150114536285,0
0,0.09581150114536285,0
0,0.09581150114536285,0
0,0.09581150114536285,0
0,0.09581150114536285,0
0,0.09581150114536285,0
0,0.09581150114536285,0
0,0.09581150114536285,0
0,0.09581150114536285,0
0,0.09581150114536285,0
0,0.09581150114536285,0
0,0.09581150114536285,0
0,0.09581150114536285,0
0,0.09581150114536285,0
0,0.09581150114536285,0
0,0.09581150114536285,0
0,0.09581150114536285,0
0,0.09581150114536285,0
0,0.09581150114536285,0
0,0.09581150114536285,0
0,0.09581150114536285,0
0,0.09581150114536285,0
0,0.09581150114536285,0
0,0.09581150114536285,0
0,0.09581150114536285,0
0,0.09581150114536285,0
0,0.09581150114536285,0
0,0.09581150114536285,0
0,0.09581150114536285,0
0,0.09581150114536285,0
0,0.09581150114536285,0
0,0.09581150114536285,0
0,0.09581150114536285,0
0,0.09581150114536285,0
0,0.09581150114536285,0
0,0.09581150114536285,0
0,0.09581150114536285,0
0,0.09581150114536285,0
0,0.09581150114536285,0
0,0.09581150114536285,0
0,0.09581150114536285,0
0,0.09581150114536285,0
0,0.09581150114536285,0
0,0.09581150114536285,0
0,0.09581150114536285,0
0,0.09581150114536285,0
0,0.09581150114536285,0
0,0.09581150114536285,0
0,0.09581150114536285,0
0,0.09581150114536285,0
0,0.09581150114536285,0
0,0.09581150114536285,0
0,0.09581150114536285,0
0,0.09581150114536285,0
0,0.09581150114536285,0
0,0.09581150114536285,0
0,0.09581150114536285,0
0,0.09581150114536285,0
0,0.09581150114536285,0
0,0.09581150114536285,0
0,0.09581150114536285,0
0,0.09581150114536285,0
0,0.09581150114536285,0
0,0.09581150114536285,0
0,0.09581150114536285,0
0,0.09581150114536285,0
0,0.09581150114536285,0
0,0.09581150114536285,0
0,0.09581150114536285,0
0,0.09581150114536285,0
0,0.09581150114536285,0
0,0.09581150114536285,0
0,0.09581150114536285,0
0,0.09581150114536285,0
0,0.09581150114536285,0
0,0.09581150114536285,0
0,0.09581150114536285,0
0,0.09581150114536285,0
0,0.09581150114536285,0
0,0.09581150114536285,0
0,0.09581150114536285,0
0,0.09581150114536285,0
0,0.09581150114536285,0
0,0.09581150114536285,0
0,0.09581150114536285,0
0,0.09581150114536285,0
0,0.09581150114536285,0
0,0.09581150114536285,0
0,0.09581150114536285,0
0,0.09581150114536285,0
0,0.09581150114536285,0
0,0.09581150114536285,0
0,0.09581150114536285,0
0,0.09581150114536285,0
0,0.09581150114536285,0
0,0.09581150114536285,0
0,0.09581150114536285,0
0,0.09581150114536285,0
0,0.09581150114536285,0
0,0.09581150114536285,0
0,0.09581150114536285,0
0,0.09581150114536285,0
0,0.09581150114536285,0
0,0.09581150114536285,0
0,0.09581150114536285,0
0,0.09581150114536285,0
0,0.09581150114536285,0
0,0.09581150114536285,0
0,0.09581150114536285,0
0,0.09581150114536285,0
0,0.09581150114536285,0
0,0.09581150114536285,0
0,0.09581150114536285,0
0,0.09581150114536285,0
0,0.09581150114536285,0
0,0.09581150114536285,0
0,0.09581150114536285,0
0,0.09581150114536285,0
0,0.09581150114536285,0
0,0.09581150114536285,0
0,0.09581150114536285,0
0,0.09581150114536285,0
0,0.09581150114536285,0
0,0.09581150114536285,0
0,0.09581150114536285,0
0,0.09581150114536285,0
0,0.09581150114536285,0
0,0.09581150114536285,0
0,0.09581150114536285,0
0,0.09581150114536285,0
0,0.09581150114536285,0
0,0.09581150114536285,0
0,0.09581150114536285,0
0,0.09581150114536285,0
0,0.09581150114536285,0
0,0.09581150114536285,0
0,0.09581150114536285,0
0,0.09581150114536285,0
0,0.09581150114536285,0
0,0.09581150114536285,0
0,0.09581150114536285,0
0,0.09581150114536285,0
0,0.09581150114536285,0
0,0.09581150114536285,0
0,0.09581150114536285,0
0,0.09581150114536285,0
0,0.09581150114536285,0
0,0.09581150114536285,0
0,0.09581150114536285,0
0,0.09581150114536285,0
0,0.09581150114536285,0
0,0.09581150114536285,0
0,0.09581150114536285,0
0,0.09581150114536285,0
0,0.09581150114536285,0
0,0.09581150114536285,0
0,0.09581150114536285,0
0,0.09581150114536285,0
0,0.09581150114536285,0
0,0.09581150114536285,0
0,0.09581150114536285,0
0,0.09581150114536285,0
0,0.09581150114536285,0
0,0.09581150114536285,0
0,0.09581150114536285,0
0,0.09581150114536285,0
0,0.09581150114536285,0
0,0.09581150114536285,0
0,0.09581150114536285,0
0,0.09581150114536285,0
0,0.09581150114536285,0
0,0.09581150114536285,0
0,0.09581150114536285,0
0,0.09581150114536285,0
0,0.09581150114536285,0
0,0.09581150114536285,0
0,0.09581150114536285,0
0,0.09581150114536285,0
0,0.09581150114536285,0
0,0.09581150114536285,0
0,0.09581150114536285,0
0,0.09581150114536285,0
0,0.09581150114536285,0
0,0.09581150114536285,0
0,0.09581150114536285,0
0,0.09581150114536285,0
0,0.09581150114536285,0
0,0.09581150114536285,0
0,0.09581150114536285,0
0,0.09581150114536285,0
0,0.09581150114536285,0
0,0.09581150114536285,0
0,0.09581150114536285,0
0,0.09581150114536285,0
0,0.09581150114536285,0
0,0.09581150114536285,0
0,0.09581150114536285,0
0,0.09581150114536285,0
0,0.09581150114536285,0
0,0.09581150114536285,0
0,0.09581150114536285,0
0,0.09581150114536285,0
0,0.09581150114536285,0
0,0.09581150114536285,0
0,0.09581150114536285,0
0,0.09581150114536285,0
0,0.09581150114536285,0
0,0.09581150114536285,0
0,0.09581150114536285,0
0,0.09581150114536285,0
0,0.09581150114536285,0
0,0.09581150114536285,0
0,0.09581150114536285,0
0,0.09581150114536285,0
0,0.09581150114536285,0
0,0.09581150114536285,0
0,0.09581150114536285,0
0,0.09581150114536285,0
0,0.09581150114536285,0
0,0.09581150114536285,0
0,0.09581150114536285,0
0,0.09581150114536285,0
0,0.09581150114536285,0
0,0.09581150114536285,0
0,0.09581150114536285,0
0,0.09581150114536285,0
0,0.09581150114536285,0
0,0.09581150114536285,0
0,0.09581150114536285,0
0,0.09581150114536285,0
0,0.09581150114536285,0
0,0.09581150114536285,0
0,0.09581150114536285,0
0,0.09581150114536285,0
0,0.09581150114536285,0
0,0.09581150114536285,0
0,0.09581150114536285,0
0,0.09581150114536285,0
0,0.09581150114536285,0
0,0.09581150114536285,0
0,0.09581150114536285,0
0,0.09581150114536285,0
0,0.09581150114536285,0
0,0.09581150114536285,0
0,0.09581150114536285,0
0,0.09581150114536285,0
0,0.09581150114536285,0
0,0.09581150114536285,0
0,0.09581150114536285,0
0,0.09581150114536285,0
0,0.09581150114536285,0
0,0.09581150114536285,0
0,0.09581150114536285,0
0,0.09581150114536285,0
0,0.09581150114536285,0
0,0.09581150114536285,0
0,0.09581150114536285,0
0,0.09581150114536285,0
0,0.09581150114536285,0
0,0.09581150114536285,0
0,0.09581150114536285,0
0,0.09581150114536285,0
0,0.09581150114536285,0
0,0.09581150114536285,0
0,0.09581150114536285,0
0,0.09581150114536285,0
0,0.09581150114536285,0
0,0.09581150114536285,0
0,0.09581150114536285,0
0,0.09581150114536285,0
0,0.09581150114536285,0
0,0.09581150114536285,0
0,0.09581150114536285,0
0,0.09581150114536285,0
0,0.09581150114536285,0
0,0.09581150114536285,0
0,0.09581150114536285,0
0,0.09581150114536285,0
0,0.09581150114536285,0
0,0.09581150114536285,0
0,0.09581150114536285,0
0,0.09581150114536285,0
0,0.09581150114536285,0
0,0.09581150114536285,0
0,0.09581150114536285,0
0,0.09581150114536285,0
0,0.09581150114536285,0
0,0.09581150114536285,0
0,0.09581150114536285,0
0,0.09581150114536285,0
0,0.09581150114536285,0
0,0.09581150114536285,0
0,0.09581150114536285,0
0,0.09581150114536285,0
0,0.09581150114536285,0
0,0.09581150114536285,0
0,0.09581150114536285,0
0,0.09581150114536285,0
0,0.09581150114536285,0
0,0.09581150114536285,0
0,0.09581150114536285,0
0,0.09581150114536285,0
0,0.09581150114536285,0
0,0.09581150114536285,0
0,0.09581150114536285,0
0,0.09581150114536285,0
0,0.09581150114536285,0
0,0.09581150114536285,0
0,0.09581150114536285,0
0,0.09581150114536285,0
0,0.09581150114536285,0
0,0.09581150114536285,0
0,0.09581150114536285,0
0,0.09581150114536285,0
0,0.09581150114536285,0
0,0.09581150114536285,0
0,0.09581150114536285,0
0,0.09581150114536285,0
0,0.09581150114536285,0
0,0.09581150114536285,0
0,0.09581150114536285,0
0,0.09581150114536285,0
0,0.09581150114536285,0
0,0.09581150114536285,0
0,0.09581150114536285,0
0,0.09581150114536285,0
0,0.09581150114536285,0
0,0.09581150114536285,0
0,0.09581150114536285,0
0,0.09581150114536285,0
0,0.09581150114536285,0
0,0.09581150114536285,0
0,0.09581150114536285,0
0,0.09581150114536285,0
0,0.09581150114536285,0
0,0.09581150114536285,0
0,0.09581150114536285,0
0,0.09581150114536285,0
0,0.09581150114536285,0
0,0.09581150114536285,0
0,0.09581150114536285,0
0,0.09581150114536285,0
0,0.09581150114536285,0
0,0.09581150114536285,0
0,0.09581150114536285,0
0,0.09581150114536285,0
0,0.09581150114536285,0
0,0.09581150114536285,0
0,0.09581150114536285,0
0,0.09581150114536285,0
0,0.09581150114536285,0
0,0.09581150114536285,0
0,0.09581150114536285,0
0,0.09581150114536285,0
0,0.09581150114536285,0
0,0.09581150114536285,0
0,0.09581150114536285,0
0,0.09581150114536285,0
0,0.09581150114536285,0
0,0.09581150114536285,0
0,0.09581150114536285,0
0,0.09581150114536285,0
0,0.09581150114536285,0
0,0.09581150114536285,0
0,0.09581150114536285,0
0,0.09581150114536285,0
0,0.09581150114536285,0
0,0.09581150114536285,0
0,0.09581150114536285,0
0,0.09581150114536285,0
0,0.09581150114536285,0
0,0.09581150114536285,0
0,0.09581150114536285,0
0,0.09581150114536285,0
0,0.09581150114536285,0
0,0.09581150114536285,0
0,0.09581150114536285,0
0,0.09581150114536285,0
0,0.09581150114536285,0
0,0.09581150114536285,0
0,0.09581150114536285,0
0,0.09581150114536285,0
0,0.09581150114536285,0
0,0.09581150114536285,0
0,0.09581150114536285,0
0,0.09581150114536285,0
0,0.09581150114536285,0
0,0.09581150114536285,0
0,0.09581150114536285,0
0,0.09581150114536285,0
0,0.09581150114536285,0
0,0.09581150114536285,0
0,0.09581150114536285,0
0,0.09581150114536285,0
0,0.09581150114536285,0
0,0.09581150114536285,0
0,0.09581150114536285,0
0,0.09581150114536285,0
0,0.09581150114536285,0
0,0.09581150114536285,0
0,0.09581150114536285,0
0,0.09581150114536285,0
0,0.09581150114536285,0
0,0.09581150114536285,0
0,0.09581150114536285,0
0,0.09581150114536285,0
0,0.09581150114536285,0
0,0.09581150114536285,0
0,0.09581150114536285,0
0,0.09581150114536285,0
0,0.09581150114536285,0
0,0.09581150114536285,0
0,0.09581150114536285,0
0,0.09581150114536285,0
0,0.09581150114536285,0
0,0.09581150114536285,0
0,0.09581150114536285,0
0,0.09581150114536285,0
0,0.09581150114536285,0
0,0.09581150114536285,0
0,0.09581150114536285,0
0,0.09581150114536285,0
0,0.09581150114536285,0
0,0.09581150114536285,0
0,0.09581150114536285,0
0,0.09581150114536285,0
0,0.09581150114536285,0
0,0.09581150114536285,0
0,0.09581150114536285,0
0,0.09581150114536285,0
0,0.09581150114536285,0
0,0.09581150114536285,0
0,0.09581150114536285,0
0,0.09581150114536285,0
0,0.09581150114536285,0
0,0.09581150114536285,0
0,0.09581150114536285,0
0,0.09581150114536285,0
0,0.09581150114536285,0
0,0.09581150114536285,0
0,0.09581150114536285,0
0,0.09581150114536285,0
0,0.09581150114536285,0
0,0.09581150114536285,0
0,0.09581150114536285,0
0,0.09581150114536285,0
0,0.09581150114536285,0
0,0.09581150114536285,0
0,0.09581150114536285,0
0,0.09581150114536285,0
0,0.09581150114536285,0
0,0.09581150114536285,0
0,0.09581150114536285,0
0,0.09581150114536285,0
0,0.09581150114536285,0
0,0.09581150114536285,0
0,0.09581150114536285,0
0,0.09581150114536285,0
0,0.09581150114536285,0
0,0.09581150114536285,0
0,0.09581150114536285,0
0,0.09581150114536285,0
0,0.09581150114536285,0
0,0.09581150114536285,0
0,0.09581150114536285,0
0,0.09581150114536285,0
0,0.09581150114536285,0
0,0.09581150114536285,0
0,0.09581150114536285,0
0,0.09581150114536285,0
0,0.09581150114536285,0
0,0.09581150114536285,0
0,0.09581150114536285,0
0,0.09581150114536285,0
0,0.09581150114536285,0
0,0.09581150114536285,0
0,0.09581150114536285,0
0,0.09581150114536285,0
0,0.09581150114536285,0
0,0.09581150114536285,0
0,0.09581150114536285,0
0,0.09581150114536285,0
0,0.09581150114536285,0
0,0.09581150114536285,0
0,0.09581150114536285,0
0,0.09581150114536285,0
0,0.09581150114536285,0
0,0.09581150114536285,0
0,0.09581150114536285,0
0,0.09581150114536285,0
0,0.09581150114536285,0
0,0.09581150114536285,0
0,0.09581150114536285,0
0,0.09581150114536285,0
0,0.09581150114536285,0
0,0.09581150114536285,0
0,0.09581150114536285,0
0,0.09581150114536285,0
0,0.09581150114536285,0
0,0.09581150114536285,0
0,0.09581150114536285,0
0,0.09581150114536285,0
0,0.09581150114536285,0
0,0.09581150114536285,0
0,0.09581150114536285,0
0,0.09581150114536285,0
0,0.09581150114536285,0
0,0.09581150114536285,0
0,0.09581150114536285,0
0,0.09581150114536285,0
0,0.09581150114536285,0
0,0.09581150114536285,0
0,0.09581150114536285,0
0,0.09581150114536285,0
0,0.09581150114536285,0
0,0.09581150114536285,0
0,0.09581150114536285,0
0,0.09581150114536285,0
0,0.09581150114536285,0
0,0.09581150114536285,0
0,0.09581150114536285,0
0,0.09581150114536285,0
0,0.09581150114536285,0
0,0.09581150114536285,0
0,0.09581150114536285,0
0,0.09581150114536285,0
0,0.09581150114536285,0
0,0.09581150114536285,0
0,0.09581150114536285,0
0,0.09581150114536285,0
0,0.09581150114536285,0
0,0.09581150114536285,0
0,0.09581150114536285,0
0,0.09581150114536285,0
0,0.09581150114536285,0
0,0.09581150114536285,0
0,0.09581150114536285,0
0,0.09581150114536285,0
0,0.09581150114536285,0
0,0.09581150114536285,0
0,0.09581150114536285,0
0,0.09581150114536285,0
0,0.09581150114536285,0
0,0.09581150114536285,0
0,0.09581150114536285,0
0,0.09581150114536285,0
0,0.09581150114536285,0
0,0.09581150114536285,0
0,0.09581150114536285,0
0,0.09581150114536285,0
0,0.09581150114536285,0
0,0.09581150114536285,0
0,0.09581150114536285,0
0,0.09581150114536285,0
0,0.09581150114536285,0
0,0.09581150114536285,0
0,0.09581150114536285,0
0,0.09581150114536285,0
0,0.09581150114536285,0
0,0.09581150114536285,0
0,0.09581150114536285,0
0,0.09581150114536285,0
0,0.09581150114536285,0
0,0.09581150114536285,0
0,0.09581150114536285,0
0,0.09581150114536285,0
0,0.09581150114536285,0
0,0.09581150114536285,0
0,0.09581150114536285,0
0,0.09581150114536285,0
0,0.09581150114536285,0
0,0.09581150114536285,0
0,0.09581150114536285,0
0,0.09581150114536285,0
0,0.09581150114536285,0
0,0.09581150114536285,0
0,0.09581150114536285,0
0,0.09581150114536285,0
0,0.09581150114536285,0
0,0.09581150114536285,0
0,0.09581150114536285,0
0,0.09581150114536285,0
0,0.09581150114536285,0
0,0.09581150114536285,0
0,0.09581150114536285,0
0,0.09581150114536285,0
0,0.09581150114536285,0
0,0.09581150114536285,0
0,0.09581150114536285,0
0,0.09581150114536285,0
0,0.09581150114536285,0
0,0.09581150114536285,0
0,0.09581150114536285,0
0,0.09581150114536285,0
0,0.09581150114536285,0
0,0.09581150114536285,0
0,0.09581150114536285,0
0,0.09581150114536285,0
0,0.09581150114536285,0
0,0.09581150114536285,0
0,0.09581150114536285,0
0,0.09581150114536285,0
0,0.09581150114536285,0
0,0.09581150114536285,0
0,0.09581150114536285,0
0,0.09581150114536285,0
0,0.09581150114536285,0
0,0.09581150114536285,0
0,0.09581150114536285,0
0,0.09581150114536285,0
0,0.09581150114536285,0
0,0.09581150114536285,0
0,0.09581150114536285,0
0,0.09581150114536285,0
0,0.09581150114536285,0
0,0.09581150114536285,0
0,0.09581150114536285,0
0,0.09581150114536285,0
0,0.09581150114536285,0
0,0.09581150114536285,0
0,0.09581150114536285,0
0,0.09581150114536285,0
0,0.09581150114536285,0
0,0.09581150114536285,0
0,0.09581150114536285,0
0,0.09581150114536285,0
0,0.09581150114536285,0
0,0.09581150114536285,0
0,0.09581150114536285,0
0,0.09581150114536285,0
0,0.09581150114536285,0
0,0.09581150114536285,0
0,0.09581150114536285,0
0,0.09581150114536285,0
0,0.09581150114536285,0
0,0.09581150114536285,0
0,0.09581150114536285,0
0,0.09581150114536285,0
0,0.09581150114536285,0
0,0.09581150114536285,0
0,0.09581150114536285,0
0,0.09581150114536285,0
0,0.09581150114536285,0
0,0.09581150114536285,0
0,0.09581150114536285,0
0,0.09581150114536285,0
0,0.09581150114536285,0
0,0.09581150114536285,0
0,0.09581150114536285,0
0,0.09581150114536285,0
0,0.09581150114536285,0
0,0.09581150114536285,0
0,0.09581150114536285,0
0,0.09581150114536285,0
0,0.09581150114536285,0
0,0.09581150114536285,0
0,0.09581150114536285,0
0,0.09581150114536285,0
0,0.09581150114536285,0
0,0.09581150114536285,0
0,0.09581150114536285,0
0,0.09581150114536285,0
0,0.09581150114536285,0
0,0.09581150114536285,0
0,0.09581150114536285,0
0,0.09581150114536285,0
0,0.09581150114536285,0
0,0.09581150114536285,0
0,0.09581150114536285,0
0,0.09581150114536285,0
0,0.09581150114536285,0
0,0.09581150114536285,0
0,0.09581150114536285,0
0,0.09581150114536285,0
0,0.09581150114536285,0
0,0.09581150114536285,0
0,0.09581150114536285,0
0,0.09581150114536285,0
0,0.09581150114536285,0
0,0.09581150114536285,0
0,0.09581150114536285,0
0,0.09581150114536285,0
0,0.09581150114536285,0
0,0.09581150114536285,0
0,0.09581150114536285,0
0,0.09581150114536285,0
0,0.09581150114536285,0
0,0.09581150114536285,0
0,0.09581150114536285,0
0,0.09581150114536285,0
0,0.09581150114536285,0
0,0.09581150114536285,0
0,0.09581150114536285,0
0,0.09581150114536285,0
0,0.09581150114536285,0
0,0.09581150114536285,0
0,0.09581150114536285,0
0,0.09581150114536285,0
0,0.09581150114536285,0
0,0.09581150114536285,0
0,0.09581150114536285,0
0,0.09581150114536285,0
0,0.09581150114536285,0
0,0.09581150114536285,0
0,0.09581150114536285,0
0,0.09581150114536285,0
0,0.09581150114536285,0
0,0.09581150114536285,0
0,0.09581150114536285,0
0,0.09581150114536285,0
0,0.09581150114536285,0
0,0.09581150114536285,0
0,0.09581150114536285,0
0,0.09581150114536285,0
0,0.09581150114536285,0
0,0.09581150114536285,0
0,0.09581150114536285,0
0,0.09581150114536285,0
0,0.09581150114536285,0
0,0.09581150114536285,0
0,0.09581150114536285,0
0,0.09581150114536285,0
0,0.09581150114536285,0
0,0.09581150114536285,0
0,0.09581150114536285,0
0,0.09581150114536285,0
0,0.09581150114536285,0
0,0.09581150114536285,0
0,0.09581150114536285,0
0,0.09581150114536285,0
0,0.09581150114536285,0
0,0.09581150114536285,0
0,0.09581150114536285,0
0,0.09581150114536285,0
0,0.09581150114536285,0
0,0.09581150114536285,0
0,0.09581150114536285,0
0,0.09581150114536285,0
0,0.09581150114536285,0
0,0.09581150114536285,0
0,0.09581150114536285,0
0,0.09581150114536285,0
0,0.09581150114536285,0
0,0.09581150114536285,0
0,0.09581150114536285,0
0,0.09581150114536285,0
0,0.09581150114536285,0
0,0.09581150114536285,0
0,0.09581150114536285,0
0,0.09581150114536285,0
0,0.09581150114536285,0
0,0.09581150114536285,0
0,0.09581150114536285,0
0,0.09581150114536285,0
0,0.09581150114536285,0
0,0.09581150114536285,0
0,0.09581150114536285,0
0,0.09581150114536285,0
0,0.09581150114536285,0
0,0.09581150114536285,0
0,0.09581150114536285,0
0,0.09581150114536285,0
0,0.09581150114536285,0
0,0.09581150114536285,0
0,0.09581150114536285,0
0,0.09581150114536285,0
0,0.09581150114536285,0
0,0.09581150114536285,0
0,0.09581150114536285,0
0,0.09581150114536285,0
0,0.09581150114536285,0
0,0.09581150114536285,0
0,0.09581150114536285,0
0,0.09581150114536285,0
0,0.09581150114536285,0
0,0.09581150114536285,0
0,0.09581150114536285,0
0,0.09581150114536285,0
0,0.09581150114536285,0
0,0.09581150114536285,0
0,0.09581150114536285,0
0,0.09581150114536285,0
0,0.09581150114536285,0
0,0.09581150114536285,0
0,0.09581150114536285,0
0,0.09581150114536285,0
0,0.09581150114536285,0
0,0.09581150114536285,0
0,0.09581150114536285,0
0,0.09581150114536285,0
0,0.09581150114536285,0
0,0.09581150114536285,0
0,0.09581150114536285,0
0,0.09581150114536285,0
0,0.09581150114536285,0
0,0.09581150114536285,0
0,0.09581150114536285,0
0,0.09581150114536285,0
0,0.09581150114536285,0
0,0.09581150114536285,0
0,0.09581150114536285,0
0,0.09581150114536285,0
0,0.09581150114536285,0
0,0.09581150114536285,0
0,0.09581150114536285,0
0,0.09581150114536285,0
0,0.09581150114536285,0
0,0.09581150114536285,0
0,0.09581150114536285,0
0,0.09581150114536285,0
0,0.09581150114536285,0
0,0.09581150114536285,0
0,0.09581150114536285,0
0,0.09581150114536285,0
0,0.09581150114536285,0
0,0.09581150114536285,0
0,0.09581150114536285,0
0,0.09581150114536285,0
0,0.09581150114536285,0
0,0.09581150114536285,0
0,0.09581150114536285,0
0,0.09581150114536285,0
0,0.09581150114536285,0
0,0.09581150114536285,0
0,0.09581150114536285,0
0,0.09581150114536285,0
0,0.09581150114536285,0
0,0.09581150114536285,0
0,0.09581150114536285,0
0,0.09581150114536285,0
0,0.09581150114536285,0
0,0.09581150114536285,0
0,0.09581150114536285,0
0,0.09581150114536285,0
0,0.09581150114536285,0
0,0.09581150114536285,0
0,0.09581150114536285,0
0,0.09581150114536285,0
0,0.09581150114536285,0
0,0.09581150114536285,0
0,0.09581150114536285,0
0,0.09581150114536285,0
0,0.09581150114536285,0
0,0.09581150114536285,0
0,0.09581150114536285,0
0,0.09581150114536285,0
0,0.09581150114536285,0
0,0.09581150114536285,0
0,0.09581150114536285,0
0,0.09581150114536285,0
0,0.09581150114536285,0
0,0.09581150114536285,0
0,0.09581150114536285,0
0,0.09581150114536285,0
0,0.09581150114536285,0
0,0.09581150114536285,0
0,0.09581150114536285,0
0,0.09581150114536285,0
0,0.09581150114536285,0
0,0.09581150114536285,0
0,0.09581150114536285,0
0,0.09581150114536285,0
0,0.09581150114536285,0
0,0.09581150114536285,0
0,0.09581150114536285,0
0,0.09581150114536285,0
0,0.09581150114536285,0
0,0.09581150114536285,0
0,0.09581150114536285,0
0,0.09581150114536285,0
0,0.09581150114536285,0
0,0.09581150114536285,0
0,0.09581150114536285,0
0,0.09581150114536285,0
0,0.09581150114536285,0
0,0.09581150114536285,0
0,0.09581150114536285,0
0,0.09581150114536285,0
0,0.09581150114536285,0
0,0.09581150114536285,0
0,0.09581150114536285,0
0,0.09581150114536285,0
0,0.09581150114536285,0
0,0.09581150114536285,0
0,0.09581150114536285,0
0,0.09581150114536285,0
0,0.09581150114536285,0
0,0.09581150114536285,0
0,0.09581150114536285,0
0,0.09581150114536285,0
0,0.09581150114536285,0
0,0.09581150114536285,0
0,0.09581150114536285,0
0,0.09581150114536285,0
0,0.09581150114536285,0
0,0.09581150114536285,0
0,0.09581150114536285,0
0,0.09581150114536285,0
0,0.09581150114536285,0
0,0.09581150114536285,0
0,0.09581150114536285,0
0,0.09581150114536285,0
0,0.09581150114536285,0
0,0.09581150114536285,0
0,0.09581150114536285,0
0,0.09581150114536285,0
0,0.09581150114536285,0
0,0.09581150114536285,0
0,0.09581150114536285,0
0,0.09581150114536285,0
0,0.09581150114536285,0
0,0.09581150114536285,0
0,0.09581150114536285,0
0,0.09581150114536285,0
0,0.09581150114536285,0
0,0.09581150114536285,0
0,0.09581150114536285,0
0,0.09581150114536285,0
0,0.09581150114536285,0
0,0.09581150114536285,0
0,0.09581150114536285,0
0,0.09581150114536285,0
0,0.09581150114536285,0
0,0.09581150114536285,0
0,0.09581150114536285,0
0,0.09581150114536285,0
0,0.09581150114536285,0
0,0.09581150114536285,0
0,0.09581150114536285,0
0,0.09581150114536285,0
0,0.09581150114536285,0
0,0.09581150114536285,0
0,0.09581150114536285,0
0,0.09581150114536285,0
0,0.09581150114536285,0
0,0.09581150114536285,0
0,0.09581150114536285,0
0,0.09581150114536285,0
0,0.09581150114536285,0
0,0.09581150114536285,0
0,0.09581150114536285,0
0,0.09581150114536285,0
0,0.09581150114536285,0
0,0.09581150114536285,0
0,0.09581150114536285,0
0,0.09581150114536285,0
0,0.09581150114536285,0
0,0.09581150114536285,0
0,0.09581150114536285,0
0,0.09581150114536285,0
0,0.09581150114536285,0
0,0.09581150114536285,0
0,0.09581150114536285,0
0,0.09581150114536285,0
0,0.09581150114536285,0
0,0.09581150114536285,0
0,0.09581150114536285,0
0,0.09581150114536285,0
0,0.09581150114536285,0
0,0.09581150114536285,0
0,0.09581150114536285,0
0,0.09581150114536285,0
0,0.09581150114536285,0
0,0.09581150114536285,0
0,0.09581150114536285,0
0,0.09581150114536285,0
0,0.09581150114536285,0
0,0.09581150114536285,0
0,0.09581150114536285,0
0,0.09581150114536285,0
0,0.09581150114536285,0
0,0.09581150114536285,0
0,0.09581150114536285,0
0,0.09581150114536285,0
0,0.09581150114536285,0
0,0.09581150114536285,0
0,0.09581150114536285,0
0,0.09581150114536285,0
0,0.09581150114536285,0
0,0.09581150114536285,0
0,0.09581150114536285,0
0,0.09581150114536285,0
0,0.09581150114536285,0
0,0.09581150114536285,0
0,0.09581150114536285,0
0,0.09581150114536285,0
0,0.09581150114536285,0
0,0.09581150114536285,0
0,0.09581150114536285,0
0,0.09581150114536285,0
0,0.09581150114536285,0
0,0.09581150114536285,0
0,0.09581150114536285,0
0,0.09581150114536285,0
0,0.09581150114536285,0
0,0.09581150114536285,0
0,0.09581150114536285,0
0,0.09581150114536285,0
0,0.09581150114536285,0
0,0.09581150114536285,0
0,0.09581150114536285,0
0,0.09581150114536285,0
0,0.09581150114536285,0
0,0.09581150114536285,0
0,0.09581150114536285,0
0,0.09581150114536285,0
0,0.09581150114536285,0
0,0.09581150114536285,0
0,0.09581150114536285,0
0,0.09581150114536285,0
0,0.09581150114536285,0
0,0.09581150114536285,0
0,0.09581150114536285,0
0,0.09581150114536285,0
0,0.09581150114536285,0
0,0.09581150114536285,0
0,0.09581150114536285,0
0,0.09581150114536285,0
0,0.09581150114536285,0
0,0.09581150114536285,0
0,0.09581150114536285,0
0,0.09581150114536285,0
0,0.09581150114536285,0
0,0.09581150114536285,0
0,0.09581150114536285,0
0,0.09581150114536285,0
0,0.09581150114536285,0
0,0.09581150114536285,0
0,0.09581150114536285,0
0,0.09581150114536285,0
0,0.09581150114536285,0
0,0.09581150114536285,0
0,0.09581150114536285,0
0,0.09581150114536285,0
0,0.09581150114536285,0
0,0.09581150114536285,0
0,0.09581150114536285,0
0,0.09581150114536285,0
0,0.09581150114536285,0
0,0.09581150114536285,0
0,0.09581150114536285,0
0,0.09581150114536285,0
0,0.09581150114536285,0
0,0.09581150114536285,0
0,0.09581150114536285,0
0,0.09581150114536285,0
0,0.09581150114536285,0
0,0.09581150114536285,0
0,0.09581150114536285,0
0,0.09581150114536285,0
0,0.09581150114536285,0
0,0.09581150114536285,0
0,0.09581150114536285,0
0,0.09581150114536285,0
0,0.09581150114536285,0
0,0.09581150114536285,0
0,0.09581150114536285,0
0,0.09581150114536285,0
0,0.09581150114536285,0
0,0.09581150114536285,0
0,0.09581150114536285,0
0,0.09581150114536285,0
0,0.09581150114536285,0
0,0.09581150114536285,0
0,0.09581150114536285,0
0,0.09581150114536285,0
0,0.09581150114536285,0
0,0.09581150114536285,0
0,0.09581150114536285,0
0,0.09581150114536285,0
0,0.09581150114536285,0
0,0.09581150114536285,0
0,0.09581150114536285,0
0,0.09581150114536285,0
0,0.09581150114536285,0
0,0.09581150114536285,0
0,0.09581150114536285,0
0,0.09581150114536285,0
0,0.09581150114536285,0
0,0.09581150114536285,0
0,0.09581150114536285,0
0,0.09581150114536285,0
0,0.09581150114536285,0
0,0.09581150114536285,0
0,0.09581150114536285,0
0,0.09581150114536285,0
0,0.09581150114536285,0
0,0.09581150114536285,0
0,0.09581150114536285,0
0,0.09581150114536285,0
0,0.09581150114536285,0
0,0.09581150114536285,0
0,0.09581150114536285,0
0,0.09581150114536285,0
0,0.09581150114536285,0
0,0.09581150114536285,0
0,0.09581150114536285,0
0,0.09581150114536285,0
0,0.09581150114536285,0
0,0.09581150114536285,0
0,0.09581150114536285,0
0,0.09581150114536285,0
0,0.09581150114536285,0
0,0.09581150114536285,0
0,0.09581150114536285,0
0,0.09581150114536285,0
0,0.09581150114536285,0
0,0.09581150114536285,0
0,0.09581150114536285,0
0,0.09581150114536285,0
0,0.09581150114536285,0
0,0.09581150114536285,0
0,0.09581150114536285,0
0,0.09581150114536285,0
0,0.09581150114536285,0
0,0.09581150114536285,0
0,0.09581150114536285,0
0,0.09581150114536285,0
0,0.09581150114536285,0
0,0.09581150114536285,0
0,0.09581150114536285,0
0,0.09581150114536285,0
0,0.09581150114536285,0
0,0.09581150114536285,0
0,0.09581150114536285,0
0,0.09581150114536285,0
0,0.09581150114536285,0
0,0.09581150114536285,0
0,0.09581150114536285,0
0,0.09581150114536285,0
0,0.09581150114536285,0
0,0.09581150114536285,0
0,0.09581150114536285,0
0,0.09581150114536285,0
0,0.09581150114536285,0
0,0.09581150114536285,0
0,0.09581150114536285,0
0,0.09581150114536285,0
0,0.09581150114536285,0
0,0.09581150114536285,0
0,0.09581150114536285,0
0,0.09581150114536285,0
0,0.09581150114536285,0
0,0.09581150114536285,0
0,0.09581150114536285,0
0,0.09581150114536285,0
0,0.09581150114536285,0
0,0.09581150114536285,0
0,0.09581150114536285,0
0,0.09581150114536285,0
0,0.09581150114536285,0
0,0.09581150114536285,0
0,0.09581150114536285,0
0,0.09581150114536285,0
0,0.09581150114536285,0
0,0.09581150114536285,0
0,0.09581150114536285,0
0,0.09581150114536285,0
0,0.09581150114536285,0
0,0.09581150114536285,0
0,0.09581150114536285,0
0,0.09581150114536285,0
0,0.09581150114536285,0
0,0.09581150114536285,0
0,0.09581150114536285,0
0,0.09581150114536285,0
0,0.09581150114536285,0
0,0.09581150114536285,0
0,0.09581150114536285,0
0,0.09581150114536285,0
0,0.09581150114536285,0
0,0.09581150114536285,0
0,0.09581150114536285,0
0,0.09581150114536285,0
0,0.09581150114536285,0
0,0.09581150114536285,0
0,0.09581150114536285,0
0,0.09581150114536285,0
0,0.09581150114536285,0
0,0.09581150114536285,0
0,0.09581150114536285,0
0,0.09581150114536285,0
0,0.09581150114536285,0
0,0.09581150114536285,0
0,0.09581150114536285,0
0,0.09581150114536285,0
0,0.09581150114536285,0
0,0.09581150114536285,0
0,0.09581150114536285,0
0,0.09581150114536285,0
0,0.09581150114536285,0
0,0.09581150114536285,0
0,0.09581150114536285,0
0,0.09581150114536285,0
0,0.09581150114536285,0
0,0.09581150114536285,0
0,0.09581150114536285,0
0,0.09581150114536285,0
0,0.09581150114536285,0
0,0.09581150114536285,0
0,0.09581150114536285,0
0,0.09581150114536285,0
0,0.09581150114536285,0
0,0.09581150114536285,0
0,0.09581150114536285,0
0,0.09581150114536285,0
0,0.09581150114536285,0
0,0.09581150114536285,0
0,0.09581150114536285,0
0,0.09581150114536285,0
0,0.09581150114536285,0
0,0.09581150114536285,0
0,0.09581150114536285,0
0,0.09581150114536285,0
0,0.09581150114536285,0
0,0.09581150114536285,0
0,0.09581150114536285,0
0,0.09581150114536285,0
0,0.09581150114536285,0
0,0.09581150114536285,0
0,0.09581150114536285,0
0,0.09581150114536285,0
0,0.09581150114536285,0
0,0.09581150114536285,0
0,0.09581150114536285,0
0,0.09581150114536285,0
0,0.09581150114536285,0
0,0.09581150114536285,0
0,0.09581150114536285,0
0,0.09581150114536285,0
0,0.09581150114536285,0
0,0.09581150114536285,0
0,0.09581150114536285,0
0,0.09581150114536285,0
0,0.09581150114536285,0
0,0.09581150114536285,0
0,0.09581150114536285,0
0,0.09581150114536285,0
0,0.09581150114536285,0
0,0.09581150114536285,0
0,0.09581150114536285,0
0,0.09581150114536285,0
0,0.09581150114536285,0
0,0.09581150114536285,0
0,0.09581150114536285,0
0,0.09581150114536285,0
0,0.09581150114536285,0
0,0.09581150114536285,0
0,0.09581150114536285,0
0,0.09581150114536285,0
0,0.09581150114536285,0
0,0.09581150114536285,0
0,0.09581150114536285,0
0,0.09581150114536285,0
0,0.09581150114536285,0
0,0.09581150114536285,0
0,0.09581150114536285,0
0,0.09581150114536285,0
0,0.09581150114536285,0
0,0.09581150114536285,0
0,0.09581150114536285,0
0,0.09581150114536285,0
0,0.09581150114536285,0
0,0.09581150114536285,0
0,0.09581150114536285,0
0,0.09581150114536285,0
0,0.09581150114536285,0
0,0.09581150114536285,0
0,0.09581150114536285,0
0,0.09581150114536285,0
0,0.09581150114536285,0
0,0.09581150114536285,0
0,0.09581150114536285,0
0,0.09581150114536285,0
0,0.09581150114536285,0
0,0.09581150114536285,0
0,0.09581150114536285,0
0,0.09581150114536285,0
0,0.09581150114536285,0
0,0.09581150114536285,0
0,0.09581150114536285,0
0,0.09581150114536285,0
0,0.09581150114536285,0
0,0.09581150114536285,0
0,0.09581150114536285,0
0,0.09581150114536285,0
0,0.09581150114536285,0
0,0.09581150114536285,0
0,0.09581150114536285,0
0,0.09581150114536285,0
0,0.09581150114536285,0
0,0.09581150114536285,0
0,0.09581150114536285,0
0,0.09581150114536285,0
0,0.09581150114536285,0
0,0.09581150114536285,0
0,0.09581150114536285,0
0,0.09581150114536285,0
0,0.09581150114536285,0
0,0.09581150114536285,0
0,0.09581150114536285,0
0,0.09581150114536285,0
0,0.09581150114536285,0
0,0.09581150114536285,0
0,0.09581150114536285,0
0,0.09581150114536285,0
0,0.09581150114536285,0
0,0.09581150114536285,0
0,0.09581150114536285,0
0,0.09581150114536285,0
0,0.09581150114536285,0
0,0.09581150114536285,0
0,0.09581150114536285,0
0,0.09581150114536285,0
0,0.09581150114536285,0
0,0.09581150114536285,0
0,0.09581150114536285,0
0,0.09581150114536285,0
0,0.09581150114536285,0
0,0.09581150114536285,0
0,0.09581150114536285,0
0,0.09581150114536285,0
0,0.09581150114536285,0
0,0.09581150114536285,0
0,0.09581150114536285,0
0,0.09581150114536285,0
0,0.09581150114536285,0
0,0.09581150114536285,0
0,0.09581150114536285,0
0,0.09581150114536285,0
0,0.09581150114536285,0
0,0.09581150114536285,0
0,0.09581150114536285,0
0,0.09581150114536285,0
0,0.09581150114536285,0
0,0.09581150114536285,0
0,0.09581150114536285,0
0,0.09581150114536285,0
0,0.09581150114536285,0
0,0.09581150114536285,0
0,0.09581150114536285,0
0,0.09581150114536285,0
0,0.09581150114536285,0
0,0.09581150114536285,0
0,0.09581150114536285,0
0,0.09581150114536285,0
0,0.09581150114536285,0
0,0.09581150114536285,0
0,0.09581150114536285,0
0,0.09581150114536285,0
0,0.09581150114536285,0
0,0.09581150114536285,0
0,0.09581150114536285,0
0,0.09581150114536285,0
0,0.09581150114536285,0
0,0.09581150114536285,0
0,0.09581150114536285,0
0,0.09581150114536285,0
0,0.09581150114536285,0
0,0.09581150114536285,0
0,0.09581150114536285,0
0,0.09581150114536285,0
0,0.09581150114536285,0
0,0.09581150114536285,0
0,0.09581150114536285,0
0,0.09581150114536285,0
0,0.09581150114536285,0
0,0.09581150114536285,0
0,0.09581150114536285,0
0,0.09581150114536285,0
0,0.09581150114536285,0
0,0.09581150114536285,0
0,0.09581150114536285,0
0,0.09581150114536285,0
0,0.09581150114536285,0
0,0.09581150114536285,0
0,0.09581150114536285,0
0,0.09581150114536285,0
0,0.09581150114536285,0
0,0.09581150114536285,0
0,0.09581150114536285,0
0,0.09581150114536285,0
0,0.09581150114536285,0
0,0.09581150114536285,0
0,0.09581150114536285,0
0,0.09581150114536285,0
0,0.09581150114536285,0
0,0.09581150114536285,0
0,0.09581150114536285,0
0,0.09581150114536285,0
0,0.09581150114536285,0
0,0.09581150114536285,0
0,0.09581150114536285,0
0,0.09581150114536285,0
0,0.09581150114536285,0
0,0.09581150114536285,0
0,0.09581150114536285,0
0,0.09581150114536285,0
0,0.09581150114536285,0
0,0.09581150114536285,0
0,0.09581150114536285,0
0,0.09581150114536285,0
0,0.09581150114536285,0
0,0.09581150114536285,0
0,0.09581150114536285,0
0,0.09581150114536285,0
0,0.09581150114536285,0
0,0.09581150114536285,0
0,0.09581150114536285,0
0,0.09581150114536285,0
0,0.09581150114536285,0
0,0.09581150114536285,0
0,0.09581150114536285,0
0,0.09581150114536285,0
0,0.09581150114536285,0
0,0.09581150114536285,0
0,0.09581150114536285,0
0,0.09581150114536285,0
0,0.09581150114536285,0
0,0.09581150114536285,0
0,0.09581150114536285,0
0,0.09581150114536285,0
0,0.09581150114536285,0
0,0.09581150114536285,0
0,0.09581150114536285,0
0,0.09581150114536285,0
0,0.09581150114536285,0
0,0.09581150114536285,0
0,0.09581150114536285,0
0,0.09581150114536285,0
0,0.09581150114536285,0
0,0.09581150114536285,0
0,0.09581150114536285,0
0,0.09581150114536285,0
0,0.09581150114536285,0
0,0.09581150114536285,0
0,0.09581150114536285,0
0,0.09581150114536285,0
0,0.09581150114536285,0
0,0.09581150114536285,0
0,0.09581150114536285,0
0,0.09581150114536285,0
0,0.09581150114536285,0
0,0.09581150114536285,0
0,0.09581150114536285,0
0,0.09581150114536285,0
0,0.09581150114536285,0
0,0.09581150114536285,0
0,0.09581150114536285,0
0,0.09581150114536285,0
0,0.09581150114536285,0
0,0.09581150114536285,0
0,0.09581150114536285,0
0,0.09581150114536285,0
0,0.09581150114536285,0
0,0.09581150114536285,0
0,0.09581150114536285,0
0,0.09581150114536285,0
0,0.09581150114536285,0
0,0.09581150114536285,0
0,0.09581150114536285,0
0,0.09581150114536285,0
0,0.09581150114536285,0
0,0.09581150114536285,0
0,0.09581150114536285,0
0,0.09581150114536285,0
0,0.09581150114536285,0
0,0.09581150114536285,0
0,0.09581150114536285,0
0,0.09581150114536285,0
0,0.09581150114536285,0
0,0.09581150114536285,0
0,0.09581150114536285,0
0,0.09581150114536285,0
0,0.09581150114536285,0
0,0.09581150114536285,0
0,0.09581150114536285,0
0,0.09581150114536285,0
0,0.09581150114536285,0
0,0.09581150114536285,0
0,0.09581150114536285,0
0,0.09581150114536285,0
0,0.09581150114536285,0
0,0.09581150114536285,0
0,0.09581150114536285,0
0,0.09581150114536285,0
0,0.09581150114536285,0
0,0.09581150114536285,0
0,0.09581150114536285,0
0,0.09581150114536285,0
0,0.09581150114536285,0
0,0.09581150114536285,0
0,0.09581150114536285,0
0,0.09581150114536285,0
0,0.09581150114536285,0
0,0.09581150114536285,0
0,0.09581150114536285,0
0,0.09581150114536285,0
0,0.09581150114536285,0
0,0.09581150114536285,0
0,0.09581150114536285,0
0,0.09581150114536285,0
0,0.09581150114536285,0
0,0.09581150114536285,0
0,0.09581150114536285,0
0,0.09581150114536285,0
0,0.09581150114536285,0
0,0.09581150114536285,0
0,0.09581150114536285,0
0,0.09581150114536285,0
0,0.09581150114536285,0
0,0.09581150114536285,0
0,0.09581150114536285,0
0,0.09581150114536285,0
0,0.09581150114536285,0
0,0.09581150114536285,0
0,0.09581150114536285,0
0,0.09581150114536285,0
0,0.09581150114536285,0
0,0.09581150114536285,0
0,0.09581150114536285,0
0,0.09581150114536285,0
0,0.09581150114536285,0
0,0.09581150114536285,0
0,0.09581150114536285,0
0,0.09581150114536285,0
0,0.09581150114536285,0
0,0.09581150114536285,0
0,0.09581150114536285,0
0,0.09581150114536285,0
0,0.09581150114536285,0
0,0.09581150114536285,0
0,0.09581150114536285,0
0,0.09581150114536285,0
0,0.09581150114536285,0
0,0.09581150114536285,0
0,0.09581150114536285,0
0,0.09581150114536285,0
0,0.09581150114536285,0
0,0.09581150114536285,0
0,0.09581150114536285,0
0,0.09581150114536285,0
0,0.09581150114536285,0
0,0.09581150114536285,0
0,0.09581150114536285,0
0,0.09581150114536285,0
0,0.09581150114536285,0
0,0.09581150114536285,0
0,0.09581150114536285,0
0,0.09581150114536285,0
0,0.09581150114536285,0
0,0.09581150114536285,0
0,0.09581150114536285,0
0,0.09581150114536285,0
0,0.09581150114536285,0
0,0.09581150114536285,0
0,0.09581150114536285,0
0,0.09581150114536285,0
0,0.09581150114536285,0
0,0.09581150114536285,0
0,0.09581150114536285,0
0,0.09581150114536285,0
0,0.09581150114536285,0
0,0.09581150114536285,0
0,0.09581150114536285,0
0,0.09581150114536285,0
0,0.09581150114536285,0
0,0.09581150114536285,0
0,0.09581150114536285,0
0,0.09581150114536285,0
0,0.09581150114536285,0
0,0.09581150114536285,0
0,0.09581150114536285,0
0,0.09581150114536285,0
0,0.09581150114536285,0
0,0.09581150114536285,0
0,0.09581150114536285,0
0,0.09581150114536285,0
0,0.09581150114536285,0
0,0.09581150114536285,0
0,0.09581150114536285,0
0,0.09581150114536285,0
0,0.09581150114536285,0
0,0.09581150114536285,0
0,0.09581150114536285,0
0,0.09581150114536285,0
0,0.09581150114536285,0
0,0.09581150114536285,0
0,0.09581150114536285,0
0,0.09581150114536285,0
0,0.09581150114536285,0
0,0.09581150114536285,0
0,0.09581150114536285,0
0,0.09581150114536285,0
0,0.09581150114536285,0
0,0.09581150114536285,0
0,0.09581150114536285,0
0,0.09581150114536285,0
0,0.09581150114536285,0
0,0.09581150114536285,0
0,0.09581150114536285,0
0,0.09581150114536285,0
0,0.09581150114536285,0
0,0.09581150114536285,0
0,0.09581150114536285,0
0,0.09581150114536285,0
0,0.09581150114536285,0
0,0.09581150114536285,0
0,0.09581150114536285,0
0,0.09581150114536285,0
0,0.09581150114536285,0
0,0.09581150114536285,0
0,0.09581150114536285,0
0,0.09581150114536285,0
0,0.09581150114536285,0
0,0.09581150114536285,0
0,0.09581150114536285,0
0,0.09581150114536285,0
0,0.09581150114536285,0
0,0.09581150114536285,0
0,0.09581150114536285,0
0,0.09581150114536285,0
0,0.09581150114536285,0
0,0.09581150114536285,0
0,0.09581150114536285,0
0,0.09581150114536285,0
0,0.09581150114536285,0
0,0.09581150114536285,0
0,0.09581150114536285,0
0,0.09581150114536285,0
0,0.09581150114536285,0
0,0.09581150114536285,0
0,0.09581150114536285,0
0,0.09581150114536285,0
0,0.09581150114536285,0
0,0.09581150114536285,0
0,0.09581150114536285,0
0,0.09581150114536285,0
0,0.09581150114536285,0
0,0.09581150114536285,0
0,0.09581150114536285,0
0,0.09581150114536285,0
0,0.09581150114536285,0
0,0.09581150114536285,0
0,0.09581150114536285,0
0,0.09581150114536285,0
0,0.09581150114536285,0
0,0.09581150114536285,0
0,0.09581150114536285,0
0,0.09581150114536285,0
0,0.09581150114536285,0
0,0.09581150114536285,0
0,0.09581150114536285,0
0,0.09581150114536285,0
0,0.09581150114536285,0
0,0.09581150114536285,0
0,0.09581150114536285,0
0,0.09581150114536285,0
0,0.09581150114536285,0
0,0.09581150114536285,0
0,0.09581150114536285,0
0,0.09581150114536285,0
0,0.09581150114536285,0
0,0.09581150114536285,0
0,0.09581150114536285,0
0,0.09581150114536285,0
0,0.09581150114536285,0
0,0.09581150114536285,0
0,0.09581150114536285,0
0,0.09581150114536285,0
0,0.09581150114536285,0
0,0.09581150114536285,0
0,0.09581150114536285,0
0,0.09581150114536285,0
0,0.09581150114536285,0
0,0.09581150114536285,0
0,0.09581150114536285,0
0,0.09581150114536285,0
0,0.09581150114536285,0
0,0.09581150114536285,0
0,0.09581150114536285,0
0,0.09581150114536285,0
0,0.09581150114536285,0
0,0.09581150114536285,0
0,0.09581150114536285,0
0,0.09581150114536285,0
0,0.09581150114536285,0
0,0.09581150114536285,0
0,0.09581150114536285,0
0,0.09581150114536285,0
0,0.09581150114536285,0
0,0.09581150114536285,0
0,0.09581150114536285,0
0,0.09581150114536285,0
0,0.09581150114536285,0
0,0.09581150114536285,0
0,0.09581150114536285,0
0,0.09581150114536285,0
0,0.09581150114536285,0
0,0.09581150114536285,0
0,0.09581150114536285,0
0,0.09581150114536285,0
0,0.09581150114536285,0
0,0.09581150114536285,0
0,0.09581150114536285,0
0,0.09581150114536285,0
0,0.09581150114536285,0
0,0.09581150114536285,0
0,0.09581150114536285,0
0,0.09581150114536285,0
0,0.09581150114536285,0
0,0.09581150114536285,0
0,0.09581150114536285,0
0,0.09581150114536285,0
0,0.09581150114536285,0
0,0.09581150114536285,0
0,0.09581150114536285,0
0,0.09581150114536285,0
0,0.09581150114536285,0
0,0.09581150114536285,0
0,0.09581150114536285,0
0,0.09581150114536285,0
0,0.09581150114536285,0
0,0.09581150114536285,0
0,0.09581150114536285,0
0,0.09581150114536285,0
0,0.09581150114536285,0
0,0.09581150114536285,0
0,0.09581150114536285,0
0,0.09581150114536285,0
0,0.09581150114536285,0
0,0.09581150114536285,0
0,0.09581150114536285,0
0,0.09581150114536285,0
0,0.09581150114536285,0
0,0.09581150114536285,0
0,0.09581150114536285,0
0,0.09581150114536285,0
0,0.09581150114536285,0
0,0.09581150114536285,0
0,0.09581150114536285,0
0,0.09581150114536285,0
0,0.09581150114536285,0
0,0.09581150114536285,0
0,0.09581150114536285,0
0,0.09581150114536285,0
0,0.09581150114536285,0
0,0.09581150114536285,0
0,0.09581150114536285,0
0,0.09581150114536285,0
0,0.09581150114536285,0
0,0.09581150114536285,0
0,0.09581150114536285,0
0,0.09581150114536285,0
0,0.09581150114536285,0
0,0.09581150114536285,0
0,0.09581150114536285,0
0,0.09581150114536285,0
0,0.09581150114536285,0
0,0.09581150114536285,0
0,0.09581150114536285,0
0,0.09581150114536285,0
0,0.09581150114536285,0
0,0.09581150114536285,0
0,0.09581150114536285,0
0,0.09581150114536285,0
0,0.09581150114536285,0
0,0.09581150114536285,0
0,0.09581150114536285,0
0,0.09581150114536285,0
0,0.09581150114536285,0
0,0.09581150114536285,0
0,0.09581150114536285,0
0,0.09581150114536285,0
0,0.09581150114536285,0
0,0.09581150114536285,0
0,0.09581150114536285,0
0,0.09581150114536285,0
0,0.09581150114536285,0
0,0.09581150114536285,0
0,0.09581150114536285,0
0,0.09581150114536285,0
0,0.09581150114536285,0
0,0.09581150114536285,0
0,0.09581150114536285,0
0,0.09581150114536285,0
0,0.09581150114536285,0
0,0.09581150114536285,0
0,0.09581150114536285,0
0,0.09581150114536285,0
0,0.09581150114536285,0
0,0.09581150114536285,0
0,0.09581150114536285,0
0,0.09581150114536285,0
0,0.09581150114536285,0
0,0.09581150114536285,0
0,0.09581150114536285,0
0,0.09581150114536285,0
0,0.09581150114536285,0
0,0.09581150114536285,0
0,0.09581150114536285,0
0,0.09581150114536285,0
0,0.09581150114536285,0
0,0.09581150114536285,0
0,0.09581150114536285,0
0,0.09581150114536285,0
0,0.09581150114536285,0
0,0.09581150114536285,0
0,0.09581150114536285,0
0,0.09581150114536285,0
0,0.09581150114536285,0
0,0.09581150114536285,0
0,0.09581150114536285,0
0,0.09581150114536285,0
0,0.09581150114536285,0
0,0.09581150114536285,0
0,0.09581150114536285,0
0,0.09581150114536285,0
0,0.09581150114536285,0
0,0.09581150114536285,0
0,0.09581150114536285,0
0,0.09581150114536285,0
0,0.09581150114536285,0
0,0.09581150114536285,0
0,0.09581150114536285,0
0,0.09581150114536285,0
0,0.09581150114536285,0
0,0.09581150114536285,0
0,0.09581150114536285,0
0,0.09581150114536285,0
0,0.09581150114536285,0
0,0.09581150114536285,0
0,0.09581150114536285,0
0,0.09581150114536285,0
0,0.09581150114536285,0
0,0.09581150114536285,0
0,0.09581150114536285,0
0,0.09581150114536285,0
0,0.09581150114536285,0
0,0.09581150114536285,0
0,0.09581150114536285,0
0,0.09581150114536285,0
0,0.09581150114536285,0
0,0.09581150114536285,0
0,0.09581150114536285,0
0,0.09581150114536285,0
0,0.09581150114536285,0
0,0.09581150114536285,0
0,0.09581150114536285,0
0,0.09581150114536285,0
0,0.09581150114536285,0
0,0.09581150114536285,0
0,0.09581150114536285,0
0,0.09581150114536285,0
0,0.09581150114536285,0
0,0.09581150114536285,0
0,0.09581150114536285,0
0,0.09581150114536285,0
0,0.09581150114536285,0
0,0.09581150114536285,0
0,0.09581150114536285,0
0,0.09581150114536285,0
0,0.09581150114536285,0
0,0.09581150114536285,0
0,0.09581150114536285,0
0,0.09581150114536285,0
0,0.09581150114536285,0
0,0.09581150114536285,0
0,0.09581150114536285,0
0,0.09581150114536285,0
0,0.09581150114536285,0
0,0.09581150114536285,0
0,0.09581150114536285,0
0,0.09581150114536285,0
0,0.09581150114536285,0
0,0.09581150114536285,0
0,0.09581150114536285,0
0,0.09581150114536285,0
0,0.09581150114536285,0
0,0.09581150114536285,0
0,0.09581150114536285,0
0,0.09581150114536285,0
0,0.09581150114536285,0
0,0.09581150114536285,0
0,0.09581150114536285,0
0,0.09581150114536285,0
0,0.09581150114536285,0
0,0.09581150114536285,0
0,0.09581150114536285,0
0,0.09581150114536285,0
0,0.09581150114536285,0
0,0.09581150114536285,0
0,0.09581150114536285,0
0,0.09581150114536285,0
0,0.09581150114536285,0
0,0.09581150114536285,0
0,0.09581150114536285,0
0,0.09581150114536285,0
0,0.09581150114536285,0
0,0.09581150114536285,0
0,0.09581150114536285,0
0,0.09581150114536285,0
0,0.09581150114536285,0
0,0.09581150114536285,0
0,0.09581150114536285,0
0,0.09581150114536285,0
0,0.09581150114536285,0
0,0.09581150114536285,0
0,0.09581150114536285,0
0,0.09581150114536285,0
0,0.09581150114536285,0
0,0.09581150114536285,0
0,0.09581150114536285,0
0,0.09581150114536285,0
0,0.09581150114536285,0
0,0.09581150114536285,0
0,0.09581150114536285,0
0,0.09581150114536285,0
0,0.09581150114536285,0
0,0.09581150114536285,0
0,0.09581150114536285,0
0,0.09581150114536285,0
0,0.09581150114536285,0
0,0.09581150114536285,0
0,0.09581150114536285,0
0,0.09581150114536285,0
0,0.09581150114536285,0
0,0.09581150114536285,0
0,0.09581150114536285,0
0,0.09581150114536285,0
0,0.09581150114536285,0
0,0.09581150114536285,0
0,0.09581150114536285,0
0,0.09581150114536285,0
0,0.09581150114536285,0
0,0.09581150114536285,0
0,0.09581150114536285,0
0,0.09581150114536285,0
0,0.09581150114536285,0
0,0.09581150114536285,0
0,0.09581150114536285,0
0,0.09581150114536285,0
0,0.09581150114536285,0
0,0.09581150114536285,0
0,0.09581150114536285,0
0,0.09581150114536285,0
0,0.09581150114536285,0
0,0.09581150114536285,0
0,0.09581150114536285,0
0,0.09581150114536285,0
0,0.09581150114536285,0
0,0.09581150114536285,0
0,0.09581150114536285,0
0,0.09581150114536285,0
0,0.09581150114536285,0
0,0.09581150114536285,0
0,0.09581150114536285,0
0,0.09581150114536285,0
0,0.09581150114536285,0
0,0.09581150114536285,0
0,0.09581150114536285,0
0,0.09581150114536285,0
0,0.09581150114536285,0
0,0.09581150114536285,0
0,0.09581150114536285,0
0,0.09581150114536285,0
0,0.09581150114536285,0
0,0.09581150114536285,0
0,0.09581150114536285,0
0,0.09581150114536285,0
0,0.09581150114536285,0
0,0.09581150114536285,0
0,0.09581150114536285,0
0,0.09581150114536285,0
0,0.09581150114536285,0
0,0.09581150114536285,0
0,0.09581150114536285,0
0,0.09581150114536285,0
0,0.09581150114536285,0
0,0.09581150114536285,0
0,0.09581150114536285,0
0,0.09581150114536285,0
0,0.09581150114536285,0
0,0.09581150114536285,0
0,0.09581150114536285,0
0,0.09581150114536285,0
0,0.09581150114536285,0
0,0.09581150114536285,0
0,0.09581150114536285,0
0,0.09581150114536285,0
0,0.09581150114536285,0
0,0.09581150114536285,0
0,0.09581150114536285,0
0,0.09581150114536285,0
0,0.09581150114536285,0
0,0.09581150114536285,0
0,0.09581150114536285,0
0,0.09581150114536285,0
0,0.09581150114536285,0
0,0.09581150114536285,0
0,0.09581150114536285,0
0,0.09581150114536285,0
0,0.09581150114536285,0
0,0.09581150114536285,0
0,0.09581150114536285,0
0,0.09581150114536285,0
0,0.09581150114536285,0
0,0.09581150114536285,0
0,0.09581150114536285,0
0,0.09581150114536285,0
0,0.09581150114536285,0
0,0.09581150114536285,0
0,0.09581150114536285,0
0,0.09581150114536285,0
0,0.09581150114536285,0
0,0.09581150114536285,0
0,0.09581150114536285,0
0,0.09581150114536285,0
0,0.09581150114536285,0
0,0.09581150114536285,0
0,0.09581150114536285,0
0,0.09581150114536285,0
0,0.09581150114536285,0
0,0.09581150114536285,0
0,0.09581150114536285,0
0,0.09581150114536285,0
0,0.09581150114536285,0
0,0.09581150114536285,0
0,0.09581150114536285,0
0,0.09581150114536285,0
0,0.09581150114536285,0
0,0.09581150114536285,0
0,0.09581150114536285,0
0,0.09581150114536285,0
0,0.09581150114536285,0
0,0.09581150114536285,0
0,0.09581150114536285,0
0,0.09581150114536285,0
0,0.09581150114536285,0
0,0.09581150114536285,0
0,0.09581150114536285,0
0,0.09581150114536285,0
0,0.09581150114536285,0
0,0.09581150114536285,0
0,0.09581150114536285,0
0,0.09581150114536285,0
0,0.09581150114536285,0
0,0.09581150114536285,0
0,0.09581150114536285,0
0,0.09581150114536285,0
0,0.09581150114536285,0
0,0.09581150114536285,0
0,0.09581150114536285,0
0,0.09581150114536285,0
0,0.09581150114536285,0
0,0.09581150114536285,0
0,0.09581150114536285,0
0,0.09581150114536285,0
0,0.09581150114536285,0
0,0.09581150114536285,0
0,0.09581150114536285,0
0,0.09581150114536285,0
0,0.09581150114536285,0
0,0.09581150114536285,0
0,0.09581150114536285,0
0,0.09581150114536285,0
0,0.09581150114536285,0
0,0.09581150114536285,0
0,0.09581150114536285,0
0,0.09581150114536285,0
0,0.09581150114536285,0
0,0.09581150114536285,0
0,0.09581150114536285,0
0,0.09581150114536285,0
0,0.09581150114536285,0
0,0.09581150114536285,0
0,0.09581150114536285,0
0,0.09581150114536285,0
0,0.09581150114536285,0
0,0.09581150114536285,0
0,0.09581150114536285,0
0,0.09581150114536285,0
0,0.09581150114536285,0
0,0.09581150114536285,0
0,0.09581150114536285,0
0,0.09581150114536285,0
0,0.09581150114536285,0
0,0.09581150114536285,0
0,0.09581150114536285,0
0,0.09581150114536285,0
0,0.09581150114536285,0
0,0.09581150114536285,0
0,0.09581150114536285,0
0,0.09581150114536285,0
0,0.09581150114536285,0
0,0.09581150114536285,0
0,0.09581150114536285,0
0,0.09581150114536285,0
0,0.09581150114536285,0
0,0.09581150114536285,0
0,0.09581150114536285,0
0,0.09581150114536285,0
0,0.09581150114536285,0
0,0.09581150114536285,0
0,0.09581150114536285,0
0,0.09581150114536285,0
0,0.09581150114536285,0
0,0.09581150114536285,0
0,0.09581150114536285,0
0,0.09581150114536285,0
0,0.09581150114536285,0
0,0.09581150114536285,0
0,0.09581150114536285,0
0,0.09581150114536285,0
0,0.09581150114536285,0
0,0.09581150114536285,0
0,0.09581150114536285,0
0,0.09581150114536285,0
0,0.09581150114536285,0
0,0.09581150114536285,0
0,0.09581150114536285,0
0,0.09581150114536285,0
0,0.09581150114536285,0
0,0.09581150114536285,0
0,0.09581150114536285,0
0,0.09581150114536285,0
0,0.09581150114536285,0
0,0.09581150114536285,0
0,0.09581150114536285,0
0,0.09581150114536285,0
0,0.09581150114536285,0
0,0.09581150114536285,0
0,0.09581150114536285,0
0,0.09581150114536285,0
0,0.09581150114536285,0
0,0.09581150114536285,0
0,0.09581150114536285,0
0,0.09581150114536285,0
0,0.09581150114536285,0
0,0.09581150114536285,0
0,0.09581150114536285,0
0,0.09581150114536285,0
0,0.09581150114536285,0
0,0.09581150114536285,0
0,0.09581150114536285,0
0,0.09581150114536285,0
0,0.09581150114536285,0
0,0.09581150114536285,0
0,0.09581150114536285,0
0,0.09581150114536285,0
0,0.09581150114536285,0
0,0.09581150114536285,0
0,0.09581150114536285,0
0,0.09581150114536285,0
0,0.09581150114536285,0
0,0.09581150114536285,0
0,0.09581150114536285,0
0,0.09581150114536285,0
0,0.09581150114536285,0
0,0.09581150114536285,0
0,0.09581150114536285,0
0,0.09581150114536285,0
0,0.09581150114536285,0
0,0.09581150114536285,0
0,0.09581150114536285,0
0,0.09581150114536285,0
0,0.09581150114536285,0
0,0.09581150114536285,0
0,0.09581150114536285,0
0,0.09581150114536285,0
0,0.09581150114536285,0
0,0.09581150114536285,0
0,0.09581150114536285,0
0,0.09581150114536285,0
0,0.09581150114536285,0
0,0.09581150114536285,0
0,0.09581150114536285,0
0,0.09581150114536285,0
0,0.09581150114536285,0
0,0.09581150114536285,0
0,0.09581150114536285,0
0,0.09581150114536285,0
0,0.09581150114536285,0
0,0.09581150114536285,0
0,0.09581150114536285,0
0,0.09581150114536285,0
0,0.09581150114536285,0
0,0.09581150114536285,0
0,0.09581150114536285,0
0,0.09581150114536285,0
0,0.09581150114536285,0
0,0.09581150114536285,0
0,0.09581150114536285,0
0,0.09581150114536285,0
0,0.09581150114536285,0
0,0.09581150114536285,0
0,0.09581150114536285,0
0,0.09581150114536285,0
0,0.09581150114536285,0
0,0.09581150114536285,0
0,0.09581150114536285,0
0,0.09581150114536285,0
0,0.09581150114536285,0
0,0.09581150114536285,0
0,0.09581150114536285,0
0,0.09581150114536285,0
0,0.09581150114536285,0
0,0.09581150114536285,0
0,0.09581150114536285,0
0,0.09581150114536285,0
0,0.09581150114536285,0
0,0.09581150114536285,0
0,0.09581150114536285,0
0,0.09581150114536285,0
0,0.09581150114536285,0
0,0.09581150114536285,0
0,0.09581150114536285,0
0,0.09581150114536285,0
0,0.09581150114536285,0
0,0.09581150114536285,0
0,0.09581150114536285,0
0,0.09581150114536285,0
0,0.09581150114536285,0
0,0.09581150114536285,0
0,0.09581150114536285,0
0,0.09581150114536285,0
0,0.09581150114536285,0
0,0.09581150114536285,0
0,0.09581150114536285,0
0,0.09581150114536285,0
0,0.09581150114536285,0
0,0.09581150114536285,0
0,0.09581150114536285,0
0,0.09581150114536285,0
0,0.09581150114536285,0
0,0.09581150114536285,0
0,0.09581150114536285,0
0,0.09581150114536285,0
0,0.09581150114536285,0
0,0.09581150114536285,0
0,0.09581150114536285,0
0,0.09581150114536285,0
0,0.09581150114536285,0
0,0.09581150114536285,0
0,0.09581150114536285,0
0,0.09581150114536285,0
0,0.09581150114536285,0
0,0.09581150114536285,0
0,0.09581150114536285,0
0,0.09581150114536285,0
0,0.09581150114536285,0
0,0.09581150114536285,0
0,0.09581150114536285,0
0,0.09581150114536285,0
0,0.09581150114536285,0
0,0.09581150114536285,0
0,0.09581150114536285,0
0,0.09581150114536285,0
0,0.09581150114536285,0
0,0.09581150114536285,0
0,0.09581150114536285,0
0,0.09581150114536285,0
0,0.09581150114536285,0
0,0.09581150114536285,0
0,0.09581150114536285,0
0,0.09581150114536285,0
0,0.09581150114536285,0
0,0.09581150114536285,0
0,0.09581150114536285,0
0,0.09581150114536285,0
0,0.09581150114536285,0
0,0.09581150114536285,0
0,0.09581150114536285,0
0,0.09581150114536285,0
0,0.09581150114536285,0
0,0.09581150114536285,0
0,0.09581150114536285,0
0,0.09581150114536285,0
0,0.09581150114536285,0
0,0.09581150114536285,0
0,0.09581150114536285,0
0,0.09581150114536285,0
0,0.09581150114536285,0
0,0.09581150114536285,0
0,0.09581150114536285,0
0,0.09581150114536285,0
0,0.09581150114536285,0
0,0.09581150114536285,0
0,0.09581150114536285,0
0,0.09581150114536285,0
0,0.09581150114536285,0
0,0.09581150114536285,0
0,0.09581150114536285,0
0,0.09581150114536285,0
0,0.09581150114536285,0
0,0.09581150114536285,0
0,0.09581150114536285,0
0,0.09581150114536285,0
0,0.09581150114536285,0
0,0.09581150114536285,0
0,0.09581150114536285,0
0,0.09581150114536285,0
0,0.09581150114536285,0
0,0.09581150114536285,0
0,0.09581150114536285,0
0,0.09581150114536285,0
0,0.09581150114536285,0
0,0.09581150114536285,0
0,0.09581150114536285,0
0,0.09581150114536285,0
0,0.09581150114536285,0
0,0.09581150114536285,0
0,0.09581150114536285,0
0,0.09581150114536285,0
0,0.09581150114536285,0
0,0.09581150114536285,0
0,0.09581150114536285,0
0,0.09581150114536285,0
0,0.09581150114536285,0
0,0.09581150114536285,0
0,0.09581150114536285,0
0,0.09581150114536285,0
0,0.09581150114536285,0
0,0.09581150114536285,0
0,0.09581150114536285,0
0,0.09581150114536285,0
0,0.09581150114536285,0
0,0.09581150114536285,0
0,0.09581150114536285,0
0,0.09581150114536285,0
0,0.09581150114536285,0
0,0.09581150114536285,0
0,0.09581150114536285,0
0,0.09581150114536285,0
0,0.09581150114536285,0
0,0.09581150114536285,0
0,0.09581150114536285,0
0,0.09581150114536285,0
0,0.09581150114536285,0
0,0.09581150114536285,0
0,0.09581150114536285,0
0,0.09581150114536285,0
0,0.09581150114536285,0
0,0.09581150114536285,0
0,0.09581150114536285,0
0,0.09581150114536285,0
0,0.09581150114536285,0
0,0.09581150114536285,0
0,0.09581150114536285,0
0,0.09581150114536285,0
0,0.09581150114536285,0
0,0.09581150114536285,0
0,0.09581150114536285,0
0,0.09581150114536285,0
0,0.09581150114536285,0
0,0.09581150114536285,0
0,0.09581150114536285,0
0,0.09581150114536285,0
0,0.09581150114536285,0
0,0.09581150114536285,0
0,0.09581150114536285,0
0,0.09581150114536285,0
0,0.09581150114536285,0
0,0.09581150114536285,0
0,0.09581150114536285,0
0,0.09581150114536285,0
0,0.09581150114536285,0
0,0.09581150114536285,0
0,0.09581150114536285,0
0,0.09581150114536285,0
0,0.09581150114536285,0
0,0.09581150114536285,0
0,0.09581150114536285,0
0,0.09581150114536285,0
0,0.09581150114536285,0
0,0.09581150114536285,0
0,0.09581150114536285,0
0,0.09581150114536285,0
0,0.09581150114536285,0
0,0.09581150114536285,0
0,0.09581150114536285,0
0,0.09581150114536285,0
0,0.09581150114536285,0
0,0.09581150114536285,0
0,0.09581150114536285,0
0,0.09581150114536285,0
0,0.09581150114536285,0
0,0.09581150114536285,0
0,0.09581150114536285,0
0,0.09581150114536285,0
0,0.09581150114536285,0
0,0.09581150114536285,0
0,0.09581150114536285,0
0,0.09581150114536285,0
0,0.09581150114536285,0
0,0.09581150114536285,0
0,0.09581150114536285,0
0,0.09581150114536285,0
0,0.09581150114536285,0
0,0.09581150114536285,0
0,0.09581150114536285,0
0,0.09581150114536285,0
0,0.09581150114536285,0
0,0.09581150114536285,0
0,0.09581150114536285,0
0,0.09581150114536285,0
0,0.09581150114536285,0
0,0.09581150114536285,0
0,0.09581150114536285,0
0,0.09581150114536285,0
0,0.09581150114536285,0
0,0.09581150114536285,0
0,0.09581150114536285,0
0,0.09581150114536285,0
0,0.09581150114536285,0
0,0.09581150114536285,0
0,0.09581150114536285,0
0,0.09581150114536285,0
0,0.09581150114536285,0
0,0.09581150114536285,0
0,0.09581150114536285,0
0,0.09581150114536285,0
0,0.09581150114536285,0
0,0.09581150114536285,0
0,0.09581150114536285,0
0,0.09581150114536285,0
0,0.09581150114536285,0
0,0.09581150114536285,0
0,0.09581150114536285,0
0,0.09581150114536285,0
0,0.09581150114536285,0
0,0.09581150114536285,0
0,0.09581150114536285,0
0,0.09581150114536285,0
0,0.09581150114536285,0
0,0.09581150114536285,0
0,0.09581150114536285,0
0,0.09581150114536285,0
0,0.09581150114536285,0
0,0.09581150114536285,0
0,0.09581150114536285,0
0,0.09581150114536285,0
0,0.09581150114536285,0
0,0.09581150114536285,0
0,0.09581150114536285,0
0,0.09581150114536285,0
0,0.09581150114536285,0
0,0.09581150114536285,0
0,0.09581150114536285,0
0,0.09581150114536285,0
0,0.09581150114536285,0
0,0.09581150114536285,0
0,0.09581150114536285,0
0,0.09581150114536285,0
0,0.09581150114536285,0
0,0.09581150114536285,0
0,0.09581150114536285,0
0,0.09581150114536285,0
0,0.09581150114536285,0
0,0.09581150114536285,0
0,0.09581150114536285,0
0,0.09581150114536285,0
0,0.09581150114536285,0
0,0.09581150114536285,0
0,0.09581150114536285,0
0,0.09581150114536285,0
0,0.09581150114536285,0
0,0.09581150114536285,0
0,0.09581150114536285,0
0,0.09581150114536285,0
0,0.09581150114536285,0
0,0.09581150114536285,0
0,0.09581150114536285,0
0,0.09581150114536285,0
0,0.09581150114536285,0
0,0.09581150114536285,0
0,0.09581150114536285,0
0,0.09581150114536285,0
0,0.09581150114536285,0
0,0.09581150114536285,0
0,0.09581150114536285,0
0,0.09581150114536285,0
0,0.09581150114536285,0
0,0.09581150114536285,0
0,0.09581150114536285,0
0,0.09581150114536285,0
0,0.09581150114536285,0
0,0.09581150114536285,0
0,0.09581150114536285,0
0,0.09581150114536285,0
0,0.09581150114536285,0
0,0.09581150114536285,0
0,0.09581150114536285,0
0,0.09581150114536285,0
0,0.09581150114536285,0
0,0.09581150114536285,0
0,0.09581150114536285,0
0,0.09581150114536285,0
0,0.09581150114536285,0
0,0.09581150114536285,0
0,0.09581150114536285,0
0,0.09581150114536285,0
0,0.09581150114536285,0
0,0.09581150114536285,0
0,0.09581150114536285,0
0,0.09581150114536285,0
0,0.09581150114536285,0
0,0.09581150114536285,0
0,0.09581150114536285,0
0,0.09581150114536285,0
0,0.09581150114536285,0
0,0.09581150114536285,0
0,0.09581150114536285,0
0,0.09581150114536285,0
0,0.09581150114536285,0
0,0.09581150114536285,0
0,0.09581150114536285,0
0,0.7165073156356812,0
0,0.6932235360145569,0
0,0.6733537912368774,0
0,0.6551180481910706,0
0,0.5379312634468079,0
0,0.5066333413124084,0
0,0.09581150114536285,0
0,0.09581150114536285,0
0,0.09581150114536285,0
0,0.09581150114536285,0
0,0.09581150114536285,0
0,0.09581150114536285,0
0,0.09581150114536285,0
0,0.09581150114536285,0
0,0.09581150114536285,0
0,0.09581150114536285,0
0,0.09581150114536285,0
0,0.09581150114536285,0
0,0.09581150114536285,0
0,0.09581150114536285,0
0,0.09581150114536285,0
0,0.09581150114536285,0
0,0.09581150114536285,0
0,0.09581150114536285,0
0,0.09581150114536285,0
0,0.09581150114536285,0
0,0.09581150114536285,0
0,0.09581150114536285,0
0,0.09581150114536285,0
0,0.09581150114536285,0
0,0.09581150114536285,0
0,0.09581150114536285,0
0,0.09581150114536285,0
0,0.09581150114536285,0
0,0.09581150114536285,0
0,0.09581150114536285,0
0,0.09581150114536285,0
0,0.09581150114536285,0
0,0.09581150114536285,0
0,0.09581150114536285,0
0,0.09581150114536285,0
0,0.09581150114536285,0
0,0.09581150114536285,0
0,0.09581150114536285,0
0,0.09581150114536285,0
0,0.09581150114536285,0
0,0.09581150114536285,0
0,0.09581150114536285,0
0,0.09581150114536285,0
0,0.09581150114536285,0
0,0.09581150114536285,0
0,0.09581150114536285,0
0,0.09581150114536285,0
0,0.09581150114536285,0
0,0.09581150114536285,0
0,0.09581150114536285,0
0,0.09581150114536285,0
0,0.09581150114536285,0
0,0.09581150114536285,0
0,0.09581150114536285,0
0,0.09581150114536285,0
0,0.09581150114536285,0
0,0.09581150114536285,0
0,0.09581150114536285,0
0,0.09581150114536285,0
0,0.09581150114536285,0
0,0.09581150114536285,0
0,0.09581150114536285,0
0,0.09581150114536285,0
0,0.09581150114536285,0
0,0.09581150114536285,0
0,0.09581150114536285,0
0,0.09581150114536285,0
0,0.09581150114536285,0
0,0.09581150114536285,0
0,0.09581150114536285,0
0,0.09581150114536285,0
0,0.09581150114536285,0
0,0.09581150114536285,0
0,0.09581150114536285,0
0,0.09581150114536285,0
0,0.09581150114536285,0
0,0.09581150114536285,0
0,0.09581150114536285,0
0,0.09581150114536285,0
0,0.09581150114536285,0
0,0.09581150114536285,0
0,0.09581150114536285,0
0,0.09581150114536285,0
0,0.09581150114536285,0
0,0.09581150114536285,0
0,0.09581150114536285,0
0,0.09581150114536285,0
0,0.09581150114536285,0
0,0.09581150114536285,0
0,0.09581150114536285,0
0,0.09581150114536285,0
0,0.09581150114536285,0
0,0.09581150114536285,0
0,0.09581150114536285,0
0,0.09581150114536285,0
0,0.09581150114536285,0
0,0.09581150114536285,0
0,0.09581150114536285,0
0,0.09581150114536285,0
0,0.09581150114536285,0
0,0.09581150114536285,0
0,0.09581150114536285,0
0,0.09581150114536285,0
0,0.09581150114536285,0
0,0.09581150114536285,0
0,0.09581150114536285,0
0,0.09581150114536285,0
0,0.09581150114536285,0
0,0.09581150114536285,0
0,0.09581150114536285,0
0,0.09581150114536285,0
0,0.09581150114536285,0
0,0.09581150114536285,0
0,0.09581150114536285,0
0,0.09581150114536285,0
0,0.09581150114536285,0
0,0.09581150114536285,0
0,0.09581150114536285,0
0,0.09581150114536285,0
0,0.09581150114536285,0
0,0.09581150114536285,0
0,0.09581150114536285,0
0,0.09581150114536285,0
0,0.09581150114536285,0
0,0.09581150114536285,0
0,0.09581150114536285,0
0,0.09581150114536285,0
0,0.09581150114536285,0
0,0.09581150114536285,0
0,0.09581150114536285,0
0,0.09581150114536285,0
0,0.09581150114536285,0
0,0.09581150114536285,0
0,0.09581150114536285,0
0,0.09581150114536285,0
0,0.09581150114536285,0
0,0.09581150114536285,0
0,0.09581150114536285,0
0,0.09581150114536285,0
0,0.09581150114536285,0
0,0.09581150114536285,0
0,0.09581150114536285,0
0,0.09581150114536285,0
0,0.09581150114536285,0
0,0.09581150114536285,0
0,0.09581150114536285,0
0,0.09581150114536285,0
0,0.09581150114536285,0
0,0.09581150114536285,0
0,0.09581150114536285,0
0,0.09581150114536285,0
0,0.09581150114536285,0
0,0.09581150114536285,0
0,0.09581150114536285,0
0,0.09581150114536285,0
0,0.09581150114536285,0
0,0.09581150114536285,0
0,0.09581150114536285,0
0,0.09581150114536285,0
0,0.09581150114536285,0
0,0.09581150114536285,0
0,0.09581150114536285,0
0,0.09581150114536285,0
0,0.09581150114536285,0
0,0.09581150114536285,0
0,0.09581150114536285,0
0,0.09581150114536285,0
0,0.09581150114536285,0
0,0.09581150114536285,0
0,0.09581150114536285,0
0,0.09581150114536285,0
0,0.09581150114536285,0
0,0.09581150114536285,0
0,0.09581150114536285,0
0,0.09581150114536285,0
0,0.09581150114536285,0
0,0.09581150114536285,0
0,0.09581150114536285,0
0,0.09581150114536285,0
0,0.09581150114536285,0
0,0.09581150114536285,0
0,0.09581150114536285,0
0,0.09581150114536285,0
0,0.09581150114536285,0
0,0.09581150114536285,0
0,0.09581150114536285,0
0,0.09581150114536285,0
0,0.09581150114536285,0
0,0.09581150114536285,0
0,0.09581150114536285,0
0,0.09581150114536285,0
0,0.09581150114536285,0
0,0.09581150114536285,0
0,0.09581150114536285,0
0,0.09581150114536285,0
0,0.09581150114536285,0
0,0.09581150114536285,0
0,0.09581150114536285,0
0,0.09581150114536285,0
0,0.09581150114536285,0
0,0.09581150114536285,0
0,0.09581150114536285,0
0,0.09581150114536285,0
0,0.09581150114536285,0
0,0.09581150114536285,0
0,0.09581150114536285,0
0,0.09581150114536285,0
0,0.09581150114536285,0
0,0.09581150114536285,0
0,0.09581150114536285,0
0,0.09581150114536285,0
0,0.09581150114536285,0
0,0.09581150114536285,0
0,0.09581150114536285,0
0,0.09581150114536285,0
0,0.09581150114536285,0
0,0.09581150114536285,0
0,0.09581150114536285,0
0,0.09581150114536285,0
0,0.09581150114536285,0
0,0.09581150114536285,0
0,0.09581150114536285,0
0,0.09581150114536285,0
0,0.09581150114536285,0
0,0.09581150114536285,0
0,0.09581150114536285,0
0,0.09581150114536285,0
0,0.09581150114536285,0
0,0.09581150114536285,0
0,0.09581150114536285,0
0,0.09581150114536285,0
0,0.09581150114536285,0
0,0.09581150114536285,0
0,0.09581150114536285,0
0,0.09581150114536285,0
0,0.09581150114536285,0
0,0.09581150114536285,0
0,0.09581150114536285,0
0,0.09581150114536285,0
0,0.09581150114536285,0
0,0.09581150114536285,0
0,0.09581150114536285,0
0,0.09581150114536285,0
0,0.09581150114536285,0
0,0.09581150114536285,0
0,0.09581150114536285,0
0,0.09581150114536285,0
0,0.09581150114536285,0
0,0.09581150114536285,0
0,0.09581150114536285,0
0,0.09581150114536285,0
0,0.09581150114536285,0
0,0.09581150114536285,0
0,0.09581150114536285,0
0,0.09581150114536285,0
0,0.09581150114536285,0
0,0.09581150114536285,0
0,0.09581150114536285,0
0,0.09581150114536285,0
0,0.09581150114536285,0
0,0.09581150114536285,0
0,0.09581150114536285,0
0,0.09581150114536285,0
0,0.09581150114536285,0
0,0.09581150114536285,0
0,0.09581150114536285,0
0,0.09581150114536285,0
0,0.09581150114536285,0
0,0.09581150114536285,0
0,0.09581150114536285,0
0,0.09581150114536285,0
0,0.09581150114536285,0
0,0.09581150114536285,0
0,0.09581150114536285,0
0,0.09581150114536285,0
0,0.09581150114536285,0
0,0.09581150114536285,0
0,0.09581150114536285,0
0,0.09581150114536285,0
0,0.09581150114536285,0
0,0.09581150114536285,0
0,0.09581150114536285,0
0,0.09581150114536285,0
0,0.09581150114536285,0
0,0.09581150114536285,0
0,0.09581150114536285,0
0,0.09581150114536285,0
0,0.09581150114536285,0
0,0.09581150114536285,0
0,0.09581150114536285,0
0,0.09581150114536285,0
0,0.09581150114536285,0
0,0.09581150114536285,0
0,0.09581150114536285,0
0,0.09581150114536285,0
0,0.09581150114536285,0
0,0.09581150114536285,0
0,0.09581150114536285,0
0,0.09581150114536285,0
0,0.09581150114536285,0
0,0.09581150114536285,0
0,0.09581150114536285,0
0,0.09581150114536285,0
0,0.09581150114536285,0
0,0.09581150114536285,0
0,0.09581150114536285,0
0,0.09581150114536285,0
0,0.09581150114536285,0
0,0.09581150114536285,0
0,0.09581150114536285,0
0,0.09581150114536285,0
0,0.09581150114536285,0
0,0.09581150114536285,0
0,0.09581150114536285,0
0,0.09581150114536285,0
0,0.09581150114536285,0
0,0.09581150114536285,0
0,0.09581150114536285,0
0,0.09581150114536285,0
0,0.09581150114536285,0
0,0.09581150114536285,0
0,0.09581150114536285,0
0,0.09581150114536285,0
0,0.09581150114536285,0
0,0.09581150114536285,0
0,0.09581150114536285,0
0,0.09581150114536285,0
0,0.09581150114536285,0
0,0.09581150114536285,0
0,0.09581150114536285,0
0,0.09581150114536285,0
0,0.09581150114536285,0
0,0.09581150114536285,0
0,0.09581150114536285,0
0,0.09581150114536285,0
0,0.09581150114536285,0
0,0.09581150114536285,0
0,0.09581150114536285,0
0,0.09581150114536285,0
0,0.09581150114536285,0
0,0.09581150114536285,0
0,0.09581150114536285,0
0,0.09581150114536285,0
0,0.09581150114536285,0
0,0.09581150114536285,0
0,0.09581150114536285,0
0,0.09581150114536285,0
0,0.09581150114536285,0
0,0.09581150114536285,0
0,0.09581150114536285,0
0,0.09581150114536285,0
0,0.09581150114536285,0
0,0.09581150114536285,0
0,0.09581150114536285,0
0,0.09581150114536285,0
0,0.09581150114536285,0
0,0.09581150114536285,0
0,0.09581150114536285,0
0,0.09581150114536285,0
0,0.09581150114536285,0
0,0.09581150114536285,0
0,0.09581150114536285,0
0,0.09581150114536285,0
0,0.09581150114536285,0
0,0.09581150114536285,0
0,0.09581150114536285,0
0,0.09581150114536285,0
0,0.09581150114536285,0
0,0.09581150114536285,0
0,0.09581150114536285,0
0,0.09581150114536285,0
0,0.09581150114536285,0
0,0.09581150114536285,0
0,0.09581150114536285,0
0,0.09581150114536285,0
0,0.09581150114536285,0
0,0.09581150114536285,0
0,0.09581150114536285,0
0,0.09581150114536285,0
0,0.09581150114536285,0
0,0.09581150114536285,0
0,0.09581150114536285,0
0,0.09581150114536285,0
0,0.09581150114536285,0
0,0.09581150114536285,0
0,0.09581150114536285,0
0,0.09581150114536285,0
0,0.09581150114536285,0
0,0.09581150114536285,0
0,0.09581150114536285,0
0,0.09581150114536285,0
0,0.09581150114536285,0
0,0.09581150114536285,0
0,0.09581150114536285,0
0,0.09581150114536285,0
0,0.09581150114536285,0
0,0.09581150114536285,0
0,0.09581150114536285,0
0,0.09581150114536285,0
0,0.09581150114536285,0
0,0.09581150114536285,0
0,0.09581150114536285,0
0,0.09581150114536285,0
0,0.09581150114536285,0
0,0.09581150114536285,0
0,0.09581150114536285,0
0,0.09581150114536285,0
0,0.09581150114536285,0
0,0.09581150114536285,0
0,0.09581150114536285,0
0,0.09581150114536285,0
0,0.09581150114536285,0
0,0.09581150114536285,0
0,0.09581150114536285,0
0,0.09581150114536285,0
0,0.09581150114536285,0
0,0.09581150114536285,0
0,0.09581150114536285,0
0,0.09581150114536285,0
0,0.09581150114536285,0
0,0.09581150114536285,0
0,0.09581150114536285,0
0,0.09581150114536285,0
0,0.09581150114536285,0
0,0.09581150114536285,0
0,0.09581150114536285,0
0,0.09581150114536285,0
0,0.09581150114536285,0
0,0.09581150114536285,0
0,0.09581150114536285,0
0,0.09581150114536285,0
0,0.09581150114536285,0
0,0.09581150114536285,0
0,0.09581150114536285,0
0,0.09581150114536285,0
0,0.09581150114536285,0
0,0.09581150114536285,0
0,0.09581150114536285,0
0,0.09581150114536285,0
0,0.09581150114536285,0
0,0.09581150114536285,0
0,0.09581150114536285,0
0,0.09581150114536285,0
0,0.09581150114536285,0
0,0.09581150114536285,0
0,0.09581150114536285,0
0,0.09581150114536285,0
0,0.09581150114536285,0
0,0.09581150114536285,0
0,0.09581150114536285,0
0,0.09581150114536285,0
0,0.09581150114536285,0
0,0.09581150114536285,0
0,0.09581150114536285,0
0,0.09581150114536285,0
0,0.09581150114536285,0
0,0.09581150114536285,0
0,0.09581150114536285,0
0,0.09581150114536285,0
0,0.09581150114536285,0
0,0.09581150114536285,0
0,0.09581150114536285,0
0,0.09581150114536285,0
0,0.09581150114536285,0
0,0.09581150114536285,0
0,0.09581150114536285,0
0,0.09581150114536285,0
0,0.09581150114536285,0
0,0.09581150114536285,0
0,0.09581150114536285,0
0,0.09581150114536285,0
0,0.09581150114536285,0
0,0.09581150114536285,0
0,0.09581150114536285,0
0,0.09581150114536285,0
0,0.09581150114536285,0
0,0.09581150114536285,0
0,0.09581150114536285,0
0,0.09581150114536285,0
0,0.09581150114536285,0
0,0.09581150114536285,0
0,0.09581150114536285,0
0,0.09581150114536285,0
0,0.09581150114536285,0
0,0.09581150114536285,0
0,0.09581150114536285,0
0,0.09581150114536285,0
0,0.09581150114536285,0
0,0.09581150114536285,0
0,0.09581150114536285,0
0,0.09581150114536285,0
0,0.09581150114536285,0
0,0.09581150114536285,0
0,0.09581150114536285,0
0,0.09581150114536285,0
0,0.09581150114536285,0
0,0.09581150114536285,0
0,0.09581150114536285,0
0,0.09581150114536285,0
0,0.09581150114536285,0
0,0.09581150114536285,0
0,0.09581150114536285,0
0,0.09581150114536285,0
0,0.09581150114536285,0
0,0.09581150114536285,0
0,0.09581150114536285,0
0,0.09581150114536285,0
0,0.09581150114536285,0
0,0.09581150114536285,0
0,0.09581150114536285,0
0,0.09581150114536285,0
0,0.09581150114536285,0
0,0.09581150114536285,0
0,0.09581150114536285,0
0,0.09581150114536285,0
0,0.09581150114536285,0
0,0.09581150114536285,0
0,0.09581150114536285,0
0,0.09581150114536285,0
0,0.09581150114536285,0
0,0.09581150114536285,0
0,0.09581150114536285,0
0,0.09581150114536285,0
0,0.09581150114536285,0
0,0.09581150114536285,0
0,0.09581150114536285,0
0,0.09581150114536285,0
0,0.09581150114536285,0
0,0.09581150114536285,0
0,0.09581150114536285,0
0,0.09581150114536285,0
0,0.09581150114536285,0
0,0.09581150114536285,0
0,0.09581150114536285,0
0,0.09581150114536285,0
0,0.09581150114536285,0
0,0.09581150114536285,0
0,0.09581150114536285,0
0,0.09581150114536285,0
0,0.09581150114536285,0
0,0.09581150114536285,0
0,0.09581150114536285,0
0,0.09581150114536285,0
0,0.09581150114536285,0
0,0.09581150114536285,0
0,0.09581150114536285,0
0,0.09581150114536285,0
0,0.09581150114536285,0
0,0.09581150114536285,0
0,0.09581150114536285,0
0,0.09581150114536285,0
0,0.09581150114536285,0
0,0.09581150114536285,0
0,0.09581150114536285,0
0,0.09581150114536285,0
0,0.09581150114536285,0
0,0.09581150114536285,0
0,0.09581150114536285,0
0,0.09581150114536285,0
0,0.09581150114536285,0
0,0.09581150114536285,0
0,0.09581150114536285,0
0,0.09581150114536285,0
0,0.09581150114536285,0
0,0.09581150114536285,0
0,0.09581150114536285,0
0,0.09581150114536285,0
0,0.09581150114536285,0
0,0.09581150114536285,0
0,0.09581150114536285,0
0,0.09581150114536285,0
0,0.09581150114536285,0
0,0.09581150114536285,0
0,0.09581150114536285,0
0,0.09581150114536285,0
0,0.09581150114536285,0
0,0.09581150114536285,0
0,0.09581150114536285,0
0,0.09581150114536285,0
0,0.09581150114536285,0
0,0.09581150114536285,0
0,0.09581150114536285,0
0,0.09581150114536285,0
0,0.09581150114536285,0
0,0.09581150114536285,0
0,0.09581150114536285,0
0,0.09581150114536285,0
0,0.09581150114536285,0
0,0.09581150114536285,0
0,0.09581150114536285,0
0,0.09581150114536285,0
0,0.09581150114536285,0
0,0.09581150114536285,0
0,0.09581150114536285,0
0,0.09581150114536285,0
0,0.09581150114536285,0
0,0.09581150114536285,0
0,0.09581150114536285,0
0,0.09581150114536285,0
0,0.09581150114536285,0
0,0.09581150114536285,0
0,0.09581150114536285,0
0,0.09581150114536285,0
0,0.09581150114536285,0
0,0.09581150114536285,0
0,0.09581150114536285,0
0,0.09581150114536285,0
0,0.09581150114536285,0
0,0.09581150114536285,0
0,0.09581150114536285,0
0,0.09581150114536285,0
0,0.09581150114536285,0
0,0.09581150114536285,0
0,0.09581150114536285,0
0,0.09581150114536285,0
0,0.09581150114536285,0
0,0.09581150114536285,0
0,0.09581150114536285,0
0,0.09581150114536285,0
0,0.09581150114536285,0
0,0.09581150114536285,0
0,0.09581150114536285,0
0,0.09581150114536285,0
0,0.09581150114536285,0
0,0.09581150114536285,0
0,0.09581150114536285,0
0,0.09581150114536285,0
0,0.09581150114536285,0
0,0.09581150114536285,0
0,0.09581150114536285,0
0,0.09581150114536285,0
0,0.09581150114536285,0
0,0.09581150114536285,0
0,0.09581150114536285,0
0,0.09581150114536285,0
0,0.09581150114536285,0
0,0.09581150114536285,0
0,0.09581150114536285,0
0,0.09581150114536285,0
0,0.09581150114536285,0
0,0.09581150114536285,0
0,0.09581150114536285,0
0,0.09581150114536285,0
0,0.09581150114536285,0
0,0.09581150114536285,0
0,0.09581150114536285,0
0,0.09581150114536285,0
0,0.09581150114536285,0
0,0.09581150114536285,0
0,0.09581150114536285,0
0,0.09581150114536285,0
0,0.09581150114536285,0
0,0.09581150114536285,0
0,0.09581150114536285,0
0,0.09581150114536285,0
0,0.09581150114536285,0
0,0.09581150114536285,0
0,0.09581150114536285,0
0,0.09581150114536285,0
0,0.09581150114536285,0
0,0.09581150114536285,0
0,0.09581150114536285,0
0,0.09581150114536285,0
0,0.09581150114536285,0
0,0.09581150114536285,0
0,0.09581150114536285,0
0,0.09581150114536285,0
0,0.09581150114536285,0
0,0.09581150114536285,0
0,0.09581150114536285,0
0,0.09581150114536285,0
0,0.09581150114536285,0
0,0.09581150114536285,0
0,0.09581150114536285,0
0,0.09581150114536285,0
0,0.09581150114536285,0
0,0.09581150114536285,0
0,0.09581150114536285,0
0,0.09581150114536285,0
0,0.09581150114536285,0
0,0.09581150114536285,0
0,0.09581150114536285,0
0,0.09581150114536285,0
0,0.09581150114536285,0
0,0.09581150114536285,0
0,0.09581150114536285,0
0,0.09581150114536285,0
0,0.09581150114536285,0
0,0.09581150114536285,0
0,0.09581150114536285,0
0,0.09581150114536285,0
0,0.09581150114536285,0
0,0.09581150114536285,0
0,0.09581150114536285,0
0,0.09581150114536285,0
0,0.09581150114536285,0
0,0.09581150114536285,0
0,0.09581150114536285,0
0,0.09581150114536285,0
0,0.09581150114536285,0
0,0.09581150114536285,0
0,0.09581150114536285,0
0,0.09581150114536285,0
0,0.09581150114536285,0
0,0.09581150114536285,0
0,0.09581150114536285,0
0,0.09581150114536285,0
0,0.09581150114536285,0
0,0.09581150114536285,0
0,0.09581150114536285,0
0,0.09581150114536285,0
0,0.09581150114536285,0
0,0.09581150114536285,0
0,0.09581150114536285,0
0,0.09581150114536285,0
0,0.09581150114536285,0
0,0.09581150114536285,0
0,0.09581150114536285,0
0,0.09581150114536285,0
0,0.09581150114536285,0
0,0.09581150114536285,0
0,0.09581150114536285,0
0,0.09581150114536285,0
0,0.09581150114536285,0
0,0.09581150114536285,0
0,0.09581150114536285,0
0,0.09581150114536285,0
0,0.09581150114536285,0
0,0.09581150114536285,0
0,0.09581150114536285,0
0,0.09581150114536285,0
0,0.09581150114536285,0
0,0.09581150114536285,0
0,0.09581150114536285,0
0,0.09581150114536285,0
0,0.09581150114536285,0
0,0.09581150114536285,0
0,0.09581150114536285,0
0,0.09581150114536285,0
0,0.09581150114536285,0
0,0.09581150114536285,0
0,0.09581150114536285,0
0,0.09581150114536285,0
0,0.09581150114536285,0
0,0.09581150114536285,0
0,0.09581150114536285,0
0,0.09581150114536285,0
0,0.09581150114536285,0
0,0.09581150114536285,0
0,0.09581150114536285,0
0,0.09581150114536285,0
0,0.09581150114536285,0
0,0.09581150114536285,0
0,0.09581150114536285,0
0,0.09581150114536285,0
0,0.09581150114536285,0
0,0.09581150114536285,0
0,0.09581150114536285,0
0,0.09581150114536285,0
0,0.09581150114536285,0
0,0.09581150114536285,0
0,0.09581150114536285,0
0,0.09581150114536285,0
0,0.09581150114536285,0
0,0.09581150114536285,0
0,0.09581150114536285,0
0,0.09581150114536285,0
0,0.09581150114536285,0
0,0.09581150114536285,0
0,0.09581150114536285,0
0,0.09581150114536285,0
0,0.09581150114536285,0
0,0.09581150114536285,0
0,0.09581150114536285,0
0,0.09581150114536285,0
0,0.09581150114536285,0
0,0.09581150114536285,0
0,0.09581150114536285,0
0,0.09581150114536285,0
0,0.09581150114536285,0
0,0.09581150114536285,0
0,0.09581150114536285,0
0,0.09581150114536285,0
0,0.09581150114536285,0
0,0.09581150114536285,0
0,0.09581150114536285,0
0,0.09581150114536285,0
0,0.09581150114536285,0
0,0.09581150114536285,0
0,0.09581150114536285,0
0,0.09581150114536285,0
0,0.09581150114536285,0
0,0.09581150114536285,0
0,0.09581150114536285,0
0,0.09581150114536285,0
0,0.09581150114536285,0
0,0.09581150114536285,0
0,0.09581150114536285,0
0,0.09581150114536285,0
0,0.09581150114536285,0
0,0.09581150114536285,0
0,0.09581150114536285,0
0,0.09581150114536285,0
0,0.09581150114536285,0
0,0.09581150114536285,0
0,0.09581150114536285,0
0,0.09581150114536285,0
0,0.09581150114536285,0
0,0.09581150114536285,0
0,0.09581150114536285,0
0,0.09581150114536285,0
0,0.09581150114536285,0
0,0.09581150114536285,0
0,0.09581150114536285,0
0,0.09581150114536285,0
0,0.09581150114536285,0
0,0.09581150114536285,0
0,0.09581150114536285,0
0,0.09581150114536285,0
0,0.09581150114536285,0
0,0.09581150114536285,0
0,0.09581150114536285,0
0,0.09581150114536285,0
0,0.09581150114536285,0
0,0.09581150114536285,0
0,0.09581150114536285,0
0,0.09581150114536285,0
0,0.09581150114536285,0
0,0.09581150114536285,0
0,0.09581150114536285,0
0,0.09581150114536285,0
0,0.09581150114536285,0
0,0.09581150114536285,0
0,0.09581150114536285,0
0,0.09581150114536285,0
0,0.09581150114536285,0
0,0.09581150114536285,0
0,0.09581150114536285,0
0,0.09581150114536285,0
0,0.09581150114536285,0
0,0.09581150114536285,0
0,0.09581150114536285,0
0,0.09581150114536285,0
0,0.09581150114536285,0
0,0.09581150114536285,0
0,0.09581150114536285,0
0,0.09581150114536285,0
0,0.09581150114536285,0
0,0.09581150114536285,0
0,0.09581150114536285,0
0,0.09581150114536285,0
0,0.09581150114536285,0
0,0.09581150114536285,0
0,0.09581150114536285,0
0,0.09581150114536285,0
0,0.09581150114536285,0
0,0.09581150114536285,0
0,0.09581150114536285,0
0,0.09581150114536285,0
0,0.09581150114536285,0
0,0.09581150114536285,0
0,0.09581150114536285,0
0,0.09581150114536285,0
0,0.09581150114536285,0
0,0.09581150114536285,0
0,0.09581150114536285,0
0,0.09581150114536285,0
0,0.09581150114536285,0
0,0.09581150114536285,0
0,0.09581150114536285,0
0,0.09581150114536285,0
0,0.09581150114536285,0
0,0.09581150114536285,0
0,0.09581150114536285,0
0,0.09581150114536285,0
0,0.09581150114536285,0
0,0.09581150114536285,0
0,0.09581150114536285,0
0,0.09581150114536285,0
0,0.09581150114536285,0
0,0.09581150114536285,0
0,0.09581150114536285,0
0,0.09581150114536285,0
0,0.09581150114536285,0
0,0.09581150114536285,0
0,0.09581150114536285,0
0,0.09581150114536285,0
0,0.09581150114536285,0
0,0.09581150114536285,0
0,0.09581150114536285,0
0,0.09581150114536285,0
0,0.09581150114536285,0
0,0.09581150114536285,0
0,0.09581150114536285,0
0,0.09581150114536285,0
0,0.09581150114536285,0
0,0.09581150114536285,0
0,0.09581150114536285,0
0,0.09581150114536285,0
0,0.09581150114536285,0
0,0.09581150114536285,0
0,0.09581150114536285,0
0,0.09581150114536285,0
0,0.09581150114536285,0
0,0.09581150114536285,0
0,0.09581150114536285,0
0,0.09581150114536285,0
0,0.09581150114536285,0
0,0.09581150114536285,0
0,0.09581150114536285,0
0,0.09581150114536285,0
0,0.09581150114536285,0
0,0.09581150114536285,0
0,0.09581150114536285,0
0,0.09581150114536285,0
0,0.09581150114536285,0
0,0.09581150114536285,0
0,0.09581150114536285,0
0,0.09581150114536285,0
0,0.09581150114536285,0
0,0.09581150114536285,0
0,0.09581150114536285,0
0,0.09581150114536285,0
0,0.09581150114536285,0
0,0.09581150114536285,0
0,0.09581150114536285,0
0,0.09581150114536285,0
0,0.09581150114536285,0
0,0.09581150114536285,0
0,0.09581150114536285,0
0,0.09581150114536285,0
0,0.09581150114536285,0
0,0.09581150114536285,0
0,0.09581150114536285,0
0,0.09581150114536285,0
0,0.09581150114536285,0
0,0.09581150114536285,0
0,0.09581150114536285,0
0,0.09581150114536285,0
0,0.09581150114536285,0
0,0.09581150114536285,0
0,0.09581150114536285,0
0,0.09581150114536285,0
0,0.09581150114536285,0
0,0.09581150114536285,0
0,0.09581150114536285,0
0,0.09581150114536285,0
0,0.09581150114536285,0
0,0.09581150114536285,0
0,0.09581150114536285,0
0,0.09581150114536285,0
0,0.09581150114536285,0
0,0.09581150114536285,0
0,0.09581150114536285,0
0,0.09581150114536285,0
0,0.09581150114536285,0
0,0.09581150114536285,0
0,0.09581150114536285,0
0,0.09581150114536285,0
0,0.09581150114536285,0
0,0.09581150114536285,0
0,0.09581150114536285,0
0,0.09581150114536285,0
0,0.09581150114536285,0
0,0.09581150114536285,0
0,0.09581150114536285,0
0,0.09581150114536285,0
0,0.09581150114536285,0
0,0.09581150114536285,0
0,0.09581150114536285,0
0,0.09581150114536285,0
0,0.09581150114536285,0
0,0.09581150114536285,0
0,0.09581150114536285,0
0,0.09581150114536285,0
0,0.09581150114536285,0
0,0.09581150114536285,0
0,0.09581150114536285,0
0,0.09581150114536285,0
0,0.09581150114536285,0
0,0.09581150114536285,0
0,0.09581150114536285,0
0,0.09581150114536285,0
0,0.09581150114536285,0
0,0.09581150114536285,0
0,0.09581150114536285,0
0,0.09581150114536285,0
0,0.09581150114536285,0
0,0.09581150114536285,0
0,0.09581150114536285,0
0,0.09581150114536285,0
0,0.09581150114536285,0
0,0.09581150114536285,0
0,0.09581150114536285,0
0,0.09581150114536285,0
0,0.09581150114536285,0
0,0.09581150114536285,0
0,0.09581150114536285,0
0,0.09581150114536285,0
0,0.09581150114536285,0
0,0.09581150114536285,0
0,0.09581150114536285,0
0,0.09581150114536285,0
0,0.09581150114536285,0
0,0.09581150114536285,0
0,0.09581150114536285,0
0,0.09581150114536285,0
0,0.09581150114536285,0
0,0.09581150114536285,0
0,0.09581150114536285,0
0,0.09581150114536285,0
0,0.09581150114536285,0
0,0.09581150114536285,0
0,0.09581150114536285,0
0,0.09581150114536285,0
0,0.09581150114536285,0
0,0.09581150114536285,0
0,0.09581150114536285,0
0,0.09581150114536285,0
0,0.09581150114536285,0
0,0.09581150114536285,0
0,0.09581150114536285,0
0,0.09581150114536285,0
0,0.09581150114536285,0
0,0.09581150114536285,0
0,0.09581150114536285,0
0,0.09581150114536285,0
0,0.09581150114536285,0
0,0.09581150114536285,0
0,0.09581150114536285,0
0,0.09581150114536285,0
0,0.09581150114536285,0
0,0.09581150114536285,0
0,0.09581150114536285,0
0,0.09581150114536285,0
0,0.09581150114536285,0
0,0.09581150114536285,0
0,0.09581150114536285,0
0,0.09581150114536285,0
0,0.09581150114536285,0
0,0.09581150114536285,0
0,0.09581150114536285,0
0,0.09581150114536285,0
0,0.09581150114536285,0
0,0.09581150114536285,0
0,0.09581150114536285,0
0,0.09581150114536285,0
0,0.09581150114536285,0
0,0.09581150114536285,0
0,0.09581150114536285,0
0,0.09581150114536285,0
0,0.09581150114536285,0
0,0.09581150114536285,0
0,0.09581150114536285,0
0,0.09581150114536285,0
0,0.09581150114536285,0
0,0.09581150114536285,0
0,0.09581150114536285,0
0,0.09581150114536285,0
0,0.09581150114536285,0
0,0.09581150114536285,0
0,0.09581150114536285,0
0,0.09581150114536285,0
0,0.09581150114536285,0
0,0.09581150114536285,0
0,0.09581150114536285,0
0,0.09581150114536285,0
0,0.09581150114536285,0
0,0.09581150114536285,0
0,0.09581150114536285,0
0,0.09581150114536285,0
0,0.09581150114536285,0
0,0.09581150114536285,0
0,0.09581150114536285,0
0,0.09581150114536285,0
0,0.09581150114536285,0
0,0.09581150114536285,0
0,0.09581150114536285,0
0,0.09581150114536285,0
0,0.09581150114536285,0
0,0.09581150114536285,0
0,0.09581150114536285,0
0,0.09581150114536285,0
0,0.09581150114536285,0
0,0.09581150114536285,0
0,0.09581150114536285,0
0,0.09581150114536285,0
0,0.09581150114536285,0
0,0.09581150114536285,0
0,0.09581150114536285,0
0,0.09581150114536285,0
0,0.09581150114536285,0
0,0.09581150114536285,0
0,0.09581150114536285,0
0,0.09581150114536285,0
0,0.09581150114536285,0
0,0.09581150114536285,0
0,0.09581150114536285,0
0,0.09581150114536285,0
0,0.09581150114536285,0
0,0.09581150114536285,0
0,0.09581150114536285,0
0,0.09581150114536285,0
0,0.09581150114536285,0
0,0.09581150114536285,0
0,0.09581150114536285,0
0,0.09581150114536285,0
0,0.09581150114536285,0
0,0.09581150114536285,0
0,0.09581150114536285,0
0,0.09581150114536285,0
0,0.09581150114536285,0
0,0.09581150114536285,0
0,0.09581150114536285,0
0,0.09581150114536285,0
0,0.09581150114536285,0
0,0.09581150114536285,0
0,0.09581150114536285,0
0,0.09581150114536285,0
0,0.09581150114536285,0
0,0.09581150114536285,0
0,0.09581150114536285,0
0,0.09581150114536285,0
0,0.09581150114536285,0
0,0.09581150114536285,0
0,0.09581150114536285,0
0,0.09581150114536285,0
0,0.09581150114536285,0
0,0.09581150114536285,0
0,0.09581150114536285,0
0,0.09581150114536285,0
0,0.09581150114536285,0
0,0.09581150114536285,0
0,0.09581150114536285,0
0,0.09581150114536285,0
0,0.09581150114536285,0
0,0.09581150114536285,0
0,0.09581150114536285,0
0,0.09581150114536285,0
0,0.09581150114536285,0
0,0.09581150114536285,0
0,0.09581150114536285,0
0,0.09581150114536285,0
0,0.09581150114536285,0
0,0.09581150114536285,0
0,0.09581150114536285,0
0,0.09581150114536285,0
0,0.09581150114536285,0
0,0.09581150114536285,0
0,0.09581150114536285,0
0,0.09581150114536285,0
0,0.09581150114536285,0
0,0.09581150114536285,0
0,0.09581150114536285,0
0,0.09581150114536285,0
0,0.09581150114536285,0
0,0.09581150114536285,0
0,0.09581150114536285,0
0,0.09581150114536285,0
0,0.09581150114536285,0
0,0.09581150114536285,0
0,0.09581150114536285,0
0,0.09581150114536285,0
0,0.09581150114536285,0
0,0.09581150114536285,0
0,0.09581150114536285,0
0,0.09581150114536285,0
0,0.09581150114536285,0
0,0.09581150114536285,0
0,0.09581150114536285,0
0,0.09581150114536285,0
0,0.09581150114536285,0
0,0.09581150114536285,0
0,0.09581150114536285,0
0,0.09581150114536285,0
0,0.09581150114536285,0
0,0.09581150114536285,0
0,0.09581150114536285,0
0,0.09581150114536285,0
0,0.09581150114536285,0
0,0.09581150114536285,0
0,0.09581150114536285,0
0,0.09581150114536285,0
0,0.09581150114536285,0
0,0.09581150114536285,0
0,0.09581150114536285,0
0,0.09581150114536285,0
0,0.09581150114536285,0
0,0.09581150114536285,0
0,0.09581150114536285,0
0,0.09581150114536285,0
0,0.09581150114536285,0
0,0.09581150114536285,0
0,0.09581150114536285,0
0,0.09581150114536285,0
0,0.09581150114536285,0
0,0.09581150114536285,0
0,0.09581150114536285,0
0,0.09581150114536285,0
0,0.09581150114536285,0
0,0.09581150114536285,0
0,0.09581150114536285,0
0,0.09581150114536285,0
0,0.09581150114536285,0
0,0.09581150114536285,0
0,0.09581150114536285,0
0,0.09581150114536285,0
0,0.09581150114536285,0
0,0.09581150114536285,0
0,0.09581150114536285,0
0,0.09581150114536285,0
0,0.09581150114536285,0
0,0.09581150114536285,0
0,0.09581150114536285,0
0,0.09581150114536285,0
0,0.09581150114536285,0
0,0.09581150114536285,0
0,0.09581150114536285,0
0,0.09581150114536285,0
0,0.09581150114536285,0
0,0.09581150114536285,0
0,0.09581150114536285,0
0,0.09581150114536285,0
0,0.09581150114536285,0
0,0.09581150114536285,0
0,0.09581150114536285,0
0,0.09581150114536285,0
0,0.09581150114536285,0
0,0.09581150114536285,0
0,0.09581150114536285,0
0,0.09581150114536285,0
0,0.09581150114536285,0
0,0.09581150114536285,0
0,0.09581150114536285,0
0,0.09581150114536285,0
0,0.09581150114536285,0
0,0.09581150114536285,0
0,0.09581150114536285,0
0,0.09581150114536285,0
0,0.09581150114536285,0
0,0.09581150114536285,0
0,0.09581150114536285,0
0,0.09581150114536285,0
0,0.09581150114536285,0
0,0.09581150114536285,0
0,0.09581150114536285,0
0,0.09581150114536285,0
0,0.09581150114536285,0
0,0.09581150114536285,0
0,0.09581150114536285,0
0,0.09581150114536285,0
0,0.09581150114536285,0
0,0.09581150114536285,0
0,0.09581150114536285,0
0,0.09581150114536285,0
0,0.09581150114536285,0
0,0.09581150114536285,0
0,0.09581150114536285,0
0,0.09581150114536285,0
0,0.09581150114536285,0
0,0.09581150114536285,0
0,0.09581150114536285,0
0,0.09581150114536285,0
0,0.09581150114536285,0
0,0.09581150114536285,0
0,0.09581150114536285,0
0,0.09581150114536285,0
0,0.09581150114536285,0
0,0.09581150114536285,0
0,0.09581150114536285,0
0,0.09581150114536285,0
0,0.09581150114536285,0
0,0.09581150114536285,0
0,0.09581150114536285,0
0,0.09581150114536285,0
0,0.09581150114536285,0
0,0.09581150114536285,0
0,0.09581150114536285,0
0,0.09581150114536285,0
0,0.09581150114536285,0
0,0.09581150114536285,0
0,0.09581150114536285,0
0,0.09581150114536285,0
0,0.09581150114536285,0
0,0.09581150114536285,0
0,0.09581150114536285,0
0,0.09581150114536285,0
0,0.09581150114536285,0
0,0.09581150114536285,0
0,0.09581150114536285,0
0,0.09581150114536285,0
0,0.09581150114536285,0
0,0.09581150114536285,0
0,0.09581150114536285,0
0,0.09581150114536285,0
0,0.09581150114536285,0
0,0.09581150114536285,0
0,0.09581150114536285,0
0,0.09581150114536285,0
0,0.09581150114536285,0
0,0.09581150114536285,0
0,0.09581150114536285,0
0,0.09581150114536285,0
0,0.09581150114536285,0
0,0.09581150114536285,0
0,0.09581150114536285,0
0,0.09581150114536285,0
0,0.09581150114536285,0
0,0.09581150114536285,0
0,0.09581150114536285,0
0,0.09581150114536285,0
0,0.09581150114536285,0
0,0.09581150114536285,0
0,0.09581150114536285,0
0,0.09581150114536285,0
0,0.09581150114536285,0
0,0.09581150114536285,0
0,0.09581150114536285,0
0,0.09581150114536285,0
0,0.09581150114536285,0
0,0.09581150114536285,0
0,0.09581150114536285,0
0,0.09581150114536285,0
0,0.09581150114536285,0
0,0.09581150114536285,0
0,0.09581150114536285,0
0,0.09581150114536285,0
0,0.09581150114536285,0
0,0.09581150114536285,0
0,0.09581150114536285,0
0,0.09581150114536285,0
0,0.09581150114536285,0
0,0.09581150114536285,0
0,0.09581150114536285,0
0,0.09581150114536285,0
0,0.09581150114536285,0
0,0.09581150114536285,0
0,0.09581150114536285,0
0,0.09581150114536285,0
0,0.09581150114536285,0
0,0.09581150114536285,0
0,0.09581150114536285,0
0,0.09581150114536285,0
0,0.09581150114536285,0
0,0.09581150114536285,0
0,0.09581150114536285,0
0,0.09581150114536285,0
0,0.09581150114536285,0
0,0.09581150114536285,0
0,0.09581150114536285,0
0,0.09581150114536285,0
0,0.09581150114536285,0
0,0.09581150114536285,0
0,0.09581150114536285,0
0,0.09581150114536285,0
0,0.09581150114536285,0
0,0.09581150114536285,0
0,0.09581150114536285,0
0,0.09581150114536285,0
0,0.09581150114536285,0
0,0.09581150114536285,0
0,0.09581150114536285,0
0,0.09581150114536285,0
0,0.09581150114536285,0
0,0.09581150114536285,0
0,0.09581150114536285,0
0,0.09581150114536285,0
0,0.09581150114536285,0
0,0.09581150114536285,0
0,0.09581150114536285,0
0,0.09581150114536285,0
0,0.09581150114536285,0
0,0.09581150114536285,0
0,0.09581150114536285,0
0,0.09581150114536285,0
0,0.09581150114536285,0
0,0.09581150114536285,0
0,0.09581150114536285,0
0,0.09581150114536285,0
0,0.09581150114536285,0
0,0.09581150114536285,0
0,0.09581150114536285,0
0,0.09581150114536285,0
0,0.09581150114536285,0
0,0.09581150114536285,0
0,0.09581150114536285,0
0,0.09581150114536285,0
0,0.09581150114536285,0
0,0.09581150114536285,0
0,0.09581150114536285,0
0,0.09581150114536285,0
0,0.09581150114536285,0
0,0.09581150114536285,0
0,0.09581150114536285,0
0,0.09581150114536285,0
0,0.09581150114536285,0
0,0.09581150114536285,0
0,0.09581150114536285,0
0,0.09581150114536285,0
0,0.09581150114536285,0
0,0.09581150114536285,0
0,0.09581150114536285,0
0,0.09581150114536285,0
0,0.09581150114536285,0
0,0.09581150114536285,0
0,0.09581150114536285,0
0,0.09581150114536285,0
0,0.09581150114536285,0
0,0.09581150114536285,0
0,0.09581150114536285,0
0,0.09581150114536285,0
0,0.09581150114536285,0
0,0.09581150114536285,0
0,0.09581150114536285,0
0,0.09581150114536285,0
0,0.09581150114536285,0
0,0.09581150114536285,0
0,0.09581150114536285,0
0,0.09581150114536285,0
0,0.09581150114536285,0
0,0.09581150114536285,0
0,0.09581150114536285,0
0,0.09581150114536285,0
0,0.09581150114536285,0
0,0.09581150114536285,0
0,0.09581150114536285,0
0,0.09581150114536285,0
0,0.09581150114536285,0
0,0.09581150114536285,0
0,0.09581150114536285,0
0,0.09581150114536285,0
0,0.09581150114536285,0
0,0.09581150114536285,0
0,0.09581150114536285,0
0,0.09581150114536285,0
0,0.09581150114536285,0
0,0.09581150114536285,0
0,0.09581150114536285,0
0,0.09581150114536285,0
0,0.09581150114536285,0
0,0.09581150114536285,0
0,0.09581150114536285,0
0,0.09581150114536285,0
0,0.09581150114536285,0
0,0.09581150114536285,0
0,0.09581150114536285,0
0,0.09581150114536285,0
0,0.09581150114536285,0
0,0.09581150114536285,0
0,0.09581150114536285,0
0,0.09581150114536285,0
0,0.09581150114536285,0
0,0.09581150114536285,0
0,0.09581150114536285,0
0,0.09581150114536285,0
0,0.09581150114536285,0
0,0.09581150114536285,0
0,0.09581150114536285,0
0,0.09581150114536285,0
0,0.09581150114536285,0
0,0.09581150114536285,0
0,0.09581150114536285,0
0,0.09581150114536285,0
0,0.09581150114536285,0
0,0.09581150114536285,0
0,0.09581150114536285,0
0,0.09581150114536285,0
0,0.09581150114536285,0
0,0.09581150114536285,0
0,0.09581150114536285,0
0,0.09581150114536285,0
0,0.09581150114536285,0
0,0.09581150114536285,0
0,0.09581150114536285,0
0,0.09581150114536285,0
0,0.09581150114536285,0
0,0.09581150114536285,0
0,0.09581150114536285,0
0,0.09581150114536285,0
0,0.09581150114536285,0
0,0.09581150114536285,0
0,0.09581150114536285,0
0,0.09581150114536285,0
0,0.09581150114536285,0
0,0.09581150114536285,0
0,0.09581150114536285,0
0,0.09581150114536285,0
0,0.09581150114536285,0
0,0.09581150114536285,0
0,0.09581150114536285,0
0,0.09581150114536285,0
0,0.09581150114536285,0
0,0.09581150114536285,0
0,0.09581150114536285,0
0,0.09581150114536285,0
0,0.09581150114536285,0
0,0.09581150114536285,0
0,0.09581150114536285,0
0,0.09581150114536285,0
0,0.09581150114536285,0
0,0.09581150114536285,0
0,0.09581150114536285,0
0,0.09581150114536285,0
0,0.09581150114536285,0
0,0.09581150114536285,0
0,0.09581150114536285,0
0,0.09581150114536285,0
0,0.09581150114536285,0
0,0.09581150114536285,0
0,0.09581150114536285,0
0,0.09581150114536285,0
0,0.09581150114536285,0
0,0.09581150114536285,0
0,0.09581150114536285,0
0,0.09581150114536285,0
0,0.09581150114536285,0
0,0.09581150114536285,0
0,0.09581150114536285,0
0,0.09581150114536285,0
0,0.09581150114536285,0
0,0.09581150114536285,0
0,0.09581150114536285,0
0,0.09581150114536285,0
0,0.09581150114536285,0
0,0.09581150114536285,0
0,0.09581150114536285,0
0,0.09581150114536285,0
0,0.09581150114536285,0
0,0.09581150114536285,0
0,0.09581150114536285,0
0,0.09581150114536285,0
0,0.09581150114536285,0
0,0.09581150114536285,0
0,0.09581150114536285,0
0,0.09581150114536285,0
0,0.09581150114536285,0
0,0.09581150114536285,0
0,0.09581150114536285,0
0,0.09581150114536285,0
0,0.09581150114536285,0
0,0.09581150114536285,0
0,0.09581150114536285,0
0,0.09581150114536285,0
0,0.09581150114536285,0
0,0.09581150114536285,0
0,0.09581150114536285,0
0,0.09581150114536285,0
0,0.09581150114536285,0
0,0.09581150114536285,0
0,0.09581150114536285,0
0,0.09581150114536285,0
0,0.09581150114536285,0
0,0.09581150114536285,0
0,0.09581150114536285,0
0,0.09581150114536285,0
0,0.09581150114536285,0
0,0.09581150114536285,0
0,0.09581150114536285,0
0,0.09581150114536285,0
0,0.09581150114536285,0
0,0.09581150114536285,0
0,0.09581150114536285,0
0,0.09581150114536285,0
0,0.09581150114536285,0
0,0.09581150114536285,0
0,0.09581150114536285,0
0,0.09581150114536285,0
0,0.09581150114536285,0
0,0.09581150114536285,0
0,0.09581150114536285,0
0,0.09581150114536285,0
0,0.09581150114536285,0
0,0.09581150114536285,0
0,0.09581150114536285,0
0,0.09581150114536285,0
0,0.09581150114536285,0
0,0.09581150114536285,0
0,0.09581150114536285,0
0,0.09581150114536285,0
0,0.09581150114536285,0
0,0.09581150114536285,0
0,0.09581150114536285,0
0,0.09581150114536285,0
0,0.09581150114536285,0
0,0.09581150114536285,0
0,0.09581150114536285,0
0,0.09581150114536285,0
0,0.09581150114536285,0
0,0.09581150114536285,0
0,0.09581150114536285,0
0,0.09581150114536285,0
0,0.09581150114536285,0
0,0.09581150114536285,0
0,0.09581150114536285,0
0,0.09581150114536285,0
0,0.09581150114536285,0
0,0.09581150114536285,0
0,0.09581150114536285,0
0,0.09581150114536285,0
0,0.09581150114536285,0
0,0.09581150114536285,0
0,0.09581150114536285,0
0,0.09581150114536285,0
0,0.09581150114536285,0
0,0.09581150114536285,0
0,0.09581150114536285,0
0,0.09581150114536285,0
0,0.09581150114536285,0
0,0.09581150114536285,0
0,0.09581150114536285,0
0,0.09581150114536285,0
0,0.09581150114536285,0
0,0.09581150114536285,0
0,0.09581150114536285,0
0,0.09581150114536285,0
0,0.09581150114536285,0
0,0.09581150114536285,0
0,0.09581150114536285,0
0,0.09581150114536285,0
0,0.09581150114536285,0
0,0.09581150114536285,0
0,0.09581150114536285,0
0,0.09581150114536285,0
0,0.09581150114536285,0
0,0.09581150114536285,0
0,0.09581150114536285,0
0,0.09581150114536285,0
0,0.09581150114536285,0
0,0.09581150114536285,0
0,0.09581150114536285,0
0,0.09581150114536285,0
0,0.09581150114536285,0
0,0.09581150114536285,0
0,0.09581150114536285,0
0,0.09581150114536285,0
0,0.09581150114536285,0
0,0.09581150114536285,0
0,0.09581150114536285,0
0,0.09581150114536285,0
0,0.09581150114536285,0
0,0.09581150114536285,0
0,0.09581150114536285,0
0,0.09581150114536285,0
0,0.09581150114536285,0
0,0.09581150114536285,0
0,0.09581150114536285,0
0,0.09581150114536285,0
0,0.09581150114536285,0
0,0.09581150114536285,0
0,0.09581150114536285,0
0,0.09581150114536285,0
0,0.09581150114536285,0
0,0.09581150114536285,0
0,0.09581150114536285,0
0,0.09581150114536285,0
0,0.09581150114536285,0
0,0.09581150114536285,0
0,0.09581150114536285,0
0,0.09581150114536285,0
0,0.09581150114536285,0
0,0.09581150114536285,0
0,0.09581150114536285,0
0,0.09581150114536285,0
0,0.09581150114536285,0
0,0.09581150114536285,0
0,0.09581150114536285,0
0,0.09581150114536285,0
0,0.09581150114536285,0
0,0.09581150114536285,0
0,0.09581150114536285,0
0,0.09581150114536285,0
0,0.09581150114536285,0
0,0.09581150114536285,0
0,0.09581150114536285,0
0,0.09581150114536285,0
0,0.09581150114536285,0
0,0.09581150114536285,0
0,0.09581150114536285,0
0,0.09581150114536285,0
0,0.09581150114536285,0
0,0.09581150114536285,0
0,0.09581150114536285,0
0,0.09581150114536285,0
0,0.09581150114536285,0
0,0.09581150114536285,0
0,0.09581150114536285,0
0,0.09581150114536285,0
0,0.09581150114536285,0
0,0.09581150114536285,0
0,0.09581150114536285,0
0,0.09581150114536285,0
0,0.09581150114536285,0
0,0.09581150114536285,0
0,0.09581150114536285,0
0,0.09581150114536285,0
0,0.09581150114536285,0
0,0.09581150114536285,0
0,0.09581150114536285,0
0,0.09581150114536285,0
0,0.09581150114536285,0
0,0.09581150114536285,0
0,0.09581150114536285,0
0,0.09581150114536285,0
0,0.09581150114536285,0
0,0.09581150114536285,0
0,0.09581150114536285,0
0,0.09581150114536285,0
0,0.09581150114536285,0
0,0.09581150114536285,0
0,0.09581150114536285,0
0,0.09581150114536285,0
0,0.09581150114536285,0
0,0.09581150114536285,0
0,0.09581150114536285,0
0,0.09581150114536285,0
0,0.09581150114536285,0
0,0.09581150114536285,0
0,0.09581150114536285,0
0,0.09581150114536285,0
0,0.09581150114536285,0
0,0.09581150114536285,0
0,0.09581150114536285,0
0,0.09581150114536285,0
0,0.09581150114536285,0
0,0.09581150114536285,0
0,0.09581150114536285,0
0,0.09581150114536285,0
0,0.09581150114536285,0
0,0.09581150114536285,0
0,0.09581150114536285,0
0,0.09581150114536285,0
0,0.09581150114536285,0
0,0.09581150114536285,0
0,0.09581150114536285,0
0,0.09581150114536285,0
0,0.09581150114536285,0
0,0.09581150114536285,0
0,0.09581150114536285,0
0,0.09581150114536285,0
0,0.09581150114536285,0
0,0.09581150114536285,0
0,0.09581150114536285,0
0,0.09581150114536285,0
0,0.09581150114536285,0
0,0.09581150114536285,0
0,0.09581150114536285,0
0,0.09581150114536285,0
0,0.09581150114536285,0
0,0.09581150114536285,0
0,0.09581150114536285,0
0,0.09581150114536285,0
0,0.09581150114536285,0
0,0.09581150114536285,0
0,0.09581150114536285,0
0,0.09581150114536285,0
0,0.09581150114536285,0
0,0.09581150114536285,0
0,0.09581150114536285,0
0,0.09581150114536285,0
0,0.09581150114536285,0
0,0.09581150114536285,0
0,0.09581150114536285,0
0,0.09581150114536285,0
0,0.09581150114536285,0
0,0.09581150114536285,0
0,0.09581150114536285,0
0,0.09581150114536285,0
0,0.09581150114536285,0
0,0.09581150114536285,0
0,0.09581150114536285,0
0,0.09581150114536285,0
0,0.09581150114536285,0
0,0.09581150114536285,0
0,0.09581150114536285,0
0,0.09581150114536285,0
0,0.09581150114536285,0
0,0.09581150114536285,0
0,0.09581150114536285,0
0,0.09581150114536285,0
0,0.09581150114536285,0
0,0.09581150114536285,0
0,0.09581150114536285,0
0,0.09581150114536285,0
0,0.09581150114536285,0
0,0.09581150114536285,0
0,0.09581150114536285,0
0,0.09581150114536285,0
0,0.09581150114536285,0
0,0.09581150114536285,0
0,0.09581150114536285,0
0,0.09581150114536285,0
0,0.09581150114536285,0
0,0.09581150114536285,0
0,0.09581150114536285,0
0,0.09581150114536285,0
0,0.09581150114536285,0
0,0.09581150114536285,0
0,0.09581150114536285,0
0,0.09581150114536285,0
0,0.09581150114536285,0
0,0.09581150114536285,0
0,0.09581150114536285,0
0,0.09581150114536285,0
0,0.09581150114536285,0
0,0.09581150114536285,0
0,0.09581150114536285,0
0,0.09581150114536285,0
0,0.09581150114536285,0
0,0.09581150114536285,0
0,0.09581150114536285,0
0,0.09581150114536285,0
0,0.09581150114536285,0
0,0.09581150114536285,0
0,0.09581150114536285,0
0,0.09581150114536285,0
0,0.09581150114536285,0
0,0.09581150114536285,0
0,0.09581150114536285,0
0,0.09581150114536285,0
0,0.09581150114536285,0
0,0.09581150114536285,0
0,0.09581150114536285,0
0,0.09581150114536285,0
0,0.09581150114536285,0
0,0.09581150114536285,0
0,0.09581150114536285,0
0,0.09581150114536285,0
0,0.09581150114536285,0
0,0.09581150114536285,0
0,0.09581150114536285,0
0,0.09581150114536285,0
0,0.09581150114536285,0
0,0.09581150114536285,0
0,0.09581150114536285,0
0,0.09581150114536285,0
0,0.09581150114536285,0
0,0.09581150114536285,0
0,0.09581150114536285,0
0,0.09581150114536285,0
0,0.09581150114536285,0
0,0.09581150114536285,0
0,0.09581150114536285,0
0,0.09581150114536285,0
0,0.09581150114536285,0
0,0.09581150114536285,0
0,0.09581150114536285,0
0,0.09581150114536285,0
0,0.09581150114536285,0
0,0.09581150114536285,0
0,0.09581150114536285,0
0,0.09581150114536285,0
0,0.09581150114536285,0
0,0.09581150114536285,0
0,0.09581150114536285,0
0,0.09581150114536285,0
0,0.09581150114536285,0
0,0.09581150114536285,0
0,0.09581150114536285,0
0,0.09581150114536285,0
0,0.09581150114536285,0
0,0.09581150114536285,0
0,0.09581150114536285,0
0,0.09581150114536285,0
0,0.09581150114536285,0
0,0.09581150114536285,0
0,0.09581150114536285,0
0,0.09581150114536285,0
0,0.09581150114536285,0
0,0.09581150114536285,0
0,0.09581150114536285,0
0,0.09581150114536285,0
0,0.09581150114536285,0
0,0.09581150114536285,0
0,0.09581150114536285,0
0,0.09581150114536285,0
0,0.09581150114536285,0
0,0.09581150114536285,0
0,0.09581150114536285,0
0,0.09581150114536285,0
0,0.09581150114536285,0
0,0.09581150114536285,0
0,0.09581150114536285,0
0,0.09581150114536285,0
0,0.09581150114536285,0
0,0.09581150114536285,0
0,0.09581150114536285,0
0,0.09581150114536285,0
0,0.09581150114536285,0
0,0.09581150114536285,0
0,0.09581150114536285,0
0,0.09581150114536285,0
0,0.09581150114536285,0
0,0.09581150114536285,0
0,0.09581150114536285,0
0,0.09581150114536285,0
0,0.09581150114536285,0
0,0.09581150114536285,0
0,0.09581150114536285,0
0,0.09581150114536285,0
0,0.09581150114536285,0
0,0.09581150114536285,0
0,0.09581150114536285,0
0,0.09581150114536285,0
0,0.09581150114536285,0
0,0.09581150114536285,0
0,0.09581150114536285,0
0,0.09581150114536285,0
0,0.09581150114536285,0
0,0.09581150114536285,0
0,0.09581150114536285,0
0,0.09581150114536285,0
0,0.09581150114536285,0
0,0.09581150114536285,0
0,0.09581150114536285,0
0,0.09581150114536285,0
0,0.09581150114536285,0
0,0.09581150114536285,0
0,0.09581150114536285,0
0,0.09581150114536285,0
0,0.09581150114536285,0
0,0.09581150114536285,0
0,0.09581150114536285,0
0,0.09581150114536285,0
0,0.09581150114536285,0
0,0.09581150114536285,0
0,0.09581150114536285,0
0,0.09581150114536285,0
0,0.09581150114536285,0
0,0.09581150114536285,0
0,0.09581150114536285,0
0,0.09581150114536285,0
0,0.09581150114536285,0
0,0.09581150114536285,0
0,0.09581150114536285,0
0,0.09581150114536285,0
0,0.09581150114536285,0
0,0.09581150114536285,0
0,0.09581150114536285,0
0,0.09581150114536285,0
0,0.09581150114536285,0
0,0.09581150114536285,0
0,0.09581150114536285,0
0,0.09581150114536285,0
0,0.09581150114536285,0
0,0.09581150114536285,0
0,0.09581150114536285,0
0,0.09581150114536285,0
0,0.09581150114536285,0
0,0.09581150114536285,0
0,0.09581150114536285,0
0,0.09581150114536285,0
0,0.09581150114536285,0
0,0.09581150114536285,0
0,0.09581150114536285,0
0,0.09581150114536285,0
0,0.09581150114536285,0
0,0.09581150114536285,0
0,0.09581150114536285,0
0,0.09581150114536285,0
0,0.09581150114536285,0
0,0.09581150114536285,0
0,0.09581150114536285,0
0,0.09581150114536285,0
0,0.09581150114536285,0
0,0.09581150114536285,0
0,0.09581150114536285,0
0,0.09581150114536285,0
0,0.09581150114536285,0
0,0.09581150114536285,0
0,0.09581150114536285,0
0,0.09581150114536285,0
0,0.09581150114536285,0
0,0.09581150114536285,0
0,0.09581150114536285,0
0,0.09581150114536285,0
0,0.09581150114536285,0
0,0.09581150114536285,0
0,0.09581150114536285,0
0,0.09581150114536285,0
0,0.09581150114536285,0
0,0.09581150114536285,0
0,0.09581150114536285,0
0,0.09581150114536285,0
0,0.09581150114536285,0
0,0.09581150114536285,0
0,0.09581150114536285,0
0,0.09581150114536285,0
0,0.09581150114536285,0
0,0.09581150114536285,0
0,0.09581150114536285,0
0,0.09581150114536285,0
0,0.09581150114536285,0
0,0.09581150114536285,0
0,0.09581150114536285,0
0,0.09581150114536285,0
0,0.09581150114536285,0
0,0.09581150114536285,0
0,0.09581150114536285,0
0,0.09581150114536285,0
0,0.09581150114536285,0
0,0.09581150114536285,0
0,0.09581150114536285,0
0,0.09581150114536285,0
0,0.09581150114536285,0
0,0.09581150114536285,0
0,0.09581150114536285,0
0,0.09581150114536285,0
0,0.09581150114536285,0
0,0.09581150114536285,0
0,0.09581150114536285,0
0,0.09581150114536285,0
0,0.09581150114536285,0
0,0.09581150114536285,0
0,0.09581150114536285,0
0,0.09581150114536285,0
0,0.09581150114536285,0
0,0.09581150114536285,0
0,0.09581150114536285,0
0,0.09581150114536285,0
0,0.09581150114536285,0
0,0.09581150114536285,0
0,0.09581150114536285,0
0,0.09581150114536285,0
0,0.09581150114536285,0
0,0.09581150114536285,0
0,0.09581150114536285,0
0,0.09581150114536285,0
0,0.09581150114536285,0
0,0.09581150114536285,0
0,0.09581150114536285,0
0,0.09581150114536285,0
0,0.09581150114536285,0
0,0.09581150114536285,0
0,0.09581150114536285,0
0,0.09581150114536285,0
0,0.09581150114536285,0
0,0.09581150114536285,0
0,0.09581150114536285,0
0,0.09581150114536285,0
0,0.09581150114536285,0
0,0.09581150114536285,0
0,0.09581150114536285,0
0,0.09581150114536285,0
0,0.09581150114536285,0
0,0.09581150114536285,0
0,0.09581150114536285,0
0,0.09581150114536285,0
0,0.09581150114536285,0
0,0.09581150114536285,0
0,0.09581150114536285,0
0,0.09581150114536285,0
0,0.09581150114536285,0
0,0.09581150114536285,0
0,0.09581150114536285,0
0,0.09581150114536285,0
0,0.09581150114536285,0
0,0.09581150114536285,0
0,0.09581150114536285,0
0,0.09581150114536285,0
0,0.09581150114536285,0
0,0.09581150114536285,0
0,0.09581150114536285,0
0,0.09581150114536285,0
0,0.09581150114536285,0
0,0.09581150114536285,0
0,0.09581150114536285,0
0,0.09581150114536285,0
0,0.09581150114536285,0
0,0.09581150114536285,0
0,0.09581150114536285,0
0,0.09581150114536285,0
0,0.09581150114536285,0
0,0.09581150114536285,0
0,0.09581150114536285,0
0,0.09581150114536285,0
0,0.09581150114536285,0
0,0.09581150114536285,0
0,0.09581150114536285,0
0,0.09581150114536285,0
0,0.09581150114536285,0
0,0.09581150114536285,0
0,0.09581150114536285,0
0,0.09581150114536285,0
0,0.09581150114536285,0
0,0.09581150114536285,0
0,0.09581150114536285,0
0,0.09581150114536285,0
0,0.09581150114536285,0
0,0.09581150114536285,0
0,0.09581150114536285,0
0,0.09581150114536285,0
0,0.09581150114536285,0
0,0.09581150114536285,0
0,0.09581150114536285,0
0,0.09581150114536285,0
0,0.09581150114536285,0
0,0.09581150114536285,0
0,0.09581150114536285,0
0,0.09581150114536285,0
0,0.09581150114536285,0
0,0.09581150114536285,0
0,0.09581150114536285,0
0,0.09581150114536285,0
0,0.09581150114536285,0
0,0.09581150114536285,0
0,0.09581150114536285,0
0,0.09581150114536285,0
0,0.09581150114536285,0
0,0.09581150114536285,0
0,0.09581150114536285,0
0,0.09581150114536285,0
0,0.09581150114536285,0
0,0.09581150114536285,0
0,0.09581150114536285,0
0,0.09581150114536285,0
0,0.09581150114536285,0
0,0.09581150114536285,0
0,0.09581150114536285,0
0,0.09581150114536285,0
0,0.09581150114536285,0
0,0.09581150114536285,0
0,0.09581150114536285,0
0,0.09581150114536285,0
0,0.09581150114536285,0
0,0.09581150114536285,0
0,0.09581150114536285,0
0,0.09581150114536285,0
0,0.09581150114536285,0
0,0.09581150114536285,0
0,0.09581150114536285,0
0,0.09581150114536285,0
0,0.09581150114536285,0
0,0.09581150114536285,0
0,0.09581150114536285,0
0,0.09581150114536285,0
0,0.09581150114536285,0
0,0.09581150114536285,0
0,0.09581150114536285,0
0,0.09581150114536285,0
0,0.09581150114536285,0
0,0.09581150114536285,0
0,0.09581150114536285,0
0,0.09581150114536285,0
0,0.09581150114536285,0
0,0.09581150114536285,0
0,0.09581150114536285,0
0,0.09581150114536285,0
0,0.09581150114536285,0
0,0.09581150114536285,0
0,0.09581150114536285,0
0,0.09581150114536285,0
0,0.09581150114536285,0
0,0.09581150114536285,0
0,0.09581150114536285,0
0,0.09581150114536285,0
0,0.09581150114536285,0
0,0.09581150114536285,0
0,0.09581150114536285,0
0,0.09581150114536285,0
0,0.09581150114536285,0
0,0.09581150114536285,0
0,0.09581150114536285,0
0,0.09581150114536285,0
0,0.09581150114536285,0
0,0.09581150114536285,0
0,0.09581150114536285,0
0,0.09581150114536285,0
0,0.09581150114536285,0
0,0.09581150114536285,0
0,0.09581150114536285,0
0,0.09581150114536285,0
0,0.09581150114536285,0
0,0.09581150114536285,0
0,0.09581150114536285,0
0,0.09581150114536285,0
0,0.09581150114536285,0
0,0.09581150114536285,0
0,0.09581150114536285,0
0,0.09581150114536285,0
0,0.09581150114536285,0
0,0.09581150114536285,0
0,0.09581150114536285,0
0,0.09581150114536285,0
0,0.09581150114536285,0
0,0.09581150114536285,0
0,0.09581150114536285,0
0,0.09581150114536285,0
0,0.09581150114536285,0
0,0.09581150114536285,0
0,0.09581150114536285,0
0,0.09581150114536285,0
0,0.09581150114536285,0
0,0.09581150114536285,0
0,0.09581150114536285,0
0,0.09581150114536285,0
0,0.09581150114536285,0
0,0.09581150114536285,0
0,0.09581150114536285,0
0,0.09581150114536285,0
0,0.09581150114536285,0
0,0.09581150114536285,0
0,0.09581150114536285,0
0,0.09581150114536285,0
0,0.09581150114536285,0
0,0.09581150114536285,0
0,0.09581150114536285,0
0,0.09581150114536285,0
0,0.09581150114536285,0
0,0.09581150114536285,0
0,0.09581150114536285,0
0,0.09581150114536285,0
0,0.09581150114536285,0
0,0.09581150114536285,0
0,0.09581150114536285,0
0,0.09581150114536285,0
0,0.09581150114536285,0
0,0.09581150114536285,0
0,0.09581150114536285,0
0,0.09581150114536285,0
0,0.09581150114536285,0
0,0.09581150114536285,0
0,0.09581150114536285,0
0,0.09581150114536285,0
0,0.09581150114536285,0
0,0.09581150114536285,0
0,0.09581150114536285,0
0,0.09581150114536285,0
0,0.09581150114536285,0
0,0.09581150114536285,0
0,0.09581150114536285,0
0,0.09581150114536285,0
0,0.09581150114536285,0
0,0.09581150114536285,0
0,0.09581150114536285,0
0,0.09581150114536285,0
0,0.09581150114536285,0
0,0.09581150114536285,0
0,0.09581150114536285,0
0,0.09581150114536285,0
0,0.09581150114536285,0
0,0.09581150114536285,0
0,0.09581150114536285,0
0,0.09581150114536285,0
0,0.09581150114536285,0
0,0.09581150114536285,0
0,0.09581150114536285,0
0,0.09581150114536285,0
0,0.09581150114536285,0
0,0.09581150114536285,0
0,0.09581150114536285,0
0,0.09581150114536285,0
0,0.09581150114536285,0
0,0.09581150114536285,0
0,0.09581150114536285,0
0,0.09581150114536285,0
0,0.09581150114536285,0
0,0.09581150114536285,0
0,0.09581150114536285,0
0,0.09581150114536285,0
0,0.09581150114536285,0
0,0.09581150114536285,0
0,0.09581150114536285,0
0,0.09581150114536285,0
0,0.09581150114536285,0
0,0.09581150114536285,0
0,0.09581150114536285,0
0,0.09581150114536285,0
0,0.09581150114536285,0
0,0.09581150114536285,0
0,0.09581150114536285,0
0,0.09581150114536285,0
0,0.09581150114536285,0
0,0.09581150114536285,0
0,0.09581150114536285,0
0,0.09581150114536285,0
0,0.09581150114536285,0
0,0.09581150114536285,0
0,0.09581150114536285,0
0,0.09581150114536285,0
0,0.09581150114536285,0
0,0.09581150114536285,0
0,0.09581150114536285,0
0,0.09581150114536285,0
0,0.09581150114536285,0
0,0.09581150114536285,0
0,0.09581150114536285,0
0,0.09581150114536285,0
0,0.09581150114536285,0
0,0.09581150114536285,0
0,0.09581150114536285,0
0,0.09581150114536285,0
0,0.09581150114536285,0
0,0.09581150114536285,0
0,0.09581150114536285,0
0,0.09581150114536285,0
0,0.09581150114536285,0
0,0.09581150114536285,0
0,0.09581150114536285,0
0,0.09581150114536285,0
0,0.09581150114536285,0
0,0.09581150114536285,0
0,0.09581150114536285,0
0,0.09581150114536285,0
0,0.09581150114536285,0
0,0.09581150114536285,0
0,0.09581150114536285,0
0,0.09581150114536285,0
0,0.09581150114536285,0
0,0.09581150114536285,0
0,0.09581150114536285,0
0,0.09581150114536285,0
0,0.09581150114536285,0
0,0.09581150114536285,0
0,0.09581150114536285,0
0,0.09581150114536285,0
0,0.09581150114536285,0
0,0.09581150114536285,0
0,0.09581150114536285,0
0,0.09581150114536285,0
0,0.09581150114536285,0
0,0.09581150114536285,0
0,0.7579486966133118,0
0,0.7661435008049011,0
0,0.770174503326416,0
0,0.7694966793060303,0
0,0.7624755501747131,0
0,0.7495234608650208,0
0,0.7442906498908997,0
0,0.7553192973136902,0
0,0.76727294921875,0
0,0.7645504474639893,0
0,0.754144012928009,0
0,0.7441191077232361,0
0,0.7384132146835327,0
0,0.7326969504356384,0
0,0.7095518708229065,0
0,0.6651527881622314,0
0,0.5066333413124084,0
0,0.09581150114536285,0
0,0.09581150114536285,0
0,0.09581150114536285,0
0,0.09581150114536285,0
0,0.09581150114536285,0
0,0.09581150114536285,0
1,0.09581150114536285,0
0,0.9887634515762329,1
1,0.9464721083641052,0
1,0.9891149997711182,1
1,0.9969722032546997,1
1,0.9958755373954773,1
1,0.9973311424255371,1
0,0.9978930354118347,1
1,0.9938499927520752,1
1,0.9978504180908203,1
1,0.9959900975227356,1
0,0.9969933032989502,1
1,0.9933421015739441,1
0,0.9977918863296509,1
0,0.9903334975242615,1
0,0.9873760938644409,1
0,0.9842538833618164,1
0,0.9801816344261169,1
0,0.9767458438873291,1
0,0.9742276072502136,0
0,0.9696236848831177,0
0,0.9607906937599182,0
0,0.9499543309211731,0
0,0.9410898089408875,0
0,0.9315459132194519,0
0,0.9191766381263733,0
0,0.9057185649871826,0
0,0.893450915813446,0
0,0.8851879239082336,0
0,0.8836923837661743,0
0,0.8843111991882324,0
0,0.9078137874603271,0
0,0.8348960280418396,0
0,0.8467700481414795,0
0,0.8640084862709045,0
0,0.8639410138130188,0
0,0.8638448119163513,0
0,0.8701905012130737,0
0,0.7856853008270264,0
0,0.8006091117858887,0
0,0.790830135345459,0
0,0.8065189123153687,0
0,0.6471360921859741,0
0,0.5066333413124084,0
0,0.09581150114536285,0
0,0.09581150114536285,0
0,0.09581150114536285,0
0,0.09581150114536285,0
0,0.09581150114536285,0
0,0.09581150114536285,0
0,0.09581150114536285,0
0,0.09581150114536285,0
0,0.09581150114536285,0
0,0.09581150114536285,0
0,0.09581150114536285,0
0,0.09581150114536285,0
0,0.09581150114536285,0
0,0.09581150114536285,0
0,0.09581150114536285,0
0,0.09581150114536285,0
0,0.09581150114536285,0
0,0.09581150114536285,0
0,0.09581150114536285,0
0,0.09581150114536285,0
0,0.09581150114536285,0
0,0.09581150114536285,0
0,0.09581150114536285,0
0,0.09581150114536285,0
0,0.09581150114536285,0
0,0.09581150114536285,0
0,0.09581150114536285,0
0,0.09581150114536285,0
0,0.09581150114536285,0
0,0.09581150114536285,0
0,0.09581150114536285,0
0,0.09581150114536285,0
0,0.09581150114536285,0
0,0.09581150114536285,0
0,0.09581150114536285,0
0,0.09581150114536285,0
0,0.09581150114536285,0
0,0.09581150114536285,0
0,0.09581150114536285,0
0,0.09581150114536285,0
0,0.09581150114536285,0
0,0.09581150114536285,0
0,0.09581150114536285,0
0,0.09581150114536285,0
0,0.09581150114536285,0
0,0.09581150114536285,0
0,0.09581150114536285,0
0,0.09581150114536285,0
0,0.09581150114536285,0
0,0.09581150114536285,0
0,0.09581150114536285,0
0,0.09581150114536285,0
0,0.09581150114536285,0
0,0.09581150114536285,0
0,0.09581150114536285,0
0,0.09581150114536285,0
0,0.09581150114536285,0
0,0.09581150114536285,0
0,0.09581150114536285,0
0,0.09581150114536285,0
0,0.09581150114536285,0
0,0.09581150114536285,0
0,0.09581150114536285,0
0,0.09581150114536285,0
0,0.09581150114536285,0
0,0.09581150114536285,0
0,0.09581150114536285,0
0,0.09581150114536285,0
0,0.09581150114536285,0
0,0.09581150114536285,0
0,0.09581150114536285,0
0,0.09581150114536285,0
0,0.09581150114536285,0
0,0.09581150114536285,0
0,0.09581150114536285,0
0,0.09581150114536285,0
0,0.09581150114536285,0
0,0.09581150114536285,0
0,0.09581150114536285,0
0,0.09581150114536285,0
0,0.09581150114536285,0
0,0.09581150114536285,0
0,0.09581150114536285,0
0,0.09581150114536285,0
0,0.09581150114536285,0
0,0.09581150114536285,0
0,0.09581150114536285,0
0,0.09581150114536285,0
0,0.09581150114536285,0
0,0.09581150114536285,0
0,0.09581150114536285,0
0,0.09581150114536285,0
0,0.09581150114536285,0
0,0.09581150114536285,0
0,0.09581150114536285,0
0,0.09581150114536285,0
0,0.09581150114536285,0
0,0.09581150114536285,0
0,0.09581150114536285,0
0,0.09581150114536285,0
0,0.09581150114536285,0
0,0.09581150114536285,0
0,0.09581150114536285,0
0,0.09581150114536285,0
0,0.09581150114536285,0
0,0.09581150114536285,0
0,0.09581150114536285,0
0,0.09581150114536285,0
0,0.09581150114536285,0
0,0.09581150114536285,0
0,0.09581150114536285,0
0,0.09581150114536285,0
0,0.09581150114536285,0
0,0.09581150114536285,0
0,0.09581150114536285,0
0,0.09581150114536285,0
0,0.09581150114536285,0
0,0.09581150114536285,0
0,0.09581150114536285,0
0,0.09581150114536285,0
0,0.09581150114536285,0
0,0.09581150114536285,0
0,0.09581150114536285,0
0,0.09581150114536285,0
0,0.09581150114536285,0
0,0.09581150114536285,0
0,0.09581150114536285,0
0,0.09581150114536285,0
0,0.09581150114536285,0
0,0.09581150114536285,0
0,0.09581150114536285,0
0,0.09581150114536285,0
0,0.09581150114536285,0
0,0.09581150114536285,0
0,0.09581150114536285,0
0,0.09581150114536285,0
0,0.09581150114536285,0
0,0.09581150114536285,0
0,0.09581150114536285,0
0,0.09581150114536285,0
0,0.09581150114536285,0
0,0.09581150114536285,0
0,0.09581150114536285,0
0,0.09581150114536285,0
0,0.09581150114536285,0
0,0.09581150114536285,0
0,0.09581150114536285,0
0,0.09581150114536285,0
0,0.09581150114536285,0
0,0.09581150114536285,0
0,0.09581150114536285,0
0,0.09581150114536285,0
0,0.09581150114536285,0
0,0.09581150114536285,0
0,0.09581150114536285,0
0,0.09581150114536285,0
0,0.09581150114536285,0
0,0.09581150114536285,0
0,0.09581150114536285,0
0,0.09581150114536285,0
0,0.09581150114536285,0
0,0.09581150114536285,0
0,0.09581150114536285,0
0,0.09581150114536285,0
0,0.09581150114536285,0
0,0.09581150114536285,0
0,0.09581150114536285,0
0,0.09581150114536285,0
0,0.09581150114536285,0
0,0.09581150114536285,0
0,0.09581150114536285,0
0,0.09581150114536285,0
0,0.09581150114536285,0
0,0.09581150114536285,0
0,0.09581150114536285,0
0,0.09581150114536285,0
0,0.09581150114536285,0
0,0.09581150114536285,0
0,0.09581150114536285,0
0,0.09581150114536285,0
0,0.09581150114536285,0
0,0.09581150114536285,0
0,0.09581150114536285,0
0,0.09581150114536285,0
0,0.09581150114536285,0
0,0.09581150114536285,0
0,0.09581150114536285,0
0,0.09581150114536285,0
0,0.09581150114536285,0
0,0.09581150114536285,0
0,0.09581150114536285,0
0,0.09581150114536285,0
0,0.09581150114536285,0
0,0.09581150114536285,0
0,0.09581150114536285,0
0,0.09581150114536285,0
0,0.09581150114536285,0
0,0.09581150114536285,0
0,0.09581150114536285,0
0,0.09581150114536285,0
0,0.09581150114536285,0
0,0.09581150114536285,0
0,0.09581150114536285,0
0,0.09581150114536285,0
0,0.09581150114536285,0
0,0.09581150114536285,0
0,0.09581150114536285,0
0,0.09581150114536285,0
0,0.09581150114536285,0
0,0.09581150114536285,0
0,0.09581150114536285,0
0,0.09581150114536285,0
0,0.09581150114536285,0
0,0.09581150114536285,0
0,0.09581150114536285,0
0,0.09581150114536285,0
0,0.09581150114536285,0
0,0.09581150114536285,0
0,0.09581150114536285,0
0,0.09581150114536285,0
0,0.09581150114536285,0
0,0.09581150114536285,0
0,0.09581150114536285,0
0,0.09581150114536285,0
0,0.09581150114536285,0
0,0.09581150114536285,0
0,0.09581150114536285,0
0,0.09581150114536285,0
0,0.09581150114536285,0
0,0.09581150114536285,0
0,0.09581150114536285,0
0,0.09581150114536285,0
0,0.09581150114536285,0
0,0.09581150114536285,0
0,0.09581150114536285,0
0,0.09581150114536285,0
0,0.09581150114536285,0
0,0.09581150114536285,0
0,0.09581150114536285,0
0,0.09581150114536285,0
0,0.09581150114536285,0
0,0.09581150114536285,0
0,0.09581150114536285,0
0,0.09581150114536285,0
0,0.09581150114536285,0
0,0.09581150114536285,0
0,0.09581150114536285,0
0,0.09581150114536285,0
0,0.09581150114536285,0
0,0.09581150114536285,0
0,0.09581150114536285,0
0,0.09581150114536285,0
0,0.09581150114536285,0
0,0.09581150114536285,0
0,0.09581150114536285,0
0,0.09581150114536285,0
0,0.09581150114536285,0
0,0.09581150114536285,0
0,0.09581150114536285,0
0,0.09581150114536285,0
0,0.09581150114536285,0
0,0.09581150114536285,0
0,0.09581150114536285,0
0,0.09581150114536285,0
0,0.09581150114536285,0
0,0.09581150114536285,0
0,0.09581150114536285,0
0,0.09581150114536285,0
0,0.09581150114536285,0
0,0.09581150114536285,0
0,0.09581150114536285,0
0,0.09581150114536285,0
0,0.09581150114536285,0
0,0.09581150114536285,0
0,0.09581150114536285,0
0,0.09581150114536285,0
0,0.09581150114536285,0
0,0.09581150114536285,0
0,0.09581150114536285,0
0,0.09581150114536285,0
0,0.09581150114536285,0
0,0.09581150114536285,0
0,0.09581150114536285,0
0,0.09581150114536285,0
0,0.09581150114536285,0
0,0.09581150114536285,0
0,0.09581150114536285,0
0,0.09581150114536285,0
0,0.09581150114536285,0
0,0.09581150114536285,0
0,0.09581150114536285,0
0,0.09581150114536285,0
0,0.09581150114536285,0
0,0.09581150114536285,0
0,0.09581150114536285,0
0,0.09581150114536285,0
0,0.09581150114536285,0
0,0.09581150114536285,0
0,0.09581150114536285,0
0,0.09581150114536285,0
0,0.09581150114536285,0
0,0.09581150114536285,0
0,0.09581150114536285,0
0,0.09581150114536285,0
0,0.09581150114536285,0
0,0.09581150114536285,0
0,0.09581150114536285,0
0,0.09581150114536285,0
0,0.09581150114536285,0
0,0.09581150114536285,0
0,0.09581150114536285,0
0,0.09581150114536285,0
0,0.09581150114536285,0
0,0.09581150114536285,0
0,0.09581150114536285,0
0,0.09581150114536285,0
0,0.09581150114536285,0
0,0.09581150114536285,0
0,0.09581150114536285,0
0,0.09581150114536285,0
0,0.09581150114536285,0
0,0.09581150114536285,0
0,0.09581150114536285,0
0,0.09581150114536285,0
0,0.09581150114536285,0
0,0.09581150114536285,0
0,0.09581150114536285,0
0,0.09581150114536285,0
0,0.09581150114536285,0
0,0.09581150114536285,0
0,0.09581150114536285,0
0,0.09581150114536285,0
0,0.09581150114536285,0
0,0.09581150114536285,0
0,0.09581150114536285,0
0,0.09581150114536285,0
0,0.09581150114536285,0
0,0.09581150114536285,0
0,0.09581150114536285,0
0,0.09581150114536285,0
0,0.09581150114536285,0
0,0.09581150114536285,0
0,0.09581150114536285,0
0,0.09581150114536285,0
0,0.09581150114536285,0
0,0.09581150114536285,0
0,0.09581150114536285,0
0,0.09581150114536285,0
0,0.09581150114536285,0
0,0.09581150114536285,0
0,0.09581150114536285,0
0,0.09581150114536285,0
0,0.09581150114536285,0
0,0.09581150114536285,0
0,0.09581150114536285,0
0,0.09581150114536285,0
0,0.09581150114536285,0
0,0.09581150114536285,0
0,0.09581150114536285,0
0,0.09581150114536285,0
0,0.09581150114536285,0
0,0.09581150114536285,0
0,0.09581150114536285,0
0,0.09581150114536285,0
0,0.09581150114536285,0
0,0.09581150114536285,0
0,0.09581150114536285,0
0,0.09581150114536285,0
0,0.09581150114536285,0
0,0.09581150114536285,0
0,0.09581150114536285,0
0,0.09581150114536285,0
0,0.09581150114536285,0
0,0.09581150114536285,0
0,0.09581150114536285,0
0,0.09581150114536285,0
0,0.09581150114536285,0
0,0.09581150114536285,0
0,0.09581150114536285,0
0,0.09581150114536285,0
0,0.09581150114536285,0
0,0.09581150114536285,0
0,0.09581150114536285,0
0,0.09581150114536285,0
0,0.09581150114536285,0
0,0.09581150114536285,0
0,0.09581150114536285,0
0,0.09581150114536285,0
0,0.09581150114536285,0
0,0.09581150114536285,0
0,0.09581150114536285,0
0,0.09581150114536285,0
0,0.09581150114536285,0
0,0.09581150114536285,0
0,0.09581150114536285,0
0,0.09581150114536285,0
0,0.09581150114536285,0
0,0.09581150114536285,0
0,0.09581150114536285,0
0,0.09581150114536285,0
0,0.09581150114536285,0
0,0.09581150114536285,0
0,0.09581150114536285,0
0,0.09581150114536285,0
0,0.09581150114536285,0
0,0.09581150114536285,0
0,0.09581150114536285,0
0,0.09581150114536285,0
0,0.09581150114536285,0
0,0.09581150114536285,0
0,0.09581150114536285,0
0,0.09581150114536285,0
0,0.09581150114536285,0
0,0.09581150114536285,0
0,0.09581150114536285,0
0,0.09581150114536285,0
0,0.09581150114536285,0
0,0.09581150114536285,0
0,0.09581150114536285,0
0,0.09581150114536285,0
0,0.09581150114536285,0
0,0.09581150114536285,0
0,0.09581150114536285,0
0,0.09581150114536285,0
0,0.09581150114536285,0
0,0.09581150114536285,0
0,0.09581150114536285,0
0,0.09581150114536285,0
0,0.09581150114536285,0
0,0.09581150114536285,0
0,0.09581150114536285,0
0,0.09581150114536285,0
0,0.09581150114536285,0
0,0.09581150114536285,0
0,0.09581150114536285,0
0,0.09581150114536285,0
0,0.09581150114536285,0
0,0.09581150114536285,0
0,0.09581150114536285,0
0,0.09581150114536285,0
0,0.09581150114536285,0
0,0.09581150114536285,0
0,0.09581150114536285,0
0,0.09581150114536285,0
0,0.09581150114536285,0
0,0.09581150114536285,0
0,0.09581150114536285,0
0,0.09581150114536285,0
0,0.09581150114536285,0
0,0.09581150114536285,0
0,0.09581150114536285,0
0,0.09581150114536285,0
0,0.09581150114536285,0
0,0.09581150114536285,0
0,0.09581150114536285,0
0,0.09581150114536285,0
0,0.09581150114536285,0
0,0.09581150114536285,0
0,0.09581150114536285,0
0,0.09581150114536285,0
0,0.09581150114536285,0
0,0.09581150114536285,0
0,0.09581150114536285,0
0,0.09581150114536285,0
0,0.09581150114536285,0
0,0.09581150114536285,0
0,0.09581150114536285,0
0,0.09581150114536285,0
0,0.09581150114536285,0
0,0.09581150114536285,0
0,0.09581150114536285,0
0,0.09581150114536285,0
0,0.09581150114536285,0
0,0.09581150114536285,0
0,0.09581150114536285,0
0,0.09581150114536285,0
0,0.09581150114536285,0
0,0.09581150114536285,0
0,0.09581150114536285,0
0,0.09581150114536285,0
0,0.09581150114536285,0
0,0.09581150114536285,0
0,0.09581150114536285,0
0,0.09581150114536285,0
0,0.09581150114536285,0
0,0.09581150114536285,0
0,0.09581150114536285,0
0,0.09581150114536285,0
0,0.09581150114536285,0
0,0.09581150114536285,0
0,0.09581150114536285,0
0,0.09581150114536285,0
0,0.09581150114536285,0
0,0.09581150114536285,0
0,0.09581150114536285,0
0,0.09581150114536285,0
0,0.09581150114536285,0
0,0.09581150114536285,0
0,0.09581150114536285,0
0,0.09581150114536285,0
0,0.09581150114536285,0
0,0.09581150114536285,0
0,0.09581150114536285,0
0,0.09581150114536285,0
0,0.09581150114536285,0
0,0.09581150114536285,0
0,0.09581150114536285,0
0,0.09581150114536285,0
0,0.09581150114536285,0
0,0.09581150114536285,0
0,0.09581150114536285,0
0,0.09581150114536285,0
0,0.09581150114536285,0
0,0.09581150114536285,0
0,0.09581150114536285,0
0,0.09581150114536285,0
0,0.09581150114536285,0
0,0.09581150114536285,0
0,0.09581150114536285,0
0,0.09581150114536285,0
0,0.09581150114536285,0
0,0.09581150114536285,0
0,0.09581150114536285,0
0,0.09581150114536285,0
0,0.09581150114536285,0
0,0.09581150114536285,0
0,0.09581150114536285,0
0,0.09581150114536285,0
0,0.09581150114536285,0
0,0.09581150114536285,0
0,0.09581150114536285,0
0,0.09581150114536285,0
0,0.09581150114536285,0
0,0.09581150114536285,0
0,0.09581150114536285,0
0,0.09581150114536285,0
0,0.09581150114536285,0
0,0.09581150114536285,0
0,0.09581150114536285,0
0,0.09581150114536285,0
0,0.09581150114536285,0
0,0.09581150114536285,0
0,0.09581150114536285,0
0,0.09581150114536285,0
0,0.09581150114536285,0
0,0.09581150114536285,0
0,0.09581150114536285,0
0,0.09581150114536285,0
0,0.09581150114536285,0
0,0.09581150114536285,0
0,0.09581150114536285,0
0,0.09581150114536285,0
0,0.09581150114536285,0
0,0.09581150114536285,0
0,0.09581150114536285,0
0,0.09581150114536285,0
0,0.09581150114536285,0
0,0.09581150114536285,0
0,0.09581150114536285,0
0,0.09581150114536285,0
0,0.09581150114536285,0
0,0.09581150114536285,0
0,0.09581150114536285,0
0,0.09581150114536285,0
0,0.09581150114536285,0
0,0.09581150114536285,0
0,0.09581150114536285,0
0,0.09581150114536285,0
0,0.09581150114536285,0
0,0.09581150114536285,0
0,0.09581150114536285,0
0,0.09581150114536285,0
0,0.09581150114536285,0
0,0.09581150114536285,0
0,0.09581150114536285,0
0,0.09581150114536285,0
0,0.09581150114536285,0
0,0.09581150114536285,0
0,0.09581150114536285,0
0,0.09581150114536285,0
0,0.09581150114536285,0
0,0.09581150114536285,0
0,0.09581150114536285,0
0,0.09581150114536285,0
0,0.09581150114536285,0
0,0.09581150114536285,0
0,0.09581150114536285,0
0,0.09581150114536285,0
0,0.09581150114536285,0
0,0.09581150114536285,0
0,0.09581150114536285,0
0,0.09581150114536285,0
0,0.09581150114536285,0
0,0.09581150114536285,0
0,0.09581150114536285,0
0,0.09581150114536285,0
0,0.09581150114536285,0
0,0.09581150114536285,0
0,0.09581150114536285,0
0,0.09581150114536285,0
0,0.09581150114536285,0
0,0.09581150114536285,0
0,0.09581150114536285,0
0,0.09581150114536285,0
0,0.09581150114536285,0
0,0.09581150114536285,0
0,0.09581150114536285,0
0,0.09581150114536285,0
0,0.09581150114536285,0
0,0.09581150114536285,0
0,0.09581150114536285,0
0,0.09581150114536285,0
0,0.09581150114536285,0
0,0.09581150114536285,0
0,0.09581150114536285,0
0,0.09581150114536285,0
0,0.09581150114536285,0
0,0.09581150114536285,0
0,0.09581150114536285,0
0,0.09581150114536285,0
0,0.09581150114536285,0
0,0.09581150114536285,0
0,0.09581150114536285,0
0,0.09581150114536285,0
0,0.09581150114536285,0
0,0.09581150114536285,0
0,0.09581150114536285,0
0,0.09581150114536285,0
0,0.09581150114536285,0
0,0.09581150114536285,0
0,0.09581150114536285,0
0,0.09581150114536285,0
0,0.09581150114536285,0
0,0.09581150114536285,0
0,0.09581150114536285,0
0,0.09581150114536285,0
0,0.09581150114536285,0
0,0.09581150114536285,0
0,0.09581150114536285,0
0,0.09581150114536285,0
0,0.09581150114536285,0
0,0.09581150114536285,0
0,0.09581150114536285,0
0,0.09581150114536285,0
0,0.09581150114536285,0
0,0.09581150114536285,0
0,0.09581150114536285,0
0,0.09581150114536285,0
0,0.09581150114536285,0
0,0.09581150114536285,0
0,0.09581150114536285,0
0,0.09581150114536285,0
0,0.09581150114536285,0
0,0.09581150114536285,0
0,0.09581150114536285,0
0,0.09581150114536285,0
0,0.09581150114536285,0
0,0.09581150114536285,0
0,0.09581150114536285,0
0,0.09581150114536285,0
0,0.09581150114536285,0
0,0.09581150114536285,0
0,0.09581150114536285,0
0,0.09581150114536285,0
0,0.09581150114536285,0
0,0.09581150114536285,0
0,0.09581150114536285,0
0,0.09581150114536285,0
0,0.09581150114536285,0
0,0.09581150114536285,0
0,0.09581150114536285,0
0,0.09581150114536285,0
0,0.09581150114536285,0
0,0.09581150114536285,0
0,0.09581150114536285,0
0,0.09581150114536285,0
0,0.09581150114536285,0
0,0.09581150114536285,0
0,0.09581150114536285,0
0,0.09581150114536285,0
0,0.09581150114536285,0
0,0.09581150114536285,0
0,0.09581150114536285,0
0,0.09581150114536285,0
0,0.09581150114536285,0
0,0.09581150114536285,0
0,0.09581150114536285,0
0,0.09581150114536285,0
0,0.09581150114536285,0
0,0.09581150114536285,0
0,0.09581150114536285,0
0,0.09581150114536285,0
0,0.09581150114536285,0
0,0.09581150114536285,0
0,0.09581150114536285,0
0,0.09581150114536285,0
0,0.09581150114536285,0
0,0.09581150114536285,0
0,0.09581150114536285,0
0,0.09581150114536285,0
0,0.09581150114536285,0
0,0.09581150114536285,0
0,0.09581150114536285,0
0,0.09581150114536285,0
0,0.09581150114536285,0
0,0.09581150114536285,0
0,0.09581150114536285,0
0,0.09581150114536285,0
0,0.09581150114536285,0
0,0.09581150114536285,0
0,0.09581150114536285,0
0,0.09581150114536285,0
0,0.09581150114536285,0
0,0.09581150114536285,0
0,0.09581150114536285,0
0,0.09581150114536285,0
0,0.09581150114536285,0
0,0.09581150114536285,0
0,0.09581150114536285,0
0,0.09581150114536285,0
0,0.09581150114536285,0
0,0.09581150114536285,0
0,0.09581150114536285,0
0,0.09581150114536285,0
0,0.09581150114536285,0
0,0.09581150114536285,0
0,0.09581150114536285,0
0,0.09581150114536285,0
0,0.09581150114536285,0
0,0.09581150114536285,0
0,0.09581150114536285,0
0,0.09581150114536285,0
0,0.09581150114536285,0
0,0.09581150114536285,0
0,0.09581150114536285,0
0,0.09581150114536285,0
0,0.09581150114536285,0
0,0.09581150114536285,0
0,0.09581150114536285,0
0,0.09581150114536285,0
0,0.09581150114536285,0
0,0.09581150114536285,0
0,0.09581150114536285,0
0,0.09581150114536285,0
0,0.09581150114536285,0
0,0.09581150114536285,0
0,0.09581150114536285,0
0,0.09581150114536285,0
0,0.09581150114536285,0
0,0.09581150114536285,0
0,0.09581150114536285,0
0,0.09581150114536285,0
0,0.09581150114536285,0
0,0.09581150114536285,0
0,0.09581150114536285,0
0,0.09581150114536285,0
0,0.09581150114536285,0
0,0.09581150114536285,0
0,0.09581150114536285,0
0,0.09581150114536285,0
0,0.09581150114536285,0
0,0.09581150114536285,0
0,0.09581150114536285,0
0,0.09581150114536285,0
0,0.09581150114536285,0
0,0.09581150114536285,0
0,0.09581150114536285,0
0,0.09581150114536285,0
0,0.09581150114536285,0
0,0.09581150114536285,0
0,0.09581150114536285,0
0,0.09581150114536285,0
0,0.09581150114536285,0
0,0.09581150114536285,0
0,0.09581150114536285,0
0,0.09581150114536285,0
0,0.09581150114536285,0
0,0.09581150114536285,0
0,0.09581150114536285,0
0,0.09581150114536285,0
0,0.09581150114536285,0
0,0.09581150114536285,0
0,0.09581150114536285,0
0,0.09581150114536285,0
0,0.09581150114536285,0
0,0.09581150114536285,0
0,0.09581150114536285,0
0,0.09581150114536285,0
0,0.09581150114536285,0
0,0.09581150114536285,0
0,0.09581150114536285,0
0,0.09581150114536285,0
0,0.09581150114536285,0
0,0.09581150114536285,0
0,0.09581150114536285,0
0,0.09581150114536285,0
0,0.09581150114536285,0
0,0.09581150114536285,0
0,0.09581150114536285,0
0,0.09581150114536285,0
0,0.09581150114536285,0
0,0.09581150114536285,0
0,0.09581150114536285,0
0,0.09581150114536285,0
0,0.09581150114536285,0
0,0.09581150114536285,0
0,0.09581150114536285,0
0,0.09581150114536285,0
0,0.09581150114536285,0
0,0.09581150114536285,0
0,0.09581150114536285,0
0,0.09581150114536285,0
0,0.09581150114536285,0
0,0.09581150114536285,0
0,0.09581150114536285,0
0,0.09581150114536285,0
0,0.09581150114536285,0
0,0.09581150114536285,0
0,0.09581150114536285,0
0,0.09581150114536285,0
0,0.09581150114536285,0
0,0.09581150114536285,0
0,0.09581150114536285,0
0,0.09581150114536285,0
0,0.09581150114536285,0
0,0.09581150114536285,0
0,0.09581150114536285,0
0,0.09581150114536285,0
0,0.09581150114536285,0
0,0.09581150114536285,0
0,0.09581150114536285,0
0,0.09581150114536285,0
0,0.09581150114536285,0
0,0.09581150114536285,0
0,0.09581150114536285,0
0,0.09581150114536285,0
0,0.09581150114536285,0
0,0.09581150114536285,0
0,0.09581150114536285,0
0,0.09581150114536285,0
0,0.09581150114536285,0
0,0.09581150114536285,0
0,0.09581150114536285,0
0,0.09581150114536285,0
0,0.09581150114536285,0
0,0.09581150114536285,0
0,0.09581150114536285,0
0,0.09581150114536285,0
0,0.09581150114536285,0
0,0.09581150114536285,0
0,0.09581150114536285,0
0,0.09581150114536285,0
0,0.09581150114536285,0
0,0.09581150114536285,0
0,0.09581150114536285,0
0,0.09581150114536285,0
0,0.09581150114536285,0
0,0.09581150114536285,0
0,0.09581150114536285,0
0,0.09581150114536285,0
0,0.09581150114536285,0
0,0.09581150114536285,0
0,0.09581150114536285,0
0,0.09581150114536285,0
0,0.09581150114536285,0
0,0.09581150114536285,0
0,0.09581150114536285,0
0,0.09581150114536285,0
0,0.09581150114536285,0
0,0.09581150114536285,0
0,0.09581150114536285,0
0,0.09581150114536285,0
0,0.09581150114536285,0
0,0.09581150114536285,0
0,0.09581150114536285,0
0,0.09581150114536285,0
0,0.09581150114536285,0
0,0.09581150114536285,0
0,0.09581150114536285,0
0,0.09581150114536285,0
0,0.09581150114536285,0
0,0.09581150114536285,0
0,0.09581150114536285,0
0,0.09581150114536285,0
0,0.09581150114536285,0
0,0.09581150114536285,0
0,0.09581150114536285,0
0,0.09581150114536285,0
0,0.09581150114536285,0
0,0.09581150114536285,0
0,0.09581150114536285,0
0,0.09581150114536285,0
0,0.09581150114536285,0
0,0.09581150114536285,0
0,0.09581150114536285,0
0,0.09581150114536285,0
0,0.09581150114536285,0
0,0.09581150114536285,0
0,0.09581150114536285,0
0,0.09581150114536285,0
0,0.09581150114536285,0
0,0.09581150114536285,0
0,0.09581150114536285,0
0,0.09581150114536285,0
0,0.09581150114536285,0
0,0.09581150114536285,0
0,0.09581150114536285,0
0,0.09581150114536285,0
0,0.09581150114536285,0
0,0.09581150114536285,0
0,0.09581150114536285,0
0,0.09581150114536285,0
0,0.09581150114536285,0
0,0.09581150114536285,0
0,0.09581150114536285,0
0,0.09581150114536285,0
0,0.09581150114536285,0
0,0.09581150114536285,0
0,0.09581150114536285,0
0,0.09581150114536285,0
0,0.09581150114536285,0
0,0.09581150114536285,0
0,0.09581150114536285,0
0,0.09581150114536285,0
0,0.09581150114536285,0
0,0.09581150114536285,0
0,0.09581150114536285,0
0,0.09581150114536285,0
0,0.09581150114536285,0
0,0.09581150114536285,0
0,0.09581150114536285,0
0,0.09581150114536285,0
0,0.09581150114536285,0
0,0.09581150114536285,0
0,0.09581150114536285,0
0,0.09581150114536285,0
0,0.09581150114536285,0
0,0.09581150114536285,0
0,0.09581150114536285,0
0,0.09581150114536285,0
0,0.09581150114536285,0
0,0.09581150114536285,0
0,0.09581150114536285,0
0,0.09581150114536285,0
0,0.09581150114536285,0
0,0.09581150114536285,0
0,0.09581150114536285,0
0,0.09581150114536285,0
0,0.09581150114536285,0
0,0.09581150114536285,0
0,0.09581150114536285,0
0,0.09581150114536285,0
0,0.09581150114536285,0
0,0.09581150114536285,0
0,0.09581150114536285,0
0,0.09581150114536285,0
0,0.09581150114536285,0
0,0.09581150114536285,0
0,0.09581150114536285,0
0,0.09581150114536285,0
0,0.09581150114536285,0
0,0.09581150114536285,0
0,0.09581150114536285,0
0,0.09581150114536285,0
0,0.09581150114536285,0
0,0.09581150114536285,0
0,0.09581150114536285,0
0,0.09581150114536285,0
0,0.09581150114536285,0
0,0.09581150114536285,0
0,0.09581150114536285,0
0,0.09581150114536285,0
0,0.09581150114536285,0
0,0.09581150114536285,0
0,0.09581150114536285,0
0,0.09581150114536285,0
0,0.09581150114536285,0
0,0.09581150114536285,0
0,0.09581150114536285,0
0,0.09581150114536285,0
0,0.09581150114536285,0
0,0.09581150114536285,0
0,0.09581150114536285,0
0,0.09581150114536285,0
0,0.09581150114536285,0
0,0.09581150114536285,0
0,0.09581150114536285,0
0,0.09581150114536285,0
0,0.09581150114536285,0
0,0.09581150114536285,0
0,0.09581150114536285,0
0,0.09581150114536285,0
0,0.09581150114536285,0
0,0.09581150114536285,0
0,0.09581150114536285,0
0,0.09581150114536285,0
0,0.09581150114536285,0
0,0.09581150114536285,0
0,0.09581150114536285,0
0,0.09581150114536285,0
0,0.09581150114536285,0
0,0.09581150114536285,0
0,0.09581150114536285,0
0,0.09581150114536285,0
0,0.09581150114536285,0
0,0.09581150114536285,0
0,0.09581150114536285,0
0,0.8270798921585083,0
0,0.6551180481910706,0
0,0.5379312634468079,0
0,0.5066333413124084,0
0,0.09581150114536285,0
0,0.09581150114536285,0
0,0.09581150114536285,0
0,0.09581150114536285,0
0,0.09581150114536285,0
0,0.09581150114536285,0
0,0.09581150114536285,0
0,0.09581150114536285,0
0,0.09581150114536285,0
0,0.09581150114536285,0
0,0.09581150114536285,0
0,0.09581150114536285,0
0,0.09581150114536285,0
0,0.09581150114536285,0
0,0.09581150114536285,0
0,0.09581150114536285,0
0,0.09581150114536285,0
0,0.09581150114536285,0
0,0.09581150114536285,0
0,0.09581150114536285,0
0,0.09581150114536285,0
0,0.09581150114536285,0
0,0.09581150114536285,0
0,0.09581150114536285,0
0,0.09581150114536285,0
0,0.09581150114536285,0
0,0.09581150114536285,0
0,0.09581150114536285,0
0,0.09581150114536285,0
0,0.09581150114536285,0
0,0.09581150114536285,0
0,0.09581150114536285,0
0,0.09581150114536285,0
0,0.09581150114536285,0
0,0.09581150114536285,0
0,0.09581150114536285,0
0,0.09581150114536285,0
0,0.09581150114536285,0
0,0.09581150114536285,0
0,0.09581150114536285,0
0,0.09581150114536285,0
0,0.09581150114536285,0
0,0.09581150114536285,0
0,0.09581150114536285,0
0,0.09581150114536285,0
0,0.09581150114536285,0
0,0.09581150114536285,0
0,0.09581150114536285,0
0,0.09581150114536285,0
0,0.09581150114536285,0
0,0.09581150114536285,0
0,0.09581150114536285,0
0,0.09581150114536285,0
0,0.09581150114536285,0
0,0.09581150114536285,0
0,0.09581150114536285,0
0,0.09581150114536285,0
0,0.09581150114536285,0
0,0.09581150114536285,0
0,0.09581150114536285,0
0,0.09581150114536285,0
0,0.09581150114536285,0
0,0.09581150114536285,0
0,0.09581150114536285,0
0,0.09581150114536285,0
0,0.09581150114536285,0
0,0.09581150114536285,0
0,0.09581150114536285,0
0,0.09581150114536285,0
0,0.09581150114536285,0
0,0.09581150114536285,0
0,0.09581150114536285,0
0,0.09581150114536285,0
0,0.09581150114536285,0
0,0.09581150114536285,0
0,0.09581150114536285,0
0,0.09581150114536285,0
0,0.09581150114536285,0
0,0.09581150114536285,0
0,0.09581150114536285,0
0,0.09581150114536285,0
0,0.09581150114536285,0
0,0.09581150114536285,0
0,0.09581150114536285,0
0,0.09581150114536285,0
0,0.09581150114536285,0
0,0.09581150114536285,0
0,0.09581150114536285,0
0,0.09581150114536285,0
0,0.09581150114536285,0
0,0.09581150114536285,0
0,0.09581150114536285,0
0,0.09581150114536285,0
0,0.09581150114536285,0
0,0.09581150114536285,0
0,0.09581150114536285,0
0,0.09581150114536285,0
0,0.09581150114536285,0
0,0.09581150114536285,0
0,0.09581150114536285,0
0,0.09581150114536285,0
0,0.09581150114536285,0
0,0.09581150114536285,0
0,0.09581150114536285,0
0,0.09581150114536285,0
0,0.09581150114536285,0
0,0.09581150114536285,0
0,0.09581150114536285,0
0,0.09581150114536285,0
0,0.09581150114536285,0
0,0.09581150114536285,0
0,0.09581150114536285,0
0,0.09581150114536285,0
0,0.09581150114536285,0
0,0.09581150114536285,0
0,0.09581150114536285,0
0,0.09581150114536285,0
0,0.09581150114536285,0
0,0.09581150114536285,0
0,0.09581150114536285,0
0,0.09581150114536285,0
0,0.09581150114536285,0
0,0.09581150114536285,0
0,0.09581150114536285,0
0,0.09581150114536285,0
0,0.09581150114536285,0
0,0.09581150114536285,0
0,0.09581150114536285,0
0,0.09581150114536285,0
0,0.09581150114536285,0
0,0.09581150114536285,0
0,0.09581150114536285,0
0,0.09581150114536285,0
0,0.09581150114536285,0
0,0.09581150114536285,0
0,0.09581150114536285,0
0,0.09581150114536285,0
0,0.09581150114536285,0
0,0.09581150114536285,0
0,0.09581150114536285,0
0,0.09581150114536285,0
0,0.09581150114536285,0
0,0.09581150114536285,0
0,0.09581150114536285,0
0,0.09581150114536285,0
0,0.09581150114536285,0
0,0.09581150114536285,0
0,0.09581150114536285,0
0,0.09581150114536285,0
0,0.09581150114536285,0
0,0.09581150114536285,0
0,0.09581150114536285,0
0,0.09581150114536285,0
0,0.09581150114536285,0
0,0.09581150114536285,0
0,0.09581150114536285,0
0,0.09581150114536285,0
0,0.09581150114536285,0
0,0.09581150114536285,0
0,0.09581150114536285,0
0,0.09581150114536285,0
0,0.09581150114536285,0
0,0.09581150114536285,0
0,0.09581150114536285,0
0,0.09581150114536285,0
0,0.09581150114536285,0
0,0.09581150114536285,0
0,0.09581150114536285,0
0,0.09581150114536285,0
0,0.09581150114536285,0
0,0.09581150114536285,0
0,0.09581150114536285,0
0,0.09581150114536285,0
0,0.09581150114536285,0
0,0.09581150114536285,0
0,0.09581150114536285,0
0,0.09581150114536285,0
0,0.09581150114536285,0
0,0.09581150114536285,0
0,0.09581150114536285,0
0,0.09581150114536285,0
0,0.09581150114536285,0
0,0.09581150114536285,0
0,0.09581150114536285,0
0,0.09581150114536285,0
0,0.09581150114536285,0
0,0.09581150114536285,0
0,0.09581150114536285,0
0,0.09581150114536285,0
0,0.09581150114536285,0
0,0.09581150114536285,0
0,0.09581150114536285,0
0,0.09581150114536285,0
0,0.09581150114536285,0
0,0.09581150114536285,0
0,0.09581150114536285,0
0,0.09581150114536285,0
0,0.09581150114536285,0
0,0.09581150114536285,0
0,0.09581150114536285,0
0,0.09581150114536285,0
0,0.09581150114536285,0
0,0.09581150114536285,0
0,0.09581150114536285,0
0,0.09581150114536285,0
0,0.09581150114536285,0
0,0.09581150114536285,0
0,0.09581150114536285,0
0,0.09581150114536285,0
0,0.09581150114536285,0
0,0.09581150114536285,0
0,0.09581150114536285,0
0,0.09581150114536285,0
0,0.09581150114536285,0
0,0.09581150114536285,0
0,0.09581150114536285,0
0,0.09581150114536285,0
0,0.09581150114536285,0
0,0.09581150114536285,0
0,0.09581150114536285,0
0,0.09581150114536285,0
0,0.09581150114536285,0
0,0.09581150114536285,0
0,0.09581150114536285,0
0,0.09581150114536285,0
0,0.09581150114536285,0
0,0.09581150114536285,0
0,0.09581150114536285,0
0,0.09581150114536285,0
0,0.09581150114536285,0
0,0.09581150114536285,0
0,0.09581150114536285,0
0,0.09581150114536285,0
0,0.09581150114536285,0
0,0.09581150114536285,0
0,0.09581150114536285,0
0,0.09581150114536285,0
0,0.09581150114536285,0
0,0.09581150114536285,0
0,0.09581150114536285,0
0,0.09581150114536285,0
0,0.09581150114536285,0
0,0.09581150114536285,0
0,0.09581150114536285,0
0,0.09581150114536285,0
0,0.09581150114536285,0
0,0.09581150114536285,0
0,0.09581150114536285,0
0,0.09581150114536285,0
0,0.09581150114536285,0
0,0.09581150114536285,0
0,0.09581150114536285,0
0,0.09581150114536285,0
0,0.09581150114536285,0
0,0.09581150114536285,0
0,0.09581150114536285,0
0,0.09581150114536285,0
0,0.09581150114536285,0
0,0.09581150114536285,0
0,0.09581150114536285,0
0,0.09581150114536285,0
0,0.09581150114536285,0
0,0.09581150114536285,0
0,0.09581150114536285,0
0,0.09581150114536285,0
0,0.09581150114536285,0
0,0.09581150114536285,0
0,0.09581150114536285,0
0,0.09581150114536285,0
0,0.09581150114536285,0
0,0.09581150114536285,0
0,0.09581150114536285,0
0,0.09581150114536285,0
0,0.09581150114536285,0
0,0.09581150114536285,0
0,0.09581150114536285,0
0,0.09581150114536285,0
0,0.09581150114536285,0
0,0.09581150114536285,0
0,0.09581150114536285,0
0,0.09581150114536285,0
0,0.09581150114536285,0
0,0.09581150114536285,0
0,0.09581150114536285,0
0,0.09581150114536285,0
0,0.09581150114536285,0
0,0.09581150114536285,0
0,0.09581150114536285,0
0,0.09581150114536285,0
0,0.09581150114536285,0
0,0.09581150114536285,0
0,0.09581150114536285,0
0,0.09581150114536285,0
0,0.09581150114536285,0
0,0.09581150114536285,0
0,0.09581150114536285,0
0,0.09581150114536285,0
0,0.09581150114536285,0
0,0.09581150114536285,0
0,0.09581150114536285,0
0,0.09581150114536285,0
0,0.09581150114536285,0
0,0.09581150114536285,0
0,0.09581150114536285,0
0,0.09581150114536285,0
0,0.09581150114536285,0
0,0.09581150114536285,0
0,0.09581150114536285,0
0,0.09581150114536285,0
0,0.09581150114536285,0
0,0.09581150114536285,0
0,0.09581150114536285,0
0,0.09581150114536285,0
0,0.09581150114536285,0
0,0.09581150114536285,0
0,0.09581150114536285,0
0,0.09581150114536285,0
0,0.09581150114536285,0
0,0.09581150114536285,0
0,0.09581150114536285,0
0,0.09581150114536285,0
0,0.09581150114536285,0
0,0.09581150114536285,0
0,0.09581150114536285,0
0,0.09581150114536285,0
0,0.09581150114536285,0
0,0.09581150114536285,0
0,0.09581150114536285,0
0,0.09581150114536285,0
0,0.09581150114536285,0
0,0.09581150114536285,0
0,0.09581150114536285,0
0,0.09581150114536285,0
0,0.09581150114536285,0
0,0.09581150114536285,0
0,0.09581150114536285,0
0,0.09581150114536285,0
0,0.09581150114536285,0
0,0.09581150114536285,0
0,0.09581150114536285,0
0,0.09581150114536285,0
0,0.09581150114536285,0
0,0.09581150114536285,0
0,0.09581150114536285,0
0,0.09581150114536285,0
0,0.09581150114536285,0
0,0.09581150114536285,0
0,0.09581150114536285,0
0,0.09581150114536285,0
0,0.09581150114536285,0
0,0.09581150114536285,0
0,0.09581150114536285,0
0,0.09581150114536285,0
0,0.09581150114536285,0
0,0.6545332670211792,0
0,0.6471360921859741,0
0,0.5066333413124084,0
0,0.09581150114536285,0
0,0.09581150114536285,0
0,0.09581150114536285,0
0,0.09581150114536285,0
0,0.09581150114536285,0
0,0.09581150114536285,0
0,0.09581150114536285,0
0,0.09581150114536285,0
0,0.09581150114536285,0
0,0.09581150114536285,0
0,0.09581150114536285,0
0,0.09581150114536285,0
0,0.09581150114536285,0
0,0.09581150114536285,0
0,0.09581150114536285,0
0,0.09581150114536285,0
0,0.09581150114536285,0
0,0.09581150114536285,0
0,0.09581150114536285,0
0,0.09581150114536285,0
0,0.09581150114536285,0
0,0.09581150114536285,0
0,0.09581150114536285,0
0,0.09581150114536285,0
0,0.09581150114536285,0
0,0.09581150114536285,0
0,0.09581150114536285,0
0,0.09581150114536285,0
0,0.09581150114536285,0
0,0.09581150114536285,0
0,0.09581150114536285,0
0,0.09581150114536285,0
0,0.09581150114536285,0
0,0.09581150114536285,0
0,0.09581150114536285,0
0,0.09581150114536285,0
0,0.09581150114536285,0
0,0.09581150114536285,0
0,0.09581150114536285,0
0,0.09581150114536285,0
0,0.09581150114536285,0
0,0.09581150114536285,0
0,0.09581150114536285,0
0,0.09581150114536285,0
0,0.09581150114536285,0
0,0.09581150114536285,0
0,0.09581150114536285,0
0,0.09581150114536285,0
0,0.09581150114536285,0
0,0.09581150114536285,0
0,0.09581150114536285,0
0,0.09581150114536285,0
0,0.09581150114536285,0
0,0.09581150114536285,0
0,0.09581150114536285,0
0,0.09581150114536285,0
0,0.09581150114536285,0
0,0.09581150114536285,0
0,0.09581150114536285,0
0,0.09581150114536285,0
0,0.09581150114536285,0
0,0.09581150114536285,0
0,0.09581150114536285,0
0,0.09581150114536285,0
0,0.09581150114536285,0
0,0.09581150114536285,0
0,0.09581150114536285,0
0,0.09581150114536285,0
0,0.09581150114536285,0
0,0.09581150114536285,0
0,0.09581150114536285,0
0,0.09581150114536285,0
0,0.09581150114536285,0
0,0.09581150114536285,0
0,0.09581150114536285,0
0,0.09581150114536285,0
0,0.09581150114536285,0
0,0.09581150114536285,0
0,0.09581150114536285,0
0,0.09581150114536285,0
0,0.09581150114536285,0
0,0.09581150114536285,0
0,0.09581150114536285,0
0,0.09581150114536285,0
0,0.09581150114536285,0
0,0.09581150114536285,0
0,0.09581150114536285,0
0,0.09581150114536285,0
0,0.09581150114536285,0
0,0.09581150114536285,0
0,0.09581150114536285,0
0,0.09581150114536285,0
0,0.09581150114536285,0
0,0.09581150114536285,0
0,0.09581150114536285,0
0,0.09581150114536285,0
0,0.09581150114536285,0
0,0.09581150114536285,0
0,0.09581150114536285,0
0,0.09581150114536285,0
0,0.09581150114536285,0
0,0.09581150114536285,0
0,0.09581150114536285,0
0,0.09581150114536285,0
0,0.09581150114536285,0
0,0.09581150114536285,0
0,0.09581150114536285,0
0,0.09581150114536285,0
0,0.09581150114536285,0
0,0.09581150114536285,0
0,0.09581150114536285,0
0,0.09581150114536285,0
0,0.09581150114536285,0
0,0.09581150114536285,0
0,0.09581150114536285,0
0,0.09581150114536285,0
0,0.09581150114536285,0
0,0.09581150114536285,0
0,0.09581150114536285,0
0,0.09581150114536285,0
0,0.09581150114536285,0
0,0.09581150114536285,0
0,0.09581150114536285,0
0,0.09581150114536285,0
0,0.09581150114536285,0
0,0.09581150114536285,0
0,0.09581150114536285,0
0,0.09581150114536285,0
0,0.09581150114536285,0
0,0.09581150114536285,0
0,0.09581150114536285,0
0,0.09581150114536285,0
0,0.09581150114536285,0
0,0.09581150114536285,0
0,0.09581150114536285,0
0,0.09581150114536285,0
0,0.09581150114536285,0
0,0.09581150114536285,0
0,0.09581150114536285,0
0,0.09581150114536285,0
0,0.09581150114536285,0
0,0.09581150114536285,0
0,0.09581150114536285,0
0,0.09581150114536285,0
0,0.09581150114536285,0
0,0.09581150114536285,0
0,0.09581150114536285,0
0,0.09581150114536285,0
0,0.09581150114536285,0
0,0.09581150114536285,0
0,0.09581150114536285,0
0,0.09581150114536285,0
0,0.09581150114536285,0
0,0.09581150114536285,0
0,0.09581150114536285,0
0,0.09581150114536285,0
0,0.09581150114536285,0
0,0.09581150114536285,0
0,0.09581150114536285,0
0,0.09581150114536285,0
0,0.09581150114536285,0
0,0.09581150114536285,0
0,0.09581150114536285,0
0,0.09581150114536285,0
0,0.09581150114536285,0
0,0.09581150114536285,0
0,0.09581150114536285,0
0,0.09581150114536285,0
0,0.09581150114536285,0
0,0.09581150114536285,0
0,0.09581150114536285,0
0,0.09581150114536285,0
0,0.09581150114536285,0
0,0.09581150114536285,0
0,0.09581150114536285,0
0,0.09581150114536285,0
0,0.09581150114536285,0
0,0.09581150114536285,0
0,0.09581150114536285,0
0,0.09581150114536285,0
0,0.09581150114536285,0
0,0.09581150114536285,0
0,0.09581150114536285,0
0,0.09581150114536285,0
0,0.09581150114536285,0
0,0.09581150114536285,0
0,0.09581150114536285,0
0,0.09581150114536285,0
0,0.09581150114536285,0
0,0.09581150114536285,0
0,0.09581150114536285,0
0,0.09581150114536285,0
0,0.09581150114536285,0
0,0.09581150114536285,0
0,0.09581150114536285,0
0,0.09581150114536285,0
0,0.09581150114536285,0
0,0.09581150114536285,0
0,0.09581150114536285,0
0,0.09581150114536285,0
0,0.09581150114536285,0
0,0.09581150114536285,0
0,0.09581150114536285,0
0,0.09581150114536285,0
0,0.09581150114536285,0
0,0.09581150114536285,0
0,0.09581150114536285,0
0,0.09581150114536285,0
0,0.09581150114536285,0
0,0.09581150114536285,0
0,0.09581150114536285,0
0,0.09581150114536285,0
0,0.09581150114536285,0
0,0.09581150114536285,0
0,0.09581150114536285,0
0,0.09581150114536285,0
0,0.09581150114536285,0
0,0.09581150114536285,0
0,0.09581150114536285,0
0,0.09581150114536285,0
0,0.09581150114536285,0
0,0.09581150114536285,0
0,0.09581150114536285,0
0,0.09581150114536285,0
0,0.09581150114536285,0
0,0.09581150114536285,0
0,0.09581150114536285,0
0,0.09581150114536285,0
0,0.09581150114536285,0
0,0.09581150114536285,0
0,0.09581150114536285,0
0,0.09581150114536285,0
0,0.09581150114536285,0
0,0.09581150114536285,0
0,0.09581150114536285,0
0,0.09581150114536285,0
0,0.09581150114536285,0
0,0.09581150114536285,0
0,0.09581150114536285,0
0,0.09581150114536285,0
0,0.09581150114536285,0
0,0.09581150114536285,0
0,0.09581150114536285,0
0,0.09581150114536285,0
0,0.09581150114536285,0
0,0.09581150114536285,0
0,0.09581150114536285,0
0,0.09581150114536285,0
0,0.09581150114536285,0
0,0.09581150114536285,0
0,0.09581150114536285,0
0,0.09581150114536285,0
0,0.09581150114536285,0
0,0.09581150114536285,0
0,0.09581150114536285,0
0,0.09581150114536285,0
0,0.09581150114536285,0
0,0.09581150114536285,0
0,0.09581150114536285,0
0,0.09581150114536285,0
0,0.09581150114536285,0
0,0.09581150114536285,0
0,0.09581150114536285,0
0,0.09581150114536285,0
0,0.09581150114536285,0
0,0.09581150114536285,0
0,0.09581150114536285,0
0,0.09581150114536285,0
0,0.09581150114536285,0
0,0.09581150114536285,0
0,0.09581150114536285,0
0,0.09581150114536285,0
0,0.09581150114536285,0
0,0.09581150114536285,0
0,0.09581150114536285,0
0,0.09581150114536285,0
0,0.09581150114536285,0
0,0.09581150114536285,0
0,0.09581150114536285,0
0,0.09581150114536285,0
0,0.09581150114536285,0
0,0.09581150114536285,0
0,0.09581150114536285,0
0,0.09581150114536285,0
0,0.09581150114536285,0
0,0.09581150114536285,0
0,0.09581150114536285,0
0,0.09581150114536285,0
0,0.09581150114536285,0
0,0.09581150114536285,0
0,0.09581150114536285,0
0,0.09581150114536285,0
0,0.09581150114536285,0
0,0.09581150114536285,0
0,0.09581150114536285,0
0,0.09581150114536285,0
0,0.09581150114536285,0
0,0.09581150114536285,0
0,0.09581150114536285,0
0,0.09581150114536285,0
0,0.09581150114536285,0
0,0.09581150114536285,0
0,0.09581150114536285,0
0,0.09581150114536285,0
0,0.09581150114536285,0
0,0.09581150114536285,0
0,0.09581150114536285,0
0,0.09581150114536285,0
0,0.09581150114536285,0
0,0.09581150114536285,0
0,0.09581150114536285,0
0,0.09581150114536285,0
0,0.09581150114536285,0
0,0.09581150114536285,0
0,0.09581150114536285,0
0,0.09581150114536285,0
0,0.09581150114536285,0
0,0.09581150114536285,0
0,0.09581150114536285,0
0,0.09581150114536285,0
0,0.09581150114536285,0
0,0.09581150114536285,0
0,0.09581150114536285,0
0,0.09581150114536285,0
0,0.09581150114536285,0
0,0.09581150114536285,0
0,0.09581150114536285,0
0,0.09581150114536285,0
0,0.09581150114536285,0
0,0.09581150114536285,0
0,0.09581150114536285,0
0,0.09581150114536285,0
0,0.09581150114536285,0
0,0.09581150114536285,0
0,0.09581150114536285,0
0,0.09581150114536285,0
0,0.09581150114536285,0
0,0.09581150114536285,0
0,0.09581150114536285,0
0,0.09581150114536285,0
0,0.09581150114536285,0
0,0.09581150114536285,0
0,0.09581150114536285,0
0,0.09581150114536285,0
0,0.09581150114536285,0
0,0.09581150114536285,0
0,0.09581150114536285,0
0,0.09581150114536285,0
0,0.09581150114536285,0
0,0.09581150114536285,0
0,0.09581150114536285,0
0,0.09581150114536285,0
0,0.09581150114536285,0
0,0.09581150114536285,0
0,0.09581150114536285,0
0,0.09581150114536285,0
0,0.09581150114536285,0
0,0.09581150114536285,0
0,0.09581150114536285,0
0,0.09581150114536285,0
0,0.09581150114536285,0
0,0.09581150114536285,0
0,0.09581150114536285,0
0,0.09581150114536285,0
0,0.09581150114536285,0
0,0.09581150114536285,0
0,0.09581150114536285,0
0,0.09581150114536285,0
0,0.09581150114536285,0
0,0.09581150114536285,0
0,0.09581150114536285,0
0,0.09581150114536285,0
0,0.09581150114536285,0
0,0.09581150114536285,0
0,0.09581150114536285,0
0,0.09581150114536285,0
0,0.09581150114536285,0
0,0.09581150114536285,0
0,0.09581150114536285,0
0,0.09581150114536285,0
0,0.09581150114536285,0
0,0.09581150114536285,0
0,0.09581150114536285,0
0,0.09581150114536285,0
0,0.09581150114536285,0
0,0.09581150114536285,0
0,0.09581150114536285,0
0,0.09581150114536285,0
0,0.09581150114536285,0
0,0.09581150114536285,0
0,0.09581150114536285,0
0,0.09581150114536285,0
0,0.09581150114536285,0
0,0.09581150114536285,0
0,0.09581150114536285,0
0,0.09581150114536285,0
0,0.09581150114536285,0
0,0.09581150114536285,0
0,0.09581150114536285,0
0,0.09581150114536285,0
0,0.09581150114536285,0
0,0.09581150114536285,0
0,0.09581150114536285,0
0,0.09581150114536285,0
0,0.09581150114536285,0
0,0.09581150114536285,0
0,0.09581150114536285,0
0,0.09581150114536285,0
0,0.09581150114536285,0
0,0.09581150114536285,0
0,0.09581150114536285,0
0,0.09581150114536285,0
0,0.09581150114536285,0
0,0.09581150114536285,0
0,0.09581150114536285,0
0,0.09581150114536285,0
0,0.09581150114536285,0
0,0.09581150114536285,0
0,0.09581150114536285,0
0,0.09581150114536285,0
0,0.09581150114536285,0
0,0.09581150114536285,0
0,0.09581150114536285,0
0,0.09581150114536285,0
0,0.09581150114536285,0
0,0.09581150114536285,0
0,0.09581150114536285,0
0,0.09581150114536285,0
0,0.09581150114536285,0
0,0.09581150114536285,0
0,0.09581150114536285,0
0,0.09581150114536285,0
0,0.09581150114536285,0
0,0.09581150114536285,0
0,0.09581150114536285,0
0,0.09581150114536285,0
0,0.09581150114536285,0
0,0.09581150114536285,0
0,0.09581150114536285,0
0,0.09581150114536285,0
0,0.09581150114536285,0
0,0.09581150114536285,0
0,0.09581150114536285,0
0,0.09581150114536285,0
0,0.09581150114536285,0
0,0.09581150114536285,0
0,0.09581150114536285,0
0,0.09581150114536285,0
0,0.09581150114536285,0
0,0.09581150114536285,0
0,0.09581150114536285,0
0,0.09581150114536285,0
0,0.09581150114536285,0
0,0.09581150114536285,0
0,0.09581150114536285,0
0,0.09581150114536285,0
0,0.09581150114536285,0
0,0.09581150114536285,0
0,0.09581150114536285,0
0,0.09581150114536285,0
0,0.09581150114536285,0
0,0.09581150114536285,0
0,0.09581150114536285,0
0,0.09581150114536285,0
0,0.09581150114536285,0
0,0.09581150114536285,0
0,0.09581150114536285,0
0,0.09581150114536285,0
0,0.09581150114536285,0
0,0.09581150114536285,0
0,0.09581150114536285,0
0,0.09581150114536285,0
0,0.09581150114536285,0
0,0.09581150114536285,0
0,0.09581150114536285,0
0,0.09581150114536285,0
0,0.09581150114536285,0
0,0.09581150114536285,0
0,0.09581150114536285,0
0,0.09581150114536285,0
0,0.09581150114536285,0
0,0.09581150114536285,0
0,0.09581150114536285,0
0,0.09581150114536285,0
0,0.09581150114536285,0
0,0.09581150114536285,0
0,0.09581150114536285,0
0,0.09581150114536285,0
0,0.09581150114536285,0
0,0.09581150114536285,0
0,0.09581150114536285,0
0,0.09581150114536285,0
0,0.09581150114536285,0
0,0.09581150114536285,0
0,0.09581150114536285,0
0,0.09581150114536285,0
0,0.09581150114536285,0
0,0.09581150114536285,0
0,0.09581150114536285,0
0,0.09581150114536285,0
0,0.09581150114536285,0
0,0.09581150114536285,0
0,0.09581150114536285,0
0,0.09581150114536285,0
0,0.09581150114536285,0
0,0.09581150114536285,0
0,0.09581150114536285,0
0,0.09581150114536285,0
0,0.09581150114536285,0
0,0.09581150114536285,0
0,0.09581150114536285,0
0,0.09581150114536285,0
0,0.09581150114536285,0
0,0.09581150114536285,0
0,0.09581150114536285,0
0,0.09581150114536285,0
0,0.09581150114536285,0
0,0.09581150114536285,0
0,0.09581150114536285,0
0,0.09581150114536285,0
0,0.09581150114536285,0
0,0.09581150114536285,0
0,0.09581150114536285,0
0,0.09581150114536285,0
0,0.09581150114536285,0
0,0.09581150114536285,0
0,0.09581150114536285,0
0,0.09581150114536285,0
0,0.09581150114536285,0
0,0.09581150114536285,0
0,0.09581150114536285,0
0,0.09581150114536285,0
0,0.09581150114536285,0
0,0.09581150114536285,0
0,0.09581150114536285,0
0,0.09581150114536285,0
0,0.09581150114536285,0
0,0.09581150114536285,0
0,0.09581150114536285,0
0,0.09581150114536285,0
0,0.09581150114536285,0
0,0.09581150114536285,0
0,0.09581150114536285,0
0,0.09581150114536285,0
0,0.09581150114536285,0
0,0.09581150114536285,0
0,0.09581150114536285,0
0,0.09581150114536285,0
0,0.09581150114536285,0
0,0.09581150114536285,0
0,0.09581150114536285,0
0,0.09581150114536285,0
0,0.09581150114536285,0
0,0.09581150114536285,0
0,0.09581150114536285,0
0,0.09581150114536285,0
0,0.09581150114536285,0
0,0.09581150114536285,0
0,0.09581150114536285,0
0,0.09581150114536285,0
0,0.09581150114536285,0
0,0.09581150114536285,0
0,0.09581150114536285,0
0,0.09581150114536285,0
0,0.09581150114536285,0
0,0.09581150114536285,0
0,0.09581150114536285,0
0,0.09581150114536285,0
0,0.09581150114536285,0
0,0.09581150114536285,0
0,0.09581150114536285,0
0,0.09581150114536285,0
0,0.09581150114536285,0
0,0.09581150114536285,0
0,0.09581150114536285,0
0,0.09581150114536285,0
0,0.09581150114536285,0
0,0.09581150114536285,0
0,0.09581150114536285,0
0,0.09581150114536285,0
0,0.09581150114536285,0
0,0.09581150114536285,0
0,0.09581150114536285,0
0,0.09581150114536285,0
0,0.09581150114536285,0
0,0.09581150114536285,0
0,0.09581150114536285,0
0,0.09581150114536285,0
0,0.09581150114536285,0
0,0.09581150114536285,0
0,0.09581150114536285,0
0,0.09581150114536285,0
0,0.09581150114536285,0
0,0.09581150114536285,0
0,0.09581150114536285,0
0,0.09581150114536285,0
0,0.09581150114536285,0
0,0.09581150114536285,0
0,0.09581150114536285,0
0,0.09581150114536285,0
0,0.09581150114536285,0
0,0.09581150114536285,0
0,0.09581150114536285,0
0,0.09581150114536285,0
0,0.09581150114536285,0
0,0.09581150114536285,0
0,0.09581150114536285,0
0,0.09581150114536285,0
0,0.09581150114536285,0
0,0.09581150114536285,0
0,0.09581150114536285,0
0,0.09581150114536285,0
0,0.09581150114536285,0
0,0.09581150114536285,0
0,0.09581150114536285,0
0,0.09581150114536285,0
0,0.09581150114536285,0
0,0.09581150114536285,0
0,0.09581150114536285,0
0,0.09581150114536285,0
0,0.09581150114536285,0
0,0.09581150114536285,0
0,0.09581150114536285,0
0,0.09581150114536285,0
0,0.09581150114536285,0
0,0.09581150114536285,0
0,0.09581150114536285,0
0,0.09581150114536285,0
0,0.09581150114536285,0
0,0.09581150114536285,0
0,0.09581150114536285,0
0,0.09581150114536285,0
0,0.09581150114536285,0
0,0.09581150114536285,0
0,0.09581150114536285,0
0,0.09581150114536285,0
0,0.09581150114536285,0
0,0.09581150114536285,0
0,0.09581150114536285,0
0,0.09581150114536285,0
0,0.09581150114536285,0
0,0.09581150114536285,0
0,0.09581150114536285,0
0,0.09581150114536285,0
0,0.09581150114536285,0
0,0.09581150114536285,0
0,0.09581150114536285,0
0,0.09581150114536285,0
0,0.09581150114536285,0
0,0.09581150114536285,0
0,0.09581150114536285,0
0,0.09581150114536285,0
0,0.09581150114536285,0
0,0.09581150114536285,0
0,0.09581150114536285,0
0,0.09581150114536285,0
0,0.09581150114536285,0
0,0.09581150114536285,0
0,0.09581150114536285,0
0,0.09581150114536285,0
0,0.09581150114536285,0
0,0.09581150114536285,0
0,0.09581150114536285,0
0,0.09581150114536285,0
0,0.09581150114536285,0
0,0.09581150114536285,0
0,0.09581150114536285,0
0,0.09581150114536285,0
0,0.09581150114536285,0
0,0.09581150114536285,0
0,0.09581150114536285,0
0,0.09581150114536285,0
0,0.09581150114536285,0
0,0.09581150114536285,0
0,0.09581150114536285,0
0,0.09581150114536285,0
0,0.09581150114536285,0
0,0.09581150114536285,0
0,0.09581150114536285,0
0,0.09581150114536285,0
0,0.09581150114536285,0
0,0.09581150114536285,0
0,0.09581150114536285,0
0,0.09581150114536285,0
0,0.09581150114536285,0
0,0.09581150114536285,0
0,0.09581150114536285,0
0,0.09581150114536285,0
0,0.09581150114536285,0
0,0.09581150114536285,0
0,0.09581150114536285,0
0,0.09581150114536285,0
0,0.09581150114536285,0
0,0.09581150114536285,0
0,0.09581150114536285,0
0,0.09581150114536285,0
0,0.09581150114536285,0
0,0.09581150114536285,0
0,0.09581150114536285,0
0,0.09581150114536285,0
0,0.09581150114536285,0
0,0.09581150114536285,0
0,0.09581150114536285,0
0,0.09581150114536285,0
0,0.09581150114536285,0
0,0.09581150114536285,0
0,0.09581150114536285,0
0,0.09581150114536285,0
0,0.09581150114536285,0
0,0.09581150114536285,0
0,0.09581150114536285,0
0,0.09581150114536285,0
0,0.09581150114536285,0
0,0.09581150114536285,0
0,0.09581150114536285,0
0,0.09581150114536285,0
0,0.09581150114536285,0
0,0.09581150114536285,0
0,0.09581150114536285,0
0,0.09581150114536285,0
0,0.09581150114536285,0
0,0.09581150114536285,0
0,0.09581150114536285,0
0,0.09581150114536285,0
0,0.09581150114536285,0
0,0.09581150114536285,0
0,0.09581150114536285,0
0,0.09581150114536285,0
0,0.09581150114536285,0
0,0.09581150114536285,0
0,0.09581150114536285,0
0,0.09581150114536285,0
0,0.09581150114536285,0
0,0.09581150114536285,0
0,0.09581150114536285,0
0,0.09581150114536285,0
0,0.09581150114536285,0
0,0.09581150114536285,0
0,0.09581150114536285,0
0,0.09581150114536285,0
0,0.09581150114536285,0
0,0.09581150114536285,0
0,0.09581150114536285,0
0,0.09581150114536285,0
0,0.09581150114536285,0
0,0.09581150114536285,0
0,0.09581150114536285,0
0,0.09581150114536285,0
0,0.09581150114536285,0
0,0.09581150114536285,0
0,0.09581150114536285,0
0,0.09581150114536285,0
0,0.09581150114536285,0
0,0.09581150114536285,0
0,0.09581150114536285,0
0,0.09581150114536285,0
0,0.09581150114536285,0
0,0.09581150114536285,0
0,0.09581150114536285,0
0,0.09581150114536285,0
0,0.09581150114536285,0
0,0.09581150114536285,0
0,0.09581150114536285,0
0,0.09581150114536285,0
0,0.09581150114536285,0
0,0.09581150114536285,0
0,0.09581150114536285,0
0,0.09581150114536285,0
0,0.09581150114536285,0
0,0.09581150114536285,0
0,0.09581150114536285,0
0,0.09581150114536285,0
0,0.09581150114536285,0
0,0.09581150114536285,0
0,0.09581150114536285,0
0,0.09581150114536285,0
0,0.09581150114536285,0
0,0.09581150114536285,0
0,0.09581150114536285,0
0,0.09581150114536285,0
0,0.09581150114536285,0
0,0.09581150114536285,0
0,0.09581150114536285,0
0,0.09581150114536285,0
0,0.09581150114536285,0
0,0.09581150114536285,0
0,0.09581150114536285,0
0,0.09581150114536285,0
0,0.09581150114536285,0
0,0.09581150114536285,0
0,0.09581150114536285,0
0,0.09581150114536285,0
0,0.09581150114536285,0
0,0.09581150114536285,0
0,0.09581150114536285,0
0,0.09581150114536285,0
0,0.09581150114536285,0
0,0.09581150114536285,0
0,0.09581150114536285,0
0,0.09581150114536285,0
0,0.09581150114536285,0
0,0.09581150114536285,0
0,0.09581150114536285,0
0,0.09581150114536285,0
0,0.09581150114536285,0
0,0.09581150114536285,0
0,0.09581150114536285,0
0,0.09581150114536285,0
0,0.09581150114536285,0
0,0.09581150114536285,0
0,0.09581150114536285,0
0,0.09581150114536285,0
0,0.09581150114536285,0
0,0.09581150114536285,0
0,0.09581150114536285,0
0,0.09581150114536285,0
0,0.09581150114536285,0
0,0.09581150114536285,0
0,0.09581150114536285,0
0,0.09581150114536285,0
0,0.09581150114536285,0
0,0.09581150114536285,0
0,0.09581150114536285,0
0,0.09581150114536285,0
0,0.09581150114536285,0
0,0.09581150114536285,0
0,0.09581150114536285,0
0,0.09581150114536285,0
0,0.09581150114536285,0
0,0.09581150114536285,0
0,0.09581150114536285,0
0,0.09581150114536285,0
0,0.09581150114536285,0
0,0.09581150114536285,0
0,0.09581150114536285,0
0,0.09581150114536285,0
0,0.09581150114536285,0
0,0.09581150114536285,0
0,0.09581150114536285,0
0,0.09581150114536285,0
0,0.09581150114536285,0
0,0.09581150114536285,0
0,0.09581150114536285,0
0,0.09581150114536285,0
0,0.09581150114536285,0
0,0.09581150114536285,0
0,0.09581150114536285,0
0,0.09581150114536285,0
0,0.09581150114536285,0
0,0.09581150114536285,0
0,0.09581150114536285,0
0,0.09581150114536285,0
0,0.09581150114536285,0
0,0.09581150114536285,0
0,0.09581150114536285,0
0,0.09581150114536285,0
0,0.09581150114536285,0
0,0.09581150114536285,0
0,0.09581150114536285,0
0,0.09581150114536285,0
0,0.09581150114536285,0
0,0.09581150114536285,0
0,0.09581150114536285,0
0,0.09581150114536285,0
0,0.09581150114536285,0
0,0.09581150114536285,0
0,0.09581150114536285,0
0,0.09581150114536285,0
0,0.09581150114536285,0
0,0.09581150114536285,0
0,0.09581150114536285,0
0,0.09581150114536285,0
0,0.09581150114536285,0
0,0.09581150114536285,0
0,0.09581150114536285,0
0,0.09581150114536285,0
0,0.09581150114536285,0
0,0.09581150114536285,0
0,0.09581150114536285,0
0,0.09581150114536285,0
0,0.09581150114536285,0
0,0.09581150114536285,0
0,0.09581150114536285,0
0,0.09581150114536285,0
0,0.09581150114536285,0
0,0.09581150114536285,0
0,0.09581150114536285,0
0,0.09581150114536285,0
0,0.09581150114536285,0
0,0.09581150114536285,0
0,0.09581150114536285,0
0,0.09581150114536285,0
0,0.09581150114536285,0
0,0.09581150114536285,0
0,0.09581150114536285,0
0,0.09581150114536285,0
0,0.09581150114536285,0
0,0.09581150114536285,0
0,0.09581150114536285,0
0,0.09581150114536285,0
0,0.09581150114536285,0
0,0.09581150114536285,0
0,0.09581150114536285,0
0,0.09581150114536285,0
0,0.09581150114536285,0
0,0.09581150114536285,0
0,0.09581150114536285,0
0,0.09581150114536285,0
0,0.09581150114536285,0
0,0.09581150114536285,0
0,0.09581150114536285,0
0,0.09581150114536285,0
0,0.09581150114536285,0
0,0.09581150114536285,0
0,0.09581150114536285,0
0,0.09581150114536285,0
0,0.09581150114536285,0
0,0.09581150114536285,0
0,0.09581150114536285,0
0,0.09581150114536285,0
0,0.09581150114536285,0
0,0.09581150114536285,0
0,0.09581150114536285,0
0,0.09581150114536285,0
0,0.09581150114536285,0
0,0.09581150114536285,0
0,0.09581150114536285,0
0,0.09581150114536285,0
0,0.09581150114536285,0
0,0.09581150114536285,0
0,0.09581150114536285,0
0,0.09581150114536285,0
0,0.09581150114536285,0
0,0.09581150114536285,0
0,0.09581150114536285,0
0,0.09581150114536285,0
0,0.09581150114536285,0
0,0.09581150114536285,0
0,0.09581150114536285,0
0,0.09581150114536285,0
0,0.09581150114536285,0
0,0.09581150114536285,0
0,0.09581150114536285,0
0,0.09581150114536285,0
0,0.09581150114536285,0
0,0.09581150114536285,0
0,0.09581150114536285,0
0,0.09581150114536285,0
0,0.09581150114536285,0
0,0.09581150114536285,0
0,0.09581150114536285,0
0,0.09581150114536285,0
0,0.09581150114536285,0
0,0.09581150114536285,0
0,0.09581150114536285,0
0,0.09581150114536285,0
0,0.09581150114536285,0
0,0.09581150114536285,0
0,0.09581150114536285,0
0,0.09581150114536285,0
0,0.09581150114536285,0
0,0.09581150114536285,0
0,0.09581150114536285,0
0,0.09581150114536285,0
0,0.09581150114536285,0
0,0.09581150114536285,0
0,0.09581150114536285,0
0,0.09581150114536285,0
0,0.09581150114536285,0
0,0.09581150114536285,0
0,0.09581150114536285,0
0,0.09581150114536285,0
0,0.09581150114536285,0
0,0.09581150114536285,0
0,0.09581150114536285,0
0,0.09581150114536285,0
0,0.09581150114536285,0
0,0.09581150114536285,0
0,0.09581150114536285,0
0,0.09581150114536285,0
0,0.09581150114536285,0
0,0.09581150114536285,0
0,0.09581150114536285,0
0,0.09581150114536285,0
0,0.09581150114536285,0
0,0.09581150114536285,0
0,0.09581150114536285,0
0,0.09581150114536285,0
0,0.09581150114536285,0
0,0.09581150114536285,0
0,0.09581150114536285,0
0,0.09581150114536285,0
0,0.09581150114536285,0
0,0.09581150114536285,0
0,0.09581150114536285,0
0,0.09581150114536285,0
0,0.09581150114536285,0
0,0.09581150114536285,0
0,0.09581150114536285,0
0,0.09581150114536285,0
0,0.09581150114536285,0
0,0.09581150114536285,0
0,0.09581150114536285,0
0,0.09581150114536285,0
0,0.09581150114536285,0
0,0.09581150114536285,0
0,0.09581150114536285,0
0,0.09581150114536285,0
0,0.09581150114536285,0
0,0.09581150114536285,0
0,0.09581150114536285,0
0,0.09581150114536285,0
0,0.09581150114536285,0
0,0.09581150114536285,0
0,0.09581150114536285,0
0,0.09581150114536285,0
0,0.09581150114536285,0
0,0.09581150114536285,0
0,0.09581150114536285,0
0,0.09581150114536285,0
0,0.09581150114536285,0
0,0.09581150114536285,0
0,0.09581150114536285,0
0,0.09581150114536285,0
0,0.09581150114536285,0
0,0.09581150114536285,0
0,0.09581150114536285,0
0,0.09581150114536285,0
0,0.09581150114536285,0
0,0.09581150114536285,0
0,0.09581150114536285,0
0,0.09581150114536285,0
0,0.09581150114536285,0
0,0.09581150114536285,0
0,0.09581150114536285,0
0,0.09581150114536285,0
0,0.09581150114536285,0
0,0.09581150114536285,0
0,0.09581150114536285,0
0,0.09581150114536285,0
0,0.09581150114536285,0
0,0.09581150114536285,0
0,0.09581150114536285,0
0,0.09581150114536285,0
0,0.09581150114536285,0
0,0.09581150114536285,0
0,0.09581150114536285,0
0,0.09581150114536285,0
0,0.09581150114536285,0
0,0.09581150114536285,0
0,0.09581150114536285,0
0,0.09581150114536285,0
0,0.09581150114536285,0
0,0.09581150114536285,0
0,0.09581150114536285,0
0,0.09581150114536285,0
0,0.09581150114536285,0
0,0.09581150114536285,0
0,0.09581150114536285,0
0,0.09581150114536285,0
0,0.09581150114536285,0
0,0.09581150114536285,0
0,0.09581150114536285,0
0,0.09581150114536285,0
0,0.09581150114536285,0
0,0.09581150114536285,0
0,0.09581150114536285,0
0,0.09581150114536285,0
0,0.09581150114536285,0
0,0.09581150114536285,0
0,0.09581150114536285,0
0,0.5379312634468079,0
0,0.5066333413124084,0
0,0.09581150114536285,0
0,0.09581150114536285,0
0,0.09581150114536285,0
0,0.09581150114536285,0
0,0.09581150114536285,0
0,0.09581150114536285,0
0,0.09581150114536285,0
0,0.09581150114536285,0
0,0.09581150114536285,0
0,0.09581150114536285,0
0,0.09581150114536285,0
0,0.09581150114536285,0
0,0.09581150114536285,0
0,0.09581150114536285,0
0,0.09581150114536285,0
0,0.09581150114536285,0
0,0.09581150114536285,0
0,0.09581150114536285,0
0,0.09581150114536285,0
0,0.09581150114536285,0
0,0.09581150114536285,0
1,0.09581150114536285,0
0,0.8923224210739136,0
0,0.8895574808120728,0
1,0.883767306804657,0
0,0.9598137736320496,0
0,0.9503390789031982,0
0,0.9392628073692322,0
0,0.9255175590515137,0
0,0.920185923576355,0
0,0.9214003086090088,0
0,0.9188413619995117,0
0,0.9101938605308533,0
0,0.8999247550964355,0
0,0.8933264017105103,0
0,0.8823981285095215,0
0,0.8620598912239075,0
0,0.8258898854255676,0
0,0.7971332669258118,0
0,0.7944531440734863,0
0,0.79388028383255,0
0,0.8126577734947205,0
0,0.8473380208015442,0
0,0.8507303595542908,0
0,0.827568769454956,0
0,0.7822268605232239,0
0,0.7611483931541443,0
0,0.761753499507904,0
0,0.7940117120742798,0
0,0.820366621017456,0
0,0.8188794851303101,0
0,0.811379075050354,0
0,0.8284408450126648,0
0,0.6545332670211792,0
0,0.6471360921859741,0
0,0.5066333413124084,0
0,0.09581150114536285,0
0,0.09581150114536285,0
0,0.09581150114536285,0
0,0.09581150114536285,0
0,0.09581150114536285,0
0,0.09581150114536285,0
0,0.09581150114536285,0
0,0.09581150114536285,0
0,0.09581150114536285,0
0,0.09581150114536285,0
0,0.09581150114536285,0
0,0.09581150114536285,0
0,0.09581150114536285,0
0,0.09581150114536285,0
0,0.09581150114536285,0
0,0.09581150114536285,0
0,0.09581150114536285,0
0,0.09581150114536285,0
0,0.09581150114536285,0
0,0.09581150114536285,0
0,0.09581150114536285,0
0,0.09581150114536285,0
0,0.09581150114536285,0
0,0.09581150114536285,0
0,0.09581150114536285,0
0,0.09581150114536285,0
0,0.09581150114536285,0
0,0.09581150114536285,0
0,0.09581150114536285,0
0,0.09581150114536285,0
0,0.09581150114536285,0
0,0.09581150114536285,0
0,0.09581150114536285,0
0,0.09581150114536285,0
0,0.09581150114536285,0
0,0.09581150114536285,0
0,0.09581150114536285,0
0,0.09581150114536285,0
0,0.09581150114536285,0
0,0.09581150114536285,0
0,0.09581150114536285,0
0,0.09581150114536285,0
0,0.09581150114536285,0
0,0.09581150114536285,0
0,0.09581150114536285,0
0,0.09581150114536285,0
0,0.09581150114536285,0
0,0.09581150114536285,0
0,0.09581150114536285,0
0,0.09581150114536285,0
0,0.09581150114536285,0
0,0.09581150114536285,0
0,0.09581150114536285,0
0,0.09581150114536285,0
0,0.09581150114536285,0
0,0.09581150114536285,0
0,0.09581150114536285,0
0,0.09581150114536285,0
0,0.09581150114536285,0
0,0.09581150114536285,0
0,0.09581150114536285,0
0,0.09581150114536285,0
0,0.09581150114536285,0
0,0.09581150114536285,0
0,0.09581150114536285,0
0,0.09581150114536285,0
0,0.09581150114536285,0
0,0.09581150114536285,0
0,0.09581150114536285,0
0,0.09581150114536285,0
0,0.09581150114536285,0
0,0.09581150114536285,0
0,0.09581150114536285,0
0,0.09581150114536285,0
0,0.09581150114536285,0
0,0.09581150114536285,0
0,0.09581150114536285,0
0,0.09581150114536285,0
0,0.09581150114536285,0
0,0.09581150114536285,0
0,0.09581150114536285,0
0,0.09581150114536285,0
0,0.09581150114536285,0
0,0.09581150114536285,0
0,0.09581150114536285,0
0,0.09581150114536285,0
0,0.09581150114536285,0
0,0.09581150114536285,0
0,0.09581150114536285,0
0,0.09581150114536285,0
0,0.09581150114536285,0
0,0.09581150114536285,0
0,0.09581150114536285,0
0,0.09581150114536285,0
0,0.09581150114536285,0
0,0.09581150114536285,0
0,0.09581150114536285,0
0,0.09581150114536285,0
0,0.09581150114536285,0
0,0.09581150114536285,0
0,0.09581150114536285,0
0,0.09581150114536285,0
0,0.09581150114536285,0
0,0.09581150114536285,0
0,0.09581150114536285,0
0,0.09581150114536285,0
0,0.09581150114536285,0
0,0.09581150114536285,0
0,0.09581150114536285,0
0,0.09581150114536285,0
0,0.09581150114536285,0
0,0.09581150114536285,0
0,0.09581150114536285,0
0,0.09581150114536285,0
0,0.09581150114536285,0
0,0.09581150114536285,0
0,0.09581150114536285,0
0,0.09581150114536285,0
0,0.09581150114536285,0
0,0.09581150114536285,0
0,0.09581150114536285,0
0,0.09581150114536285,0
0,0.09581150114536285,0
0,0.09581150114536285,0
0,0.09581150114536285,0
0,0.09581150114536285,0
0,0.09581150114536285,0
0,0.09581150114536285,0
0,0.09581150114536285,0
0,0.09581150114536285,0
0,0.09581150114536285,0
0,0.09581150114536285,0
0,0.09581150114536285,0
0,0.09581150114536285,0
0,0.09581150114536285,0
0,0.09581150114536285,0
0,0.09581150114536285,0
0,0.09581150114536285,0
0,0.09581150114536285,0
0,0.09581150114536285,0
0,0.09581150114536285,0
0,0.09581150114536285,0
0,0.09581150114536285,0
0,0.09581150114536285,0
0,0.09581150114536285,0
0,0.09581150114536285,0
0,0.09581150114536285,0
0,0.09581150114536285,0
0,0.09581150114536285,0
0,0.09581150114536285,0
0,0.09581150114536285,0
0,0.09581150114536285,0
0,0.09581150114536285,0
0,0.09581150114536285,0
0,0.09581150114536285,0
0,0.09581150114536285,0
0,0.09581150114536285,0
0,0.09581150114536285,0
0,0.09581150114536285,0
0,0.09581150114536285,0
0,0.09581150114536285,0
0,0.09581150114536285,0
0,0.09581150114536285,0
0,0.09581150114536285,0
0,0.09581150114536285,0
0,0.09581150114536285,0
0,0.09581150114536285,0
0,0.09581150114536285,0
0,0.09581150114536285,0
0,0.09581150114536285,0
0,0.09581150114536285,0
0,0.09581150114536285,0
0,0.09581150114536285,0
0,0.09581150114536285,0
0,0.09581150114536285,0
0,0.09581150114536285,0
0,0.09581150114536285,0
0,0.09581150114536285,0
0,0.09581150114536285,0
0,0.09581150114536285,0
0,0.09581150114536285,0
0,0.09581150114536285,0
0,0.09581150114536285,0
0,0.09581150114536285,0
0,0.09581150114536285,0
0,0.09581150114536285,0
0,0.09581150114536285,0
0,0.09581150114536285,0
0,0.09581150114536285,0
0,0.09581150114536285,0
0,0.09581150114536285,0
0,0.09581150114536285,0
0,0.09581150114536285,0
0,0.09581150114536285,0
0,0.09581150114536285,0
0,0.09581150114536285,0
0,0.09581150114536285,0
0,0.09581150114536285,0
0,0.09581150114536285,0
0,0.09581150114536285,0
0,0.09581150114536285,0
0,0.09581150114536285,0
0,0.09581150114536285,0
0,0.09581150114536285,0
0,0.09581150114536285,0
0,0.09581150114536285,0
0,0.09581150114536285,0
0,0.09581150114536285,0
0,0.09581150114536285,0
0,0.09581150114536285,0
0,0.09581150114536285,0
0,0.09581150114536285,0
0,0.09581150114536285,0
0,0.09581150114536285,0
0,0.09581150114536285,0
0,0.09581150114536285,0
0,0.09581150114536285,0
0,0.09581150114536285,0
0,0.09581150114536285,0
0,0.09581150114536285,0
0,0.09581150114536285,0
0,0.09581150114536285,0
0,0.09581150114536285,0
0,0.09581150114536285,0
0,0.09581150114536285,0
0,0.09581150114536285,0
0,0.09581150114536285,0
0,0.09581150114536285,0
0,0.09581150114536285,0
0,0.09581150114536285,0
0,0.09581150114536285,0
0,0.09581150114536285,0
0,0.09581150114536285,0
0,0.09581150114536285,0
0,0.09581150114536285,0
0,0.09581150114536285,0
0,0.09581150114536285,0
0,0.09581150114536285,0
0,0.09581150114536285,0
0,0.09581150114536285,0
0,0.09581150114536285,0
0,0.09581150114536285,0
0,0.09581150114536285,0
0,0.09581150114536285,0
0,0.09581150114536285,0
0,0.09581150114536285,0
0,0.09581150114536285,0
0,0.09581150114536285,0
0,0.09581150114536285,0
0,0.09581150114536285,0
0,0.09581150114536285,0
0,0.09581150114536285,0
0,0.09581150114536285,0
0,0.09581150114536285,0
0,0.09581150114536285,0
0,0.09581150114536285,0
0,0.09581150114536285,0
0,0.09581150114536285,0
0,0.09581150114536285,0
0,0.09581150114536285,0
0,0.09581150114536285,0
0,0.09581150114536285,0
0,0.09581150114536285,0
0,0.09581150114536285,0
0,0.09581150114536285,0
0,0.09581150114536285,0
0,0.09581150114536285,0
0,0.09581150114536285,0
0,0.09581150114536285,0
0,0.09581150114536285,0
0,0.09581150114536285,0
0,0.09581150114536285,0
0,0.09581150114536285,0
0,0.09581150114536285,0
0,0.09581150114536285,0
0,0.09581150114536285,0
0,0.09581150114536285,0
0,0.09581150114536285,0
0,0.09581150114536285,0
0,0.09581150114536285,0
0,0.09581150114536285,0
0,0.09581150114536285,0
0,0.09581150114536285,0
0,0.09581150114536285,0
0,0.09581150114536285,0
0,0.09581150114536285,0
0,0.09581150114536285,0
0,0.09581150114536285,0
0,0.09581150114536285,0
0,0.09581150114536285,0
0,0.09581150114536285,0
0,0.09581150114536285,0
0,0.09581150114536285,0
0,0.09581150114536285,0
0,0.09581150114536285,0
0,0.09581150114536285,0
0,0.09581150114536285,0
0,0.09581150114536285,0
0,0.09581150114536285,0
0,0.09581150114536285,0
0,0.09581150114536285,0
0,0.09581150114536285,0
0,0.09581150114536285,0
0,0.09581150114536285,0
0,0.09581150114536285,0
0,0.09581150114536285,0
0,0.09581150114536285,0
0,0.09581150114536285,0
0,0.09581150114536285,0
0,0.09581150114536285,0
0,0.09581150114536285,0
0,0.09581150114536285,0
0,0.09581150114536285,0
0,0.09581150114536285,0
0,0.09581150114536285,0
0,0.09581150114536285,0
0,0.09581150114536285,0
0,0.09581150114536285,0
0,0.09581150114536285,0
0,0.09581150114536285,0
0,0.09581150114536285,0
0,0.09581150114536285,0
0,0.09581150114536285,0
0,0.09581150114536285,0
0,0.09581150114536285,0
0,0.09581150114536285,0
0,0.09581150114536285,0
0,0.09581150114536285,0
0,0.09581150114536285,0
0,0.09581150114536285,0
0,0.09581150114536285,0
0,0.09581150114536285,0
0,0.09581150114536285,0
0,0.09581150114536285,0
0,0.09581150114536285,0
0,0.09581150114536285,0
0,0.09581150114536285,0
0,0.09581150114536285,0
0,0.09581150114536285,0
0,0.09581150114536285,0
0,0.09581150114536285,0
0,0.09581150114536285,0
0,0.09581150114536285,0
0,0.09581150114536285,0
0,0.09581150114536285,0
0,0.09581150114536285,0
0,0.09581150114536285,0
0,0.09581150114536285,0
0,0.09581150114536285,0
0,0.09581150114536285,0
0,0.09581150114536285,0
0,0.09581150114536285,0
0,0.09581150114536285,0
0,0.09581150114536285,0
0,0.09581150114536285,0
0,0.09581150114536285,0
0,0.09581150114536285,0
0,0.09581150114536285,0
0,0.09581150114536285,0
0,0.09581150114536285,0
0,0.09581150114536285,0
0,0.09581150114536285,0
0,0.09581150114536285,0
0,0.09581150114536285,0
0,0.09581150114536285,0
0,0.09581150114536285,0
0,0.09581150114536285,0
0,0.09581150114536285,0
0,0.09581150114536285,0
0,0.09581150114536285,0
0,0.09581150114536285,0
0,0.09581150114536285,0
0,0.09581150114536285,0
0,0.09581150114536285,0
0,0.09581150114536285,0
0,0.09581150114536285,0
0,0.09581150114536285,0
0,0.09581150114536285,0
0,0.09581150114536285,0
0,0.09581150114536285,0
0,0.09581150114536285,0
0,0.09581150114536285,0
0,0.09581150114536285,0
0,0.09581150114536285,0
0,0.09581150114536285,0
0,0.09581150114536285,0
0,0.09581150114536285,0
0,0.09581150114536285,0
0,0.09581150114536285,0
0,0.09581150114536285,0
0,0.09581150114536285,0
0,0.09581150114536285,0
0,0.09581150114536285,0
0,0.09581150114536285,0
0,0.09581150114536285,0
0,0.09581150114536285,0
0,0.09581150114536285,0
0,0.09581150114536285,0
0,0.09581150114536285,0
0,0.09581150114536285,0
0,0.09581150114536285,0
0,0.09581150114536285,0
0,0.09581150114536285,0
0,0.09581150114536285,0
0,0.09581150114536285,0
0,0.09581150114536285,0
0,0.09581150114536285,0
0,0.09581150114536285,0
0,0.09581150114536285,0
0,0.09581150114536285,0
0,0.09581150114536285,0
0,0.09581150114536285,0
0,0.09581150114536285,0
0,0.09581150114536285,0
0,0.09581150114536285,0
0,0.09581150114536285,0
0,0.09581150114536285,0
0,0.09581150114536285,0
0,0.09581150114536285,0
0,0.09581150114536285,0
0,0.09581150114536285,0
0,0.09581150114536285,0
0,0.09581150114536285,0
0,0.09581150114536285,0
0,0.09581150114536285,0
0,0.09581150114536285,0
0,0.09581150114536285,0
0,0.09581150114536285,0
0,0.09581150114536285,0
0,0.09581150114536285,0
0,0.09581150114536285,0
0,0.09581150114536285,0
0,0.09581150114536285,0
0,0.09581150114536285,0
0,0.09581150114536285,0
0,0.09581150114536285,0
0,0.09581150114536285,0
0,0.09581150114536285,0
0,0.09581150114536285,0
0,0.09581150114536285,0
0,0.09581150114536285,0
0,0.09581150114536285,0
0,0.09581150114536285,0
0,0.09581150114536285,0
0,0.09581150114536285,0
0,0.09581150114536285,0
0,0.09581150114536285,0
0,0.09581150114536285,0
0,0.09581150114536285,0
0,0.09581150114536285,0
0,0.09581150114536285,0
0,0.09581150114536285,0
0,0.09581150114536285,0
0,0.09581150114536285,0
0,0.09581150114536285,0
0,0.09581150114536285,0
0,0.09581150114536285,0
0,0.09581150114536285,0
0,0.09581150114536285,0
0,0.09581150114536285,0
0,0.09581150114536285,0
0,0.09581150114536285,0
0,0.09581150114536285,0
0,0.09581150114536285,0
0,0.09581150114536285,0
0,0.09581150114536285,0
0,0.09581150114536285,0
0,0.09581150114536285,0
0,0.09581150114536285,0
0,0.09581150114536285,0
0,0.09581150114536285,0
0,0.09581150114536285,0
0,0.09581150114536285,0
0,0.09581150114536285,0
0,0.09581150114536285,0
0,0.09581150114536285,0
0,0.09581150114536285,0
0,0.09581150114536285,0
0,0.09581150114536285,0
0,0.09581150114536285,0
0,0.09581150114536285,0
0,0.09581150114536285,0
0,0.09581150114536285,0
0,0.09581150114536285,0
0,0.09581150114536285,0
0,0.09581150114536285,0
0,0.09581150114536285,0
0,0.09581150114536285,0
0,0.09581150114536285,0
0,0.09581150114536285,0
0,0.09581150114536285,0
0,0.09581150114536285,0
0,0.09581150114536285,0
0,0.09581150114536285,0
0,0.09581150114536285,0
0,0.09581150114536285,0
0,0.09581150114536285,0
0,0.09581150114536285,0
0,0.09581150114536285,0
0,0.09581150114536285,0
0,0.09581150114536285,0
0,0.09581150114536285,0
0,0.09581150114536285,0
0,0.09581150114536285,0
0,0.09581150114536285,0
0,0.09581150114536285,0
0,0.09581150114536285,0
0,0.09581150114536285,0
0,0.09581150114536285,0
0,0.09581150114536285,0
0,0.09581150114536285,0
0,0.09581150114536285,0
0,0.09581150114536285,0
0,0.09581150114536285,0
0,0.09581150114536285,0
0,0.09581150114536285,0
0,0.09581150114536285,0
0,0.09581150114536285,0
0,0.09581150114536285,0
0,0.09581150114536285,0
0,0.09581150114536285,0
0,0.09581150114536285,0
0,0.09581150114536285,0
0,0.09581150114536285,0
0,0.09581150114536285,0
0,0.09581150114536285,0
0,0.09581150114536285,0
0,0.09581150114536285,0
0,0.09581150114536285,0
0,0.09581150114536285,0
0,0.09581150114536285,0
0,0.09581150114536285,0
0,0.09581150114536285,0
0,0.09581150114536285,0
0,0.09581150114536285,0
0,0.09581150114536285,0
0,0.09581150114536285,0
0,0.09581150114536285,0
0,0.09581150114536285,0
0,0.09581150114536285,0
0,0.09581150114536285,0
0,0.09581150114536285,0
0,0.09581150114536285,0
0,0.09581150114536285,0
0,0.09581150114536285,0
0,0.09581150114536285,0
0,0.09581150114536285,0
0,0.09581150114536285,0
0,0.09581150114536285,0
0,0.09581150114536285,0
0,0.09581150114536285,0
0,0.09581150114536285,0
0,0.09581150114536285,0
0,0.09581150114536285,0
0,0.09581150114536285,0
0,0.09581150114536285,0
0,0.09581150114536285,0
0,0.09581150114536285,0
0,0.09581150114536285,0
0,0.09581150114536285,0
0,0.09581150114536285,0
0,0.09581150114536285,0
0,0.09581150114536285,0
0,0.09581150114536285,0
0,0.09581150114536285,0
0,0.09581150114536285,0
0,0.09581150114536285,0
0,0.09581150114536285,0
0,0.09581150114536285,0
0,0.09581150114536285,0
0,0.09581150114536285,0
0,0.09581150114536285,0
0,0.09581150114536285,0
0,0.09581150114536285,0
0,0.09581150114536285,0
0,0.09581150114536285,0
0,0.09581150114536285,0
0,0.09581150114536285,0
0,0.09581150114536285,0
0,0.09581150114536285,0
0,0.09581150114536285,0
0,0.09581150114536285,0
0,0.09581150114536285,0
0,0.09581150114536285,0
0,0.09581150114536285,0
0,0.09581150114536285,0
0,0.09581150114536285,0
0,0.09581150114536285,0
0,0.09581150114536285,0
0,0.09581150114536285,0
0,0.09581150114536285,0
0,0.09581150114536285,0
0,0.09581150114536285,0
0,0.09581150114536285,0
0,0.09581150114536285,0
0,0.09581150114536285,0
0,0.09581150114536285,0
0,0.09581150114536285,0
0,0.09581150114536285,0
0,0.09581150114536285,0
0,0.09581150114536285,0
0,0.09581150114536285,0
0,0.09581150114536285,0
0,0.09581150114536285,0
0,0.09581150114536285,0
0,0.09581150114536285,0
0,0.09581150114536285,0
0,0.09581150114536285,0
0,0.09581150114536285,0
0,0.09581150114536285,0
0,0.09581150114536285,0
0,0.09581150114536285,0
0,0.09581150114536285,0
0,0.09581150114536285,0
0,0.09581150114536285,0
0,0.09581150114536285,0
0,0.09581150114536285,0
0,0.09581150114536285,0
0,0.09581150114536285,0
0,0.09581150114536285,0
0,0.09581150114536285,0
0,0.09581150114536285,0
0,0.09581150114536285,0
0,0.09581150114536285,0
0,0.09581150114536285,0
0,0.09581150114536285,0
0,0.09581150114536285,0
0,0.09581150114536285,0
0,0.09581150114536285,0
0,0.09581150114536285,0
0,0.09581150114536285,0
0,0.09581150114536285,0
0,0.09581150114536285,0
0,0.09581150114536285,0
0,0.09581150114536285,0
0,0.09581150114536285,0
0,0.09581150114536285,0
0,0.09581150114536285,0
0,0.09581150114536285,0
0,0.09581150114536285,0
0,0.09581150114536285,0
0,0.09581150114536285,0
0,0.09581150114536285,0
0,0.09581150114536285,0
0,0.09581150114536285,0
0,0.09581150114536285,0
0,0.09581150114536285,0
0,0.09581150114536285,0
0,0.09581150114536285,0
0,0.09581150114536285,0
0,0.09581150114536285,0
0,0.09581150114536285,0
0,0.09581150114536285,0
0,0.09581150114536285,0
0,0.09581150114536285,0
0,0.09581150114536285,0
0,0.09581150114536285,0
0,0.09581150114536285,0
0,0.09581150114536285,0
0,0.09581150114536285,0
0,0.09581150114536285,0
0,0.09581150114536285,0
0,0.09581150114536285,0
0,0.09581150114536285,0
0,0.09581150114536285,0
0,0.09581150114536285,0
0,0.09581150114536285,0
0,0.09581150114536285,0
0,0.09581150114536285,0
0,0.09581150114536285,0
0,0.09581150114536285,0
0,0.09581150114536285,0
0,0.09581150114536285,0
0,0.09581150114536285,0
0,0.09581150114536285,0
0,0.09581150114536285,0
0,0.09581150114536285,0
0,0.09581150114536285,0
0,0.09581150114536285,0
0,0.09581150114536285,0
0,0.09581150114536285,0
0,0.09581150114536285,0
0,0.09581150114536285,0
0,0.09581150114536285,0
0,0.09581150114536285,0
0,0.09581150114536285,0
0,0.09581150114536285,0
0,0.09581150114536285,0
0,0.09581150114536285,0
0,0.09581150114536285,0
0,0.09581150114536285,0
0,0.09581150114536285,0
0,0.09581150114536285,0
0,0.09581150114536285,0
0,0.09581150114536285,0
0,0.09581150114536285,0
0,0.09581150114536285,0
0,0.09581150114536285,0
0,0.09581150114536285,0
0,0.09581150114536285,0
0,0.09581150114536285,0
0,0.09581150114536285,0
0,0.09581150114536285,0
0,0.09581150114536285,0
0,0.09581150114536285,0
0,0.09581150114536285,0
0,0.09581150114536285,0
0,0.09581150114536285,0
0,0.09581150114536285,0
0,0.09581150114536285,0
0,0.09581150114536285,0
0,0.09581150114536285,0
0,0.09581150114536285,0
0,0.09581150114536285,0
0,0.09581150114536285,0
0,0.09581150114536285,0
0,0.09581150114536285,0
0,0.09581150114536285,0
0,0.09581150114536285,0
0,0.09581150114536285,0
0,0.09581150114536285,0
0,0.09581150114536285,0
0,0.09581150114536285,0
0,0.09581150114536285,0
0,0.09581150114536285,0
0,0.09581150114536285,0
0,0.09581150114536285,0
0,0.09581150114536285,0
0,0.09581150114536285,0
0,0.09581150114536285,0
0,0.09581150114536285,0
0,0.09581150114536285,0
0,0.09581150114536285,0
0,0.09581150114536285,0
0,0.09581150114536285,0
0,0.09581150114536285,0
0,0.09581150114536285,0
0,0.09581150114536285,0
0,0.09581150114536285,0
0,0.09581150114536285,0
0,0.09581150114536285,0
0,0.09581150114536285,0
0,0.09581150114536285,0
0,0.09581150114536285,0
0,0.09581150114536285,0
0,0.09581150114536285,0
0,0.09581150114536285,0
0,0.09581150114536285,0
0,0.09581150114536285,0
0,0.09581150114536285,0
0,0.09581150114536285,0
0,0.09581150114536285,0
0,0.09581150114536285,0
0,0.09581150114536285,0
0,0.09581150114536285,0
0,0.09581150114536285,0
0,0.09581150114536285,0
0,0.09581150114536285,0
0,0.09581150114536285,0
0,0.09581150114536285,0
0,0.09581150114536285,0
0,0.09581150114536285,0
0,0.09581150114536285,0
0,0.09581150114536285,0
0,0.09581150114536285,0
0,0.09581150114536285,0
0,0.09581150114536285,0
0,0.09581150114536285,0
0,0.09581150114536285,0
0,0.09581150114536285,0
0,0.09581150114536285,0
0,0.09581150114536285,0
0,0.09581150114536285,0
0,0.09581150114536285,0
0,0.09581150114536285,0
0,0.09581150114536285,0
0,0.09581150114536285,0
0,0.09581150114536285,0
0,0.09581150114536285,0
0,0.09581150114536285,0
0,0.09581150114536285,0
0,0.09581150114536285,0
0,0.09581150114536285,0
0,0.09581150114536285,0
0,0.09581150114536285,0
0,0.09581150114536285,0
0,0.09581150114536285,0
0,0.09581150114536285,0
0,0.09581150114536285,0
0,0.09581150114536285,0
0,0.09581150114536285,0
0,0.09581150114536285,0
0,0.09581150114536285,0
0,0.09581150114536285,0
0,0.09581150114536285,0
0,0.09581150114536285,0
0,0.09581150114536285,0
0,0.09581150114536285,0
0,0.09581150114536285,0
0,0.09581150114536285,0
0,0.09581150114536285,0
0,0.09581150114536285,0
0,0.09581150114536285,0
0,0.09581150114536285,0
0,0.09581150114536285,0
0,0.09581150114536285,0
0,0.09581150114536285,0
0,0.09581150114536285,0
0,0.09581150114536285,0
0,0.09581150114536285,0
0,0.09581150114536285,0
0,0.09581150114536285,0
0,0.09581150114536285,0
0,0.09581150114536285,0
0,0.09581150114536285,0
0,0.09581150114536285,0
0,0.09581150114536285,0
0,0.09581150114536285,0
0,0.09581150114536285,0
0,0.09581150114536285,0
0,0.09581150114536285,0
0,0.09581150114536285,0
0,0.09581150114536285,0
0,0.09581150114536285,0
0,0.09581150114536285,0
0,0.09581150114536285,0
0,0.09581150114536285,0
0,0.09581150114536285,0
0,0.09581150114536285,0
0,0.09581150114536285,0
0,0.09581150114536285,0
0,0.09581150114536285,0
0,0.09581150114536285,0
0,0.09581150114536285,0
0,0.09581150114536285,0
0,0.09581150114536285,0
0,0.09581150114536285,0
0,0.09581150114536285,0
0,0.09581150114536285,0
0,0.09581150114536285,0
0,0.09581150114536285,0
0,0.09581150114536285,0
0,0.09581150114536285,0
0,0.09581150114536285,0
0,0.09581150114536285,0
0,0.09581150114536285,0
0,0.09581150114536285,0
0,0.09581150114536285,0
0,0.09581150114536285,0
0,0.09581150114536285,0
0,0.09581150114536285,0
0,0.09581150114536285,0
0,0.09581150114536285,0
0,0.09581150114536285,0
0,0.09581150114536285,0
0,0.09581150114536285,0
0,0.09581150114536285,0
0,0.09581150114536285,0
0,0.09581150114536285,0
0,0.09581150114536285,0
0,0.09581150114536285,0
0,0.09581150114536285,0
0,0.09581150114536285,0
0,0.09581150114536285,0
0,0.09581150114536285,0
0,0.09581150114536285,0
0,0.09581150114536285,0
0,0.09581150114536285,0
0,0.09581150114536285,0
0,0.09581150114536285,0
0,0.09581150114536285,0
0,0.09581150114536285,0
0,0.09581150114536285,0
0,0.09581150114536285,0
0,0.09581150114536285,0
0,0.09581150114536285,0
0,0.09581150114536285,0
0,0.09581150114536285,0
0,0.09581150114536285,0
0,0.09581150114536285,0
0,0.09581150114536285,0
0,0.09581150114536285,0
0,0.09581150114536285,0
0,0.09581150114536285,0
0,0.09581150114536285,0
0,0.09581150114536285,0
0,0.09581150114536285,0
0,0.09581150114536285,0
0,0.09581150114536285,0
0,0.09581150114536285,0
0,0.09581150114536285,0
0,0.09581150114536285,0
0,0.09581150114536285,0
0,0.09581150114536285,0
0,0.09581150114536285,0
0,0.09581150114536285,0
0,0.09581150114536285,0
0,0.09581150114536285,0
0,0.09581150114536285,0
0,0.09581150114536285,0
0,0.09581150114536285,0
0,0.09581150114536285,0
0,0.09581150114536285,0
0,0.09581150114536285,0
0,0.09581150114536285,0
0,0.09581150114536285,0
0,0.09581150114536285,0
0,0.09581150114536285,0
0,0.09581150114536285,0
0,0.09581150114536285,0
0,0.09581150114536285,0
0,0.09581150114536285,0
0,0.09581150114536285,0
0,0.09581150114536285,0
0,0.09581150114536285,0
0,0.09581150114536285,0
0,0.09581150114536285,0
0,0.09581150114536285,0
0,0.09581150114536285,0
0,0.09581150114536285,0
0,0.09581150114536285,0
0,0.09581150114536285,0
0,0.09581150114536285,0
0,0.09581150114536285,0
0,0.09581150114536285,0
0,0.09581150114536285,0
0,0.09581150114536285,0
0,0.09581150114536285,0
0,0.09581150114536285,0
0,0.09581150114536285,0
0,0.09581150114536285,0
0,0.09581150114536285,0
0,0.09581150114536285,0
0,0.09581150114536285,0
0,0.09581150114536285,0
0,0.09581150114536285,0
0,0.09581150114536285,0
0,0.09581150114536285,0
0,0.09581150114536285,0
0,0.09581150114536285,0
0,0.09581150114536285,0
0,0.09581150114536285,0
0,0.09581150114536285,0
0,0.09581150114536285,0
0,0.09581150114536285,0
0,0.09581150114536285,0
0,0.09581150114536285,0
0,0.09581150114536285,0
0,0.09581150114536285,0
0,0.09581150114536285,0
0,0.09581150114536285,0
0,0.09581150114536285,0
0,0.09581150114536285,0
0,0.09581150114536285,0
0,0.09581150114536285,0
0,0.09581150114536285,0
0,0.09581150114536285,0
0,0.09581150114536285,0
0,0.09581150114536285,0
0,0.09581150114536285,0
0,0.09581150114536285,0
0,0.09581150114536285,0
0,0.09581150114536285,0
0,0.09581150114536285,0
0,0.09581150114536285,0
0,0.09581150114536285,0
0,0.09581150114536285,0
0,0.09581150114536285,0
0,0.09581150114536285,0
0,0.09581150114536285,0
0,0.09581150114536285,0
0,0.09581150114536285,0
0,0.09581150114536285,0
0,0.09581150114536285,0
0,0.09581150114536285,0
0,0.09581150114536285,0
0,0.09581150114536285,0
0,0.09581150114536285,0
0,0.09581150114536285,0
0,0.09581150114536285,0
0,0.09581150114536285,0
0,0.09581150114536285,0
0,0.09581150114536285,0
0,0.09581150114536285,0
0,0.09581150114536285,0
0,0.09581150114536285,0
0,0.09581150114536285,0
0,0.09581150114536285,0
0,0.09581150114536285,0
0,0.09581150114536285,0
0,0.09581150114536285,0
0,0.09581150114536285,0
0,0.09581150114536285,0
0,0.09581150114536285,0
0,0.09581150114536285,0
0,0.09581150114536285,0
0,0.09581150114536285,0
0,0.09581150114536285,0
0,0.09581150114536285,0
0,0.09581150114536285,0
0,0.09581150114536285,0
0,0.09581150114536285,0
0,0.09581150114536285,0
0,0.09581150114536285,0
0,0.09581150114536285,0
0,0.09581150114536285,0
0,0.09581150114536285,0
0,0.09581150114536285,0
0,0.09581150114536285,0
0,0.09581150114536285,0
0,0.09581150114536285,0
0,0.09581150114536285,0
0,0.09581150114536285,0
0,0.09581150114536285,0
0,0.09581150114536285,0
0,0.09581150114536285,0
0,0.5066333413124084,0
0,0.09581150114536285,0
0,0.09581150114536285,0
0,0.09581150114536285,0
0,0.09581150114536285,0
0,0.09581150114536285,0
0,0.09581150114536285,0
0,0.09581150114536285,0
0,0.09581150114536285,0
0,0.09581150114536285,0
0,0.09581150114536285,0
0,0.09581150114536285,0
0,0.09581150114536285,0
0,0.09581150114536285,0
0,0.09581150114536285,0
0,0.09581150114536285,0
0,0.09581150114536285,0
0,0.09581150114536285,0
0,0.09581150114536285,0
0,0.09581150114536285,0
0,0.09581150114536285,0
0,0.09581150114536285,0
0,0.09581150114536285,0
0,0.09581150114536285,0
0,0.09581150114536285,0
0,0.09581150114536285,0
0,0.09581150114536285,0
0,0.09581150114536285,0
0,0.09581150114536285,0
0,0.09581150114536285,0
0,0.09581150114536285,0
0,0.09581150114536285,0
0,0.09581150114536285,0
0,0.09581150114536285,0
0,0.09581150114536285,0
0,0.09581150114536285,0
0,0.09581150114536285,0
0,0.09581150114536285,0
0,0.09581150114536285,0
0,0.09581150114536285,0
0,0.09581150114536285,0
0,0.09581150114536285,0
0,0.09581150114536285,0
0,0.09581150114536285,0
0,0.09581150114536285,0
0,0.09581150114536285,0
0,0.09581150114536285,0
0,0.09581150114536285,0
0,0.09581150114536285,0
0,0.09581150114536285,0
0,0.09581150114536285,0
0,0.09581150114536285,0
0,0.09581150114536285,0
0,0.09581150114536285,0
0,0.09581150114536285,0
0,0.09581150114536285,0
0,0.09581150114536285,0
0,0.09581150114536285,0
0,0.09581150114536285,0
0,0.09581150114536285,0
0,0.09581150114536285,0
0,0.09581150114536285,0
0,0.09581150114536285,0
0,0.09581150114536285,0
0,0.09581150114536285,0
0,0.09581150114536285,0
0,0.09581150114536285,0
0,0.09581150114536285,0
0,0.09581150114536285,0
0,0.09581150114536285,0
0,0.09581150114536285,0
0,0.09581150114536285,0
0,0.09581150114536285,0
0,0.09581150114536285,0
0,0.09581150114536285,0
0,0.09581150114536285,0
0,0.09581150114536285,0
0,0.09581150114536285,0
0,0.09581150114536285,0
0,0.09581150114536285,0
0,0.09581150114536285,0
0,0.09581150114536285,0
0,0.09581150114536285,0
0,0.09581150114536285,0
0,0.09581150114536285,0
0,0.09581150114536285,0
0,0.09581150114536285,0
0,0.09581150114536285,0
0,0.09581150114536285,0
0,0.09581150114536285,0
0,0.09581150114536285,0
0,0.09581150114536285,0
0,0.09581150114536285,0
0,0.09581150114536285,0
0,0.09581150114536285,0
0,0.09581150114536285,0
0,0.09581150114536285,0
0,0.09581150114536285,0
0,0.09581150114536285,0
0,0.09581150114536285,0
0,0.09581150114536285,0
0,0.09581150114536285,0
0,0.09581150114536285,0
0,0.09581150114536285,0
0,0.09581150114536285,0
0,0.09581150114536285,0
0,0.09581150114536285,0
0,0.09581150114536285,0
0,0.09581150114536285,0
0,0.09581150114536285,0
0,0.09581150114536285,0
0,0.09581150114536285,0
0,0.09581150114536285,0
0,0.09581150114536285,0
0,0.09581150114536285,0
0,0.09581150114536285,0
0,0.09581150114536285,0
0,0.09581150114536285,0
0,0.09581150114536285,0
0,0.09581150114536285,0
0,0.09581150114536285,0
0,0.09581150114536285,0
0,0.09581150114536285,0
0,0.09581150114536285,0
0,0.09581150114536285,0
0,0.09581150114536285,0
0,0.09581150114536285,0
0,0.09581150114536285,0
0,0.09581150114536285,0
0,0.09581150114536285,0
0,0.09581150114536285,0
0,0.09581150114536285,0
0,0.09581150114536285,0
0,0.09581150114536285,0
0,0.09581150114536285,0
0,0.09581150114536285,0
0,0.09581150114536285,0
0,0.09581150114536285,0
0,0.09581150114536285,0
0,0.09581150114536285,0
0,0.09581150114536285,0
0,0.09581150114536285,0
0,0.09581150114536285,0
0,0.09581150114536285,0
0,0.09581150114536285,0
0,0.09581150114536285,0
0,0.09581150114536285,0
0,0.09581150114536285,0
0,0.09581150114536285,0
0,0.09581150114536285,0
0,0.09581150114536285,0
0,0.09581150114536285,0
0,0.09581150114536285,0
0,0.09581150114536285,0
0,0.09581150114536285,0
0,0.09581150114536285,0
0,0.09581150114536285,0
0,0.09581150114536285,0
0,0.09581150114536285,0
0,0.09581150114536285,0
0,0.09581150114536285,0
0,0.09581150114536285,0
0,0.09581150114536285,0
0,0.09581150114536285,0
0,0.09581150114536285,0
0,0.09581150114536285,0
0,0.09581150114536285,0
0,0.09581150114536285,0
0,0.09581150114536285,0
0,0.09581150114536285,0
0,0.09581150114536285,0
0,0.09581150114536285,0
0,0.09581150114536285,0
0,0.09581150114536285,0
0,0.09581150114536285,0
0,0.09581150114536285,0
0,0.09581150114536285,0
0,0.09581150114536285,0
0,0.09581150114536285,0
0,0.954472541809082,0
0,0.8125883340835571,0
0,0.7851958274841309,0
0,0.7540867328643799,0
0,0.7434166669845581,0
0,0.7469439506530762,0
0,0.7541808485984802,0
0,0.7545438408851624,0
0,0.7282616496086121,0
0,0.6804725527763367,0
0,0.6562877893447876,0
0,0.6852715611457825,0
0,0.7351422905921936,0
0,0.7442667484283447,0
0,0.7101284265518188,0
0,0.6404545903205872,0
0,0.5794359445571899,0
0,0.5981054902076721,0
0,0.6770144104957581,0
0,0.7196396589279175,0
0,0.7175034880638123,0
0,0.6955389380455017,0
0,0.670813798904419,0
0,0.6545332670211792,0
0,0.6471360921859741,0
0,0.5066333413124084,0
0,0.09581150114536285,0
0,0.09581150114536285,0
0,0.09581150114536285,0
0,0.09581150114536285,0
0,0.09581150114536285,0
0,0.09581150114536285,0
0,0.09581150114536285,0
0,0.09581150114536285,0
0,0.09581150114536285,0
0,0.09581150114536285,0
0,0.09581150114536285,0
0,0.09581150114536285,0
0,0.09581150114536285,0
0,0.09581150114536285,0
0,0.09581150114536285,0
0,0.09581150114536285,0
0,0.09581150114536285,0
0,0.09581150114536285,0
0,0.09581150114536285,0
0,0.09581150114536285,0
0,0.09581150114536285,0
0,0.09581150114536285,0
0,0.09581150114536285,0
0,0.09581150114536285,0
0,0.09581150114536285,0
0,0.09581150114536285,0
0,0.09581150114536285,0
0,0.09581150114536285,0
0,0.09581150114536285,0
0,0.09581150114536285,0
0,0.09581150114536285,0
0,0.09581150114536285,0
0,0.09581150114536285,0
0,0.09581150114536285,0
0,0.09581150114536285,0
0,0.09581150114536285,0
0,0.09581150114536285,0
0,0.09581150114536285,0
0,0.09581150114536285,0
0,0.09581150114536285,0
0,0.09581150114536285,0
0,0.09581150114536285,0
0,0.09581150114536285,0
0,0.09581150114536285,0
0,0.09581150114536285,0
0,0.09581150114536285,0
0,0.09581150114536285,0
0,0.09581150114536285,0
0,0.09581150114536285,0
0,0.09581150114536285,0
0,0.09581150114536285,0
0,0.09581150114536285,0
0,0.09581150114536285,0
0,0.09581150114536285,0
0,0.09581150114536285,0
0,0.09581150114536285,0
0,0.09581150114536285,0
0,0.09581150114536285,0
0,0.09581150114536285,0
0,0.09581150114536285,0
0,0.09581150114536285,0
0,0.09581150114536285,0
0,0.09581150114536285,0
0,0.09581150114536285,0
0,0.09581150114536285,0
0,0.09581150114536285,0
0,0.09581150114536285,0
0,0.09581150114536285,0
0,0.09581150114536285,0
0,0.09581150114536285,0
0,0.09581150114536285,0
0,0.09581150114536285,0
0,0.09581150114536285,0
0,0.09581150114536285,0
0,0.09581150114536285,0
0,0.09581150114536285,0
0,0.09581150114536285,0
0,0.09581150114536285,0
0,0.09581150114536285,0
0,0.09581150114536285,0
0,0.09581150114536285,0
0,0.09581150114536285,0
0,0.09581150114536285,0
0,0.09581150114536285,0
0,0.09581150114536285,0
0,0.09581150114536285,0
0,0.09581150114536285,0
0,0.09581150114536285,0
0,0.09581150114536285,0
0,0.09581150114536285,0
0,0.09581150114536285,0
0,0.09581150114536285,0
0,0.09581150114536285,0
0,0.09581150114536285,0
0,0.09581150114536285,0
0,0.09581150114536285,0
0,0.09581150114536285,0
0,0.09581150114536285,0
0,0.09581150114536285,0
0,0.09581150114536285,0
0,0.09581150114536285,0
0,0.09581150114536285,0
0,0.09581150114536285,0
0,0.09581150114536285,0
0,0.09581150114536285,0
0,0.09581150114536285,0
0,0.09581150114536285,0
0,0.09581150114536285,0
0,0.09581150114536285,0
0,0.09581150114536285,0
0,0.09581150114536285,0
0,0.09581150114536285,0
0,0.09581150114536285,0
0,0.09581150114536285,0
0,0.09581150114536285,0
0,0.09581150114536285,0
0,0.09581150114536285,0
0,0.09581150114536285,0
0,0.09581150114536285,0
0,0.09581150114536285,0
0,0.09581150114536285,0
0,0.09581150114536285,0
0,0.09581150114536285,0
0,0.09581150114536285,0
0,0.09581150114536285,0
0,0.09581150114536285,0
0,0.09581150114536285,0
0,0.09581150114536285,0
0,0.09581150114536285,0
0,0.09581150114536285,0
0,0.09581150114536285,0
0,0.09581150114536285,0
0,0.09581150114536285,0
0,0.09581150114536285,0
0,0.09581150114536285,0
0,0.09581150114536285,0
0,0.09581150114536285,0
0,0.09581150114536285,0
0,0.09581150114536285,0
0,0.09581150114536285,0
0,0.09581150114536285,0
0,0.09581150114536285,0
0,0.09581150114536285,0
0,0.09581150114536285,0
0,0.09581150114536285,0
0,0.09581150114536285,0
0,0.09581150114536285,0
0,0.09581150114536285,0
0,0.09581150114536285,0
0,0.09581150114536285,0
0,0.09581150114536285,0
0,0.09581150114536285,0
0,0.09581150114536285,0
0,0.09581150114536285,0
0,0.09581150114536285,0
0,0.09581150114536285,0
0,0.09581150114536285,0
0,0.09581150114536285,0
0,0.09581150114536285,0
0,0.09581150114536285,0
0,0.09581150114536285,0
0,0.09581150114536285,0
0,0.09581150114536285,0
0,0.09581150114536285,0
0,0.09581150114536285,0
0,0.09581150114536285,0
0,0.09581150114536285,0
0,0.09581150114536285,0
0,0.09581150114536285,0
0,0.09581150114536285,0
0,0.09581150114536285,0
0,0.09581150114536285,0
0,0.09581150114536285,0
0,0.09581150114536285,0
0,0.09581150114536285,0
0,0.09581150114536285,0
0,0.09581150114536285,0
0,0.09581150114536285,0
0,0.09581150114536285,0
0,0.09581150114536285,0
0,0.09581150114536285,0
0,0.09581150114536285,0
0,0.09581150114536285,0
0,0.09581150114536285,0
0,0.09581150114536285,0
0,0.09581150114536285,0
0,0.09581150114536285,0
0,0.09581150114536285,0
0,0.09581150114536285,0
0,0.09581150114536285,0
0,0.09581150114536285,0
0,0.09581150114536285,0
0,0.09581150114536285,0
0,0.09581150114536285,0
0,0.09581150114536285,0
0,0.09581150114536285,0
0,0.09581150114536285,0
0,0.09581150114536285,0
0,0.09581150114536285,0
0,0.09581150114536285,0
0,0.09581150114536285,0
0,0.09581150114536285,0
0,0.09581150114536285,0
0,0.09581150114536285,0
0,0.09581150114536285,0
0,0.09581150114536285,0
0,0.09581150114536285,0
0,0.09581150114536285,0
0,0.09581150114536285,0
0,0.09581150114536285,0
0,0.09581150114536285,0
0,0.09581150114536285,0
0,0.09581150114536285,0
0,0.09581150114536285,0
0,0.09581150114536285,0
0,0.09581150114536285,0
0,0.09581150114536285,0
0,0.09581150114536285,0
0,0.09581150114536285,0
0,0.09581150114536285,0
0,0.09581150114536285,0
0,0.09581150114536285,0
0,0.09581150114536285,0
0,0.09581150114536285,0
0,0.09581150114536285,0
0,0.09581150114536285,0
0,0.09581150114536285,0
0,0.09581150114536285,0
0,0.09581150114536285,0
0,0.09581150114536285,0
0,0.09581150114536285,0
0,0.09581150114536285,0
0,0.09581150114536285,0
0,0.09581150114536285,0
0,0.09581150114536285,0
0,0.09581150114536285,0
0,0.09581150114536285,0
0,0.09581150114536285,0
0,0.09581150114536285,0
0,0.09581150114536285,0
0,0.09581150114536285,0
0,0.09581150114536285,0
0,0.09581150114536285,0
0,0.09581150114536285,0
0,0.09581150114536285,0
0,0.09581150114536285,0
0,0.09581150114536285,0
0,0.09581150114536285,0
0,0.09581150114536285,0
0,0.09581150114536285,0
0,0.09581150114536285,0
0,0.09581150114536285,0
0,0.09581150114536285,0
0,0.09581150114536285,0
0,0.09581150114536285,0
0,0.09581150114536285,0
0,0.09581150114536285,0
0,0.09581150114536285,0
0,0.09581150114536285,0
0,0.09581150114536285,0
0,0.09581150114536285,0
0,0.09581150114536285,0
0,0.09581150114536285,0
0,0.09581150114536285,0
0,0.09581150114536285,0
0,0.09581150114536285,0
0,0.09581150114536285,0
0,0.09581150114536285,0
0,0.09581150114536285,0
0,0.09581150114536285,0
0,0.09581150114536285,0
0,0.09581150114536285,0
0,0.09581150114536285,0
0,0.09581150114536285,0
0,0.09581150114536285,0
0,0.09581150114536285,0
0,0.09581150114536285,0
0,0.09581150114536285,0
0,0.09581150114536285,0
0,0.09581150114536285,0
0,0.09581150114536285,0
0,0.09581150114536285,0
0,0.09581150114536285,0
0,0.09581150114536285,0
0,0.09581150114536285,0
0,0.09581150114536285,0
0,0.09581150114536285,0
0,0.09581150114536285,0
0,0.09581150114536285,0
0,0.09581150114536285,0
0,0.09581150114536285,0
0,0.09581150114536285,0
0,0.09581150114536285,0
0,0.09581150114536285,0
0,0.09581150114536285,0
0,0.09581150114536285,0
0,0.09581150114536285,0
0,0.09581150114536285,0
0,0.09581150114536285,0
0,0.09581150114536285,0
0,0.09581150114536285,0
0,0.09581150114536285,0
0,0.09581150114536285,0
0,0.09581150114536285,0
0,0.09581150114536285,0
0,0.09581150114536285,0
0,0.09581150114536285,0
0,0.09581150114536285,0
0,0.09581150114536285,0
0,0.09581150114536285,0
0,0.09581150114536285,0
0,0.09581150114536285,0
0,0.09581150114536285,0
0,0.09581150114536285,0
0,0.09581150114536285,0
0,0.09581150114536285,0
0,0.09581150114536285,0
0,0.09581150114536285,0
0,0.09581150114536285,0
0,0.09581150114536285,0
0,0.09581150114536285,0
0,0.09581150114536285,0
0,0.09581150114536285,0
0,0.09581150114536285,0
0,0.09581150114536285,0
0,0.09581150114536285,0
0,0.09581150114536285,0
0,0.09581150114536285,0
0,0.09581150114536285,0
0,0.09581150114536285,0
0,0.09581150114536285,0
0,0.09581150114536285,0
0,0.09581150114536285,0
0,0.09581150114536285,0
0,0.09581150114536285,0
0,0.09581150114536285,0
0,0.09581150114536285,0
0,0.09581150114536285,0
0,0.09581150114536285,0
0,0.09581150114536285,0
0,0.09581150114536285,0
0,0.09581150114536285,0
0,0.09581150114536285,0
0,0.09581150114536285,0
0,0.09581150114536285,0
0,0.09581150114536285,0
0,0.09581150114536285,0
0,0.09581150114536285,0
0,0.09581150114536285,0
0,0.09581150114536285,0
0,0.09581150114536285,0
0,0.09581150114536285,0
0,0.09581150114536285,0
0,0.09581150114536285,0
0,0.09581150114536285,0
0,0.09581150114536285,0
0,0.09581150114536285,0
0,0.09581150114536285,0
0,0.09581150114536285,0
0,0.09581150114536285,0
0,0.09581150114536285,0
0,0.09581150114536285,0
0,0.09581150114536285,0
0,0.09581150114536285,0
0,0.09581150114536285,0
0,0.09581150114536285,0
0,0.09581150114536285,0
0,0.09581150114536285,0
0,0.09581150114536285,0
0,0.09581150114536285,0
0,0.09581150114536285,0
0,0.09581150114536285,0
0,0.09581150114536285,0
0,0.09581150114536285,0
0,0.09581150114536285,0
0,0.09581150114536285,0
0,0.09581150114536285,0
0,0.09581150114536285,0
0,0.09581150114536285,0
0,0.09581150114536285,0
0,0.09581150114536285,0
0,0.09581150114536285,0
0,0.09581150114536285,0
0,0.09581150114536285,0
0,0.09581150114536285,0
0,0.09581150114536285,0
0,0.09581150114536285,0
0,0.09581150114536285,0
0,0.09581150114536285,0
0,0.09581150114536285,0
0,0.09581150114536285,0
0,0.09581150114536285,0
0,0.09581150114536285,0
0,0.09581150114536285,0
0,0.09581150114536285,0
0,0.09581150114536285,0
0,0.09581150114536285,0
0,0.09581150114536285,0
0,0.09581150114536285,0
0,0.09581150114536285,0
0,0.09581150114536285,0
0,0.09581150114536285,0
0,0.09581150114536285,0
0,0.09581150114536285,0
0,0.09581150114536285,0
0,0.09581150114536285,0
0,0.09581150114536285,0
0,0.09581150114536285,0
0,0.09581150114536285,0
0,0.09581150114536285,0
0,0.09581150114536285,0
0,0.09581150114536285,0
0,0.09581150114536285,0
0,0.09581150114536285,0
0,0.09581150114536285,0
0,0.09581150114536285,0
0,0.09581150114536285,0
0,0.09581150114536285,0
0,0.09581150114536285,0
0,0.09581150114536285,0
0,0.09581150114536285,0
0,0.09581150114536285,0
0,0.09581150114536285,0
0,0.09581150114536285,0
0,0.09581150114536285,0
0,0.09581150114536285,0
0,0.09581150114536285,0
0,0.09581150114536285,0
0,0.09581150114536285,0
0,0.09581150114536285,0
0,0.09581150114536285,0
0,0.09581150114536285,0
0,0.09581150114536285,0
0,0.09581150114536285,0
0,0.09581150114536285,0
0,0.09581150114536285,0
0,0.09581150114536285,0
0,0.09581150114536285,0
0,0.09581150114536285,0
0,0.09581150114536285,0
0,0.09581150114536285,0
0,0.09581150114536285,0
0,0.09581150114536285,0
0,0.09581150114536285,0
0,0.09581150114536285,0
0,0.09581150114536285,0
0,0.09581150114536285,0
0,0.09581150114536285,0
0,0.09581150114536285,0
0,0.09581150114536285,0
0,0.09581150114536285,0
0,0.09581150114536285,0
0,0.09581150114536285,0
0,0.09581150114536285,0
0,0.09581150114536285,0
0,0.09581150114536285,0
0,0.09581150114536285,0
0,0.09581150114536285,0
0,0.09581150114536285,0
0,0.09581150114536285,0
0,0.09581150114536285,0
0,0.09581150114536285,0
0,0.09581150114536285,0
0,0.09581150114536285,0
0,0.09581150114536285,0
0,0.09581150114536285,0
0,0.09581150114536285,0
0,0.09581150114536285,0
0,0.09581150114536285,0
0,0.09581150114536285,0
0,0.09581150114536285,0
0,0.09581150114536285,0
0,0.09581150114536285,0
0,0.09581150114536285,0
0,0.09581150114536285,0
0,0.09581150114536285,0
0,0.09581150114536285,0
0,0.09581150114536285,0
0,0.09581150114536285,0
0,0.09581150114536285,0
0,0.09581150114536285,0
0,0.09581150114536285,0
0,0.09581150114536285,0
0,0.09581150114536285,0
0,0.09581150114536285,0
0,0.09581150114536285,0
0,0.09581150114536285,0
0,0.09581150114536285,0
0,0.09581150114536285,0
0,0.09581150114536285,0
0,0.09581150114536285,0
0,0.09581150114536285,0
0,0.09581150114536285,0
0,0.09581150114536285,0
0,0.09581150114536285,0
0,0.09581150114536285,0
0,0.09581150114536285,0
0,0.09581150114536285,0
0,0.09581150114536285,0
0,0.09581150114536285,0
0,0.09581150114536285,0
0,0.09581150114536285,0
0,0.09581150114536285,0
0,0.09581150114536285,0
0,0.09581150114536285,0
0,0.09581150114536285,0
0,0.09581150114536285,0
0,0.09581150114536285,0
0,0.09581150114536285,0
0,0.09581150114536285,0
0,0.09581150114536285,0
0,0.09581150114536285,0
0,0.09581150114536285,0
0,0.09581150114536285,0
0,0.09581150114536285,0
0,0.09581150114536285,0
0,0.09581150114536285,0
0,0.09581150114536285,0
0,0.09581150114536285,0
0,0.09581150114536285,0
0,0.09581150114536285,0
0,0.09581150114536285,0
0,0.09581150114536285,0
0,0.09581150114536285,0
0,0.09581150114536285,0
0,0.09581150114536285,0
0,0.09581150114536285,0
0,0.09581150114536285,0
0,0.09581150114536285,0
0,0.09581150114536285,0
0,0.09581150114536285,0
0,0.09581150114536285,0
0,0.09581150114536285,0
0,0.09581150114536285,0
0,0.09581150114536285,0
0,0.09581150114536285,0
0,0.09581150114536285,0
0,0.09581150114536285,0
0,0.09581150114536285,0
0,0.09581150114536285,0
0,0.09581150114536285,0
0,0.09581150114536285,0
0,0.09581150114536285,0
0,0.09581150114536285,0
0,0.09581150114536285,0
0,0.09581150114536285,0
0,0.09581150114536285,0
0,0.09581150114536285,0
0,0.09581150114536285,0
0,0.09581150114536285,0
0,0.09581150114536285,0
0,0.09581150114536285,0
0,0.09581150114536285,0
0,0.09581150114536285,0
0,0.09581150114536285,0
0,0.09581150114536285,0
0,0.09581150114536285,0
0,0.09581150114536285,0
0,0.09581150114536285,0
0,0.09581150114536285,0
0,0.09581150114536285,0
0,0.09581150114536285,0
0,0.09581150114536285,0
0,0.09581150114536285,0
0,0.09581150114536285,0
0,0.09581150114536285,0
0,0.09581150114536285,0
0,0.09581150114536285,0
0,0.09581150114536285,0
0,0.09581150114536285,0
0,0.09581150114536285,0
0,0.09581150114536285,0
0,0.09581150114536285,0
0,0.09581150114536285,0
0,0.09581150114536285,0
0,0.09581150114536285,0
0,0.09581150114536285,0
0,0.09581150114536285,0
0,0.09581150114536285,0
0,0.09581150114536285,0
0,0.09581150114536285,0
0,0.09581150114536285,0
0,0.09581150114536285,0
0,0.09581150114536285,0
0,0.09581150114536285,0
0,0.09581150114536285,0
0,0.09581150114536285,0
0,0.09581150114536285,0
0,0.09581150114536285,0
0,0.09581150114536285,0
0,0.09581150114536285,0
0,0.09581150114536285,0
0,0.09581150114536285,0
0,0.09581150114536285,0
0,0.09581150114536285,0
0,0.09581150114536285,0
0,0.09581150114536285,0
0,0.09581150114536285,0
0,0.09581150114536285,0
0,0.09581150114536285,0
0,0.09581150114536285,0
0,0.09581150114536285,0
0,0.09581150114536285,0
0,0.09581150114536285,0
0,0.09581150114536285,0
0,0.09581150114536285,0
0,0.09581150114536285,0
0,0.09581150114536285,0
0,0.09581150114536285,0
0,0.09581150114536285,0
0,0.09581150114536285,0
0,0.09581150114536285,0
0,0.09581150114536285,0
0,0.09581150114536285,0
0,0.09581150114536285,0
0,0.09581150114536285,0
0,0.09581150114536285,0
0,0.09581150114536285,0
0,0.09581150114536285,0
0,0.09581150114536285,0
0,0.09581150114536285,0
0,0.09581150114536285,0
0,0.09581150114536285,0
0,0.09581150114536285,0
0,0.09581150114536285,0
0,0.09581150114536285,0
0,0.09581150114536285,0
0,0.09581150114536285,0
0,0.09581150114536285,0
0,0.09581150114536285,0
0,0.09581150114536285,0
0,0.09581150114536285,0
0,0.09581150114536285,0
0,0.09581150114536285,0
0,0.09581150114536285,0
0,0.09581150114536285,0
0,0.09581150114536285,0
0,0.09581150114536285,0
0,0.09581150114536285,0
0,0.09581150114536285,0
0,0.09581150114536285,0
0,0.09581150114536285,0
0,0.09581150114536285,0
0,0.09581150114536285,0
0,0.09581150114536285,0
0,0.09581150114536285,0
0,0.09581150114536285,0
0,0.09581150114536285,0
0,0.09581150114536285,0
0,0.09581150114536285,0
0,0.09581150114536285,0
0,0.09581150114536285,0
0,0.09581150114536285,0
0,0.09581150114536285,0
0,0.09581150114536285,0
0,0.09581150114536285,0
0,0.09581150114536285,0
0,0.09581150114536285,0
0,0.09581150114536285,0
0,0.09581150114536285,0
0,0.09581150114536285,0
0,0.09581150114536285,0
0,0.09581150114536285,0
0,0.09581150114536285,0
0,0.09581150114536285,0
0,0.09581150114536285,0
0,0.09581150114536285,0
0,0.09581150114536285,0
0,0.09581150114536285,0
0,0.09581150114536285,0
0,0.09581150114536285,0
0,0.09581150114536285,0
0,0.09581150114536285,0
0,0.09581150114536285,0
0,0.09581150114536285,0
0,0.09581150114536285,0
0,0.09581150114536285,0
0,0.09581150114536285,0
0,0.09581150114536285,0
0,0.09581150114536285,0
0,0.09581150114536285,0
0,0.09581150114536285,0
0,0.09581150114536285,0
0,0.09581150114536285,0
0,0.09581150114536285,0
0,0.09581150114536285,0
0,0.09581150114536285,0
0,0.09581150114536285,0
0,0.09581150114536285,0
0,0.09581150114536285,0
0,0.09581150114536285,0
0,0.09581150114536285,0
0,0.09581150114536285,0
0,0.09581150114536285,0
0,0.09581150114536285,0
0,0.09581150114536285,0
0,0.09581150114536285,0
0,0.09581150114536285,0
0,0.09581150114536285,0
0,0.09581150114536285,0
0,0.09581150114536285,0
0,0.09581150114536285,0
0,0.09581150114536285,0
0,0.09581150114536285,0
0,0.09581150114536285,0
0,0.09581150114536285,0
0,0.09581150114536285,0
0,0.09581150114536285,0
0,0.09581150114536285,0
0,0.09581150114536285,0
0,0.09581150114536285,0
0,0.09581150114536285,0
0,0.09581150114536285,0
0,0.09581150114536285,0
0,0.09581150114536285,0
0,0.09581150114536285,0
0,0.09581150114536285,0
0,0.09581150114536285,0
0,0.09581150114536285,0
0,0.09581150114536285,0
0,0.09581150114536285,0
0,0.09581150114536285,0
0,0.09581150114536285,0
0,0.09581150114536285,0
0,0.09581150114536285,0
0,0.09581150114536285,0
0,0.09581150114536285,0
0,0.09581150114536285,0
0,0.09581150114536285,0
0,0.09581150114536285,0
0,0.09581150114536285,0
0,0.09581150114536285,0
0,0.09581150114536285,0
0,0.09581150114536285,0
0,0.09581150114536285,0
0,0.09581150114536285,0
0,0.09581150114536285,0
0,0.09581150114536285,0
0,0.09581150114536285,0
0,0.09581150114536285,0
0,0.09581150114536285,0
0,0.09581150114536285,0
0,0.09581150114536285,0
0,0.09581150114536285,0
0,0.09581150114536285,0
0,0.09581150114536285,0
0,0.09581150114536285,0
0,0.09581150114536285,0
0,0.09581150114536285,0
0,0.09581150114536285,0
0,0.09581150114536285,0
0,0.09581150114536285,0
0,0.09581150114536285,0
0,0.09581150114536285,0
0,0.09581150114536285,0
0,0.09581150114536285,0
0,0.09581150114536285,0
0,0.09581150114536285,0
0,0.09581150114536285,0
0,0.09581150114536285,0
0,0.09581150114536285,0
0,0.09581150114536285,0
0,0.09581150114536285,0
0,0.09581150114536285,0
0,0.09581150114536285,0
0,0.09581150114536285,0
0,0.09581150114536285,0
0,0.09581150114536285,0
0,0.09581150114536285,0
0,0.09581150114536285,0
0,0.09581150114536285,0
0,0.09581150114536285,0
0,0.09581150114536285,0
0,0.09581150114536285,0
0,0.09581150114536285,0
0,0.09581150114536285,0
0,0.09581150114536285,0
0,0.09581150114536285,0
0,0.09581150114536285,0
0,0.09581150114536285,0
0,0.09581150114536285,0
0,0.09581150114536285,0
0,0.09581150114536285,0
0,0.09581150114536285,0
0,0.09581150114536285,0
0,0.09581150114536285,0
0,0.09581150114536285,0
0,0.09581150114536285,0
0,0.09581150114536285,0
0,0.09581150114536285,0
0,0.09581150114536285,0
0,0.09581150114536285,0
0,0.09581150114536285,0
0,0.09581150114536285,0
0,0.09581150114536285,0
0,0.09581150114536285,0
0,0.09581150114536285,0
0,0.09581150114536285,0
0,0.09581150114536285,0
0,0.09581150114536285,0
0,0.09581150114536285,0
0,0.09581150114536285,0
0,0.09581150114536285,0
0,0.09581150114536285,0
0,0.09581150114536285,0
0,0.09581150114536285,0
0,0.09581150114536285,0
0,0.09581150114536285,0
0,0.09581150114536285,0
0,0.09581150114536285,0
0,0.09581150114536285,0
0,0.09581150114536285,0
0,0.09581150114536285,0
0,0.09581150114536285,0
0,0.09581150114536285,0
0,0.09581150114536285,0
0,0.09581150114536285,0
0,0.09581150114536285,0
0,0.09581150114536285,0
0,0.09581150114536285,0
0,0.09581150114536285,0
0,0.09581150114536285,0
0,0.09581150114536285,0
0,0.09581150114536285,0
0,0.09581150114536285,0
0,0.09581150114536285,0
0,0.09581150114536285,0
0,0.09581150114536285,0
0,0.09581150114536285,0
0,0.09581150114536285,0
0,0.09581150114536285,0
0,0.09581150114536285,0
0,0.09581150114536285,0
0,0.09581150114536285,0
0,0.09581150114536285,0
0,0.09581150114536285,0
0,0.09581150114536285,0
0,0.09581150114536285,0
0,0.09581150114536285,0
0,0.09581150114536285,0
0,0.09581150114536285,0
0,0.09581150114536285,0
0,0.09581150114536285,0
0,0.09581150114536285,0
0,0.09581150114536285,0
0,0.09581150114536285,0
0,0.09581150114536285,0
0,0.09581150114536285,0
0,0.09581150114536285,0
0,0.09581150114536285,0
0,0.09581150114536285,0
0,0.09581150114536285,0
0,0.09581150114536285,0
0,0.09581150114536285,0
0,0.09581150114536285,0
0,0.09581150114536285,0
0,0.09581150114536285,0
0,0.09581150114536285,0
0,0.09581150114536285,0
0,0.09581150114536285,0
0,0.09581150114536285,0
0,0.09581150114536285,0
0,0.09581150114536285,0
0,0.09581150114536285,0
0,0.09581150114536285,0
0,0.09581150114536285,0
0,0.09581150114536285,0
0,0.09581150114536285,0
0,0.09581150114536285,0
0,0.09581150114536285,0
0,0.09581150114536285,0
0,0.09581150114536285,0
0,0.09581150114536285,0
0,0.09581150114536285,0
0,0.09581150114536285,0
0,0.09581150114536285,0
0,0.09581150114536285,0
0,0.09581150114536285,0
0,0.09581150114536285,0
0,0.09581150114536285,0
0,0.09581150114536285,0
0,0.09581150114536285,0
0,0.09581150114536285,0
0,0.09581150114536285,0
0,0.09581150114536285,0
0,0.09581150114536285,0
0,0.09581150114536285,0
0,0.09581150114536285,0
0,0.09581150114536285,0
0,0.09581150114536285,0
0,0.09581150114536285,0
0,0.09581150114536285,0
0,0.09581150114536285,0
0,0.09581150114536285,0
0,0.09581150114536285,0
0,0.09581150114536285,0
0,0.09581150114536285,0
0,0.09581150114536285,0
0,0.09581150114536285,0
0,0.09581150114536285,0
0,0.09581150114536285,0
0,0.09581150114536285,0
0,0.09581150114536285,0
0,0.09581150114536285,0
0,0.09581150114536285,0
0,0.09581150114536285,0
0,0.09581150114536285,0
0,0.09581150114536285,0
0,0.09581150114536285,0
0,0.09581150114536285,0
0,0.09581150114536285,0
0,0.09581150114536285,0
0,0.09581150114536285,0
0,0.09581150114536285,0
0,0.09581150114536285,0
0,0.09581150114536285,0
0,0.09581150114536285,0
0,0.09581150114536285,0
0,0.09581150114536285,0
0,0.09581150114536285,0
0,0.09581150114536285,0
0,0.09581150114536285,0
0,0.09581150114536285,0
0,0.09581150114536285,0
0,0.09581150114536285,0
0,0.09581150114536285,0
0,0.09581150114536285,0
0,0.09581150114536285,0
0,0.09581150114536285,0
0,0.09581150114536285,0
0,0.09581150114536285,0
0,0.09581150114536285,0
0,0.09581150114536285,0
0,0.09581150114536285,0
0,0.09581150114536285,0
0,0.09581150114536285,0
0,0.09581150114536285,0
0,0.09581150114536285,0
0,0.09581150114536285,0
0,0.09581150114536285,0
0,0.09581150114536285,0
0,0.09581150114536285,0
0,0.09581150114536285,0
0,0.09581150114536285,0
0,0.09581150114536285,0
0,0.09581150114536285,0
0,0.09581150114536285,0
0,0.09581150114536285,0
0,0.09581150114536285,0
0,0.09581150114536285,0
0,0.09581150114536285,0
0,0.09581150114536285,0
0,0.09581150114536285,0
0,0.09581150114536285,0
0,0.09581150114536285,0
0,0.09581150114536285,0
0,0.09581150114536285,0
0,0.09581150114536285,0
0,0.09581150114536285,0
0,0.09581150114536285,0
0,0.09581150114536285,0
0,0.09581150114536285,0
0,0.09581150114536285,0
0,0.09581150114536285,0
0,0.09581150114536285,0
0,0.09581150114536285,0
0,0.09581150114536285,0
0,0.09581150114536285,0
0,0.09581150114536285,0
0,0.09581150114536285,0
0,0.09581150114536285,0
0,0.09581150114536285,0
0,0.09581150114536285,0
0,0.09581150114536285,0
0,0.09581150114536285,0
0,0.09581150114536285,0
0,0.09581150114536285,0
0,0.09581150114536285,0
0,0.09581150114536285,0
0,0.09581150114536285,0
0,0.09581150114536285,0
0,0.09581150114536285,0
0,0.09581150114536285,0
0,0.09581150114536285,0
0,0.09581150114536285,0
0,0.09581150114536285,0
0,0.09581150114536285,0
0,0.09581150114536285,0
0,0.09581150114536285,0
0,0.09581150114536285,0
0,0.09581150114536285,0
0,0.09581150114536285,0
0,0.09581150114536285,0
0,0.09581150114536285,0
0,0.09581150114536285,0
0,0.09581150114536285,0
0,0.09581150114536285,0
0,0.09581150114536285,0
0,0.09581150114536285,0
0,0.09581150114536285,0
0,0.09581150114536285,0
0,0.09581150114536285,0
0,0.09581150114536285,0
0,0.09581150114536285,0
0,0.09581150114536285,0
0,0.09581150114536285,0
0,0.09581150114536285,0
0,0.09581150114536285,0
0,0.09581150114536285,0
0,0.09581150114536285,0
0,0.09581150114536285,0
0,0.09581150114536285,0
0,0.09581150114536285,0
0,0.09581150114536285,0
0,0.09581150114536285,0
0,0.09581150114536285,0
0,0.09581150114536285,0
0,0.09581150114536285,0
0,0.09581150114536285,0
0,0.09581150114536285,0
0,0.09581150114536285,0
0,0.09581150114536285,0
0,0.09581150114536285,0
0,0.09581150114536285,0
0,0.09581150114536285,0
0,0.09581150114536285,0
0,0.09581150114536285,0
0,0.09581150114536285,0
0,0.09581150114536285,0
0,0.09581150114536285,0
0,0.09581150114536285,0
0,0.09581150114536285,0
0,0.09581150114536285,0
0,0.09581150114536285,0
0,0.09581150114536285,0
0,0.09581150114536285,0
0,0.09581150114536285,0
0,0.09581150114536285,0
0,0.09581150114536285,0
0,0.09581150114536285,0
0,0.09581150114536285,0
0,0.09581150114536285,0
0,0.09581150114536285,0
0,0.09581150114536285,0
0,0.09581150114536285,0
0,0.09581150114536285,0
0,0.09581150114536285,0
0,0.09581150114536285,0
0,0.8923224210739136,0
0,0.8895574808120728,0
0,0.883767306804657,0
0,0.8632813096046448,0
0,0.8468464016914368,0
0,0.8307079672813416,0
0,0.8125883340835571,0
0,0.7851958274841309,0
0,0.7540867328643799,0
0,0.7434166669845581,0
0,0.7469439506530762,0
0,0.7541808485984802,0
0,0.7545438408851624,0
0,0.7282616496086121,0
0,0.6804725527763367,0
0,0.6562877893447876,0
0,0.6852715611457825,0
0,0.7351422905921936,0
0,0.7442667484283447,0
0,0.7101284265518188,0
0,0.6404545903205872,0
0,0.5794359445571899,0
0,0.5981054902076721,0
0,0.6770144104957581,0
0,0.7196396589279175,0
0,0.7175034880638123,0
0,0.6955389380455017,0
0,0.670813798904419,0
0,0.6545332670211792,0
0,0.6471360921859741,0
0,0.5066333413124084,0
0,0.09581150114536285,0
0,0.09581150114536285,0
0,0.09581150114536285,0
0,0.09581150114536285,0
0,0.09581150114536285,0
0,0.09581150114536285,0
0,0.09581150114536285,0
0,0.09581150114536285,0
0,0.09581150114536285,0
0,0.09581150114536285,0
0,0.09581150114536285,0
0,0.09581150114536285,0
0,0.09581150114536285,0
0,0.09581150114536285,0
0,0.09581150114536285,0
0,0.09581150114536285,0
0,0.09581150114536285,0
0,0.09581150114536285,0
0,0.09581150114536285,0
0,0.09581150114536285,0
0,0.09581150114536285,0
0,0.09581150114536285,0
0,0.09581150114536285,0
0,0.09581150114536285,0
0,0.09581150114536285,0
0,0.09581150114536285,0
0,0.09581150114536285,0
0,0.09581150114536285,0
0,0.09581150114536285,0
0,0.09581150114536285,0
0,0.09581150114536285,0
0,0.09581150114536285,0
0,0.09581150114536285,0
0,0.09581150114536285,0
0,0.09581150114536285,0
0,0.09581150114536285,0
0,0.09581150114536285,0
0,0.09581150114536285,0
0,0.09581150114536285,0
0,0.09581150114536285,0
0,0.09581150114536285,0
0,0.09581150114536285,0
0,0.09581150114536285,0
0,0.09581150114536285,0
0,0.09581150114536285,0
0,0.09581150114536285,0
0,0.09581150114536285,0
0,0.09581150114536285,0
0,0.09581150114536285,0
0,0.09581150114536285,0
0,0.09581150114536285,0
0,0.09581150114536285,0
0,0.09581150114536285,0
0,0.09581150114536285,0
0,0.09581150114536285,0
0,0.09581150114536285,0
0,0.09581150114536285,0
0,0.09581150114536285,0
0,0.09581150114536285,0
0,0.09581150114536285,0
0,0.09581150114536285,0
0,0.09581150114536285,0
0,0.09581150114536285,0
0,0.09581150114536285,0
0,0.09581150114536285,0
0,0.09581150114536285,0
0,0.09581150114536285,0
0,0.09581150114536285,0
0,0.09581150114536285,0
0,0.09581150114536285,0
0,0.09581150114536285,0
0,0.09581150114536285,0
0,0.09581150114536285,0
0,0.09581150114536285,0
0,0.09581150114536285,0
0,0.09581150114536285,0
0,0.09581150114536285,0
0,0.09581150114536285,0
0,0.09581150114536285,0
0,0.09581150114536285,0
0,0.09581150114536285,0
0,0.09581150114536285,0
0,0.09581150114536285,0
0,0.09581150114536285,0
0,0.09581150114536285,0
0,0.09581150114536285,0
0,0.09581150114536285,0
0,0.09581150114536285,0
0,0.09581150114536285,0
0,0.09581150114536285,0
0,0.09581150114536285,0
0,0.09581150114536285,0
0,0.09581150114536285,0
0,0.09581150114536285,0
0,0.09581150114536285,0
0,0.09581150114536285,0
0,0.09581150114536285,0
0,0.09581150114536285,0
0,0.09581150114536285,0
0,0.09581150114536285,0
0,0.09581150114536285,0
0,0.09581150114536285,0
0,0.09581150114536285,0
0,0.09581150114536285,0
0,0.09581150114536285,0
0,0.09581150114536285,0
0,0.09581150114536285,0
0,0.09581150114536285,0
0,0.09581150114536285,0
0,0.09581150114536285,0
0,0.09581150114536285,0
0,0.09581150114536285,0
0,0.09581150114536285,0
0,0.09581150114536285,0
0,0.09581150114536285,0
0,0.09581150114536285,0
0,0.09581150114536285,0
0,0.09581150114536285,0
0,0.09581150114536285,0
0,0.09581150114536285,0
0,0.09581150114536285,0
0,0.09581150114536285,0
0,0.09581150114536285,0
0,0.09581150114536285,0
0,0.09581150114536285,0
0,0.09581150114536285,0
0,0.09581150114536285,0
0,0.09581150114536285,0
0,0.09581150114536285,0
0,0.09581150114536285,0
0,0.09581150114536285,0
0,0.09581150114536285,0
0,0.09581150114536285,0
0,0.09581150114536285,0
0,0.09581150114536285,0
0,0.09581150114536285,0
0,0.09581150114536285,0
0,0.09581150114536285,0
0,0.09581150114536285,0
0,0.09581150114536285,0
0,0.09581150114536285,0
0,0.09581150114536285,0
0,0.09581150114536285,0
0,0.09581150114536285,0
0,0.09581150114536285,0
0,0.09581150114536285,0
0,0.09581150114536285,0
0,0.09581150114536285,0
0,0.09581150114536285,0
0,0.09581150114536285,0
0,0.09581150114536285,0
0,0.09581150114536285,0
0,0.09581150114536285,0
0,0.09581150114536285,0
0,0.09581150114536285,0
0,0.09581150114536285,0
0,0.09581150114536285,0
0,0.09581150114536285,0
0,0.09581150114536285,0
0,0.09581150114536285,0
0,0.09581150114536285,0
0,0.09581150114536285,0
0,0.09581150114536285,0
0,0.09581150114536285,0
0,0.09581150114536285,0
0,0.09581150114536285,0
0,0.09581150114536285,0
0,0.09581150114536285,0
0,0.09581150114536285,0
0,0.09581150114536285,0
0,0.09581150114536285,0
0,0.09581150114536285,0
0,0.09581150114536285,0
0,0.09581150114536285,0
0,0.09581150114536285,0
0,0.09581150114536285,0
0,0.09581150114536285,0
0,0.09581150114536285,0
0,0.09581150114536285,0
0,0.09581150114536285,0
0,0.09581150114536285,0
0,0.09581150114536285,0
0,0.09581150114536285,0
0,0.09581150114536285,0
0,0.09581150114536285,0
0,0.09581150114536285,0
0,0.09581150114536285,0
0,0.09581150114536285,0
0,0.09581150114536285,0
0,0.09581150114536285,0
0,0.09581150114536285,0
0,0.09581150114536285,0
0,0.09581150114536285,0
0,0.09581150114536285,0
0,0.09581150114536285,0
0,0.09581150114536285,0
0,0.09581150114536285,0
0,0.09581150114536285,0
0,0.09581150114536285,0
0,0.09581150114536285,0
0,0.09581150114536285,0
0,0.09581150114536285,0
0,0.09581150114536285,0
0,0.09581150114536285,0
0,0.09581150114536285,0
0,0.09581150114536285,0
0,0.09581150114536285,0
0,0.09581150114536285,0
0,0.09581150114536285,0
0,0.09581150114536285,0
0,0.09581150114536285,0
0,0.09581150114536285,0
0,0.09581150114536285,0
0,0.09581150114536285,0
0,0.09581150114536285,0
0,0.09581150114536285,0
0,0.09581150114536285,0
0,0.09581150114536285,0
0,0.09581150114536285,0
0,0.09581150114536285,0
0,0.09581150114536285,0
0,0.09581150114536285,0
0,0.09581150114536285,0
0,0.09581150114536285,0
0,0.09581150114536285,0
0,0.09581150114536285,0
0,0.09581150114536285,0
0,0.09581150114536285,0
0,0.09581150114536285,0
0,0.09581150114536285,0
0,0.09581150114536285,0
0,0.09581150114536285,0
0,0.09581150114536285,0
0,0.09581150114536285,0
0,0.09581150114536285,0
0,0.09581150114536285,0
0,0.09581150114536285,0
0,0.09581150114536285,0
0,0.09581150114536285,0
0,0.09581150114536285,0
0,0.09581150114536285,0
0,0.09581150114536285,0
0,0.09581150114536285,0
0,0.09581150114536285,0
0,0.09581150114536285,0
0,0.09581150114536285,0
0,0.09581150114536285,0
0,0.09581150114536285,0
0,0.09581150114536285,0
0,0.09581150114536285,0
0,0.09581150114536285,0
0,0.09581150114536285,0
0,0.09581150114536285,0
0,0.09581150114536285,0
0,0.09581150114536285,0
0,0.09581150114536285,0
0,0.09581150114536285,0
0,0.09581150114536285,0
0,0.09581150114536285,0
0,0.09581150114536285,0
0,0.09581150114536285,0
0,0.09581150114536285,0
0,0.09581150114536285,0
0,0.09581150114536285,0
0,0.09581150114536285,0
0,0.09581150114536285,0
0,0.09581150114536285,0
0,0.09581150114536285,0
0,0.09581150114536285,0
0,0.09581150114536285,0
0,0.09581150114536285,0
0,0.09581150114536285,0
0,0.09581150114536285,0
0,0.09581150114536285,0
0,0.09581150114536285,0
0,0.09581150114536285,0
0,0.09581150114536285,0
0,0.09581150114536285,0
0,0.09581150114536285,0
0,0.09581150114536285,0
0,0.09581150114536285,0
0,0.09581150114536285,0
0,0.09581150114536285,0
0,0.09581150114536285,0
0,0.09581150114536285,0
0,0.09581150114536285,0
0,0.09581150114536285,0
0,0.09581150114536285,0
0,0.09581150114536285,0
0,0.09581150114536285,0
0,0.09581150114536285,0
0,0.09581150114536285,0
0,0.09581150114536285,0
0,0.09581150114536285,0
0,0.09581150114536285,0
0,0.09581150114536285,0
0,0.09581150114536285,0
0,0.09581150114536285,0
0,0.09581150114536285,0
0,0.09581150114536285,0
0,0.09581150114536285,0
0,0.09581150114536285,0
0,0.09581150114536285,0
0,0.09581150114536285,0
0,0.09581150114536285,0
0,0.09581150114536285,0
0,0.09581150114536285,0
0,0.09581150114536285,0
0,0.09581150114536285,0
0,0.09581150114536285,0
0,0.09581150114536285,0
0,0.09581150114536285,0
0,0.09581150114536285,0
0,0.09581150114536285,0
0,0.09581150114536285,0
0,0.09581150114536285,0
0,0.09581150114536285,0
0,0.09581150114536285,0
0,0.09581150114536285,0
0,0.09581150114536285,0
0,0.09581150114536285,0
0,0.09581150114536285,0
0,0.09581150114536285,0
0,0.09581150114536285,0
0,0.09581150114536285,0
0,0.09581150114536285,0
0,0.09581150114536285,0
0,0.09581150114536285,0
0,0.09581150114536285,0
0,0.09581150114536285,0
0,0.09581150114536285,0
0,0.09581150114536285,0
0,0.09581150114536285,0
0,0.09581150114536285,0
0,0.09581150114536285,0
0,0.09581150114536285,0
0,0.09581150114536285,0
0,0.09581150114536285,0
0,0.09581150114536285,0
0,0.09581150114536285,0
0,0.09581150114536285,0
0,0.09581150114536285,0
0,0.09581150114536285,0
0,0.09581150114536285,0
0,0.09581150114536285,0
0,0.09581150114536285,0
0,0.09581150114536285,0
0,0.09581150114536285,0
0,0.09581150114536285,0
0,0.09581150114536285,0
0,0.09581150114536285,0
0,0.09581150114536285,0
0,0.09581150114536285,0
0,0.09581150114536285,0
0,0.09581150114536285,0
0,0.09581150114536285,0
0,0.09581150114536285,0
0,0.09581150114536285,0
0,0.09581150114536285,0
0,0.09581150114536285,0
0,0.09581150114536285,0
0,0.09581150114536285,0
0,0.09581150114536285,0
0,0.09581150114536285,0
0,0.09581150114536285,0
0,0.09581150114536285,0
0,0.09581150114536285,0
0,0.09581150114536285,0
0,0.09581150114536285,0
0,0.09581150114536285,0
0,0.09581150114536285,0
0,0.09581150114536285,0
0,0.09581150114536285,0
0,0.09581150114536285,0
0,0.09581150114536285,0
0,0.09581150114536285,0
0,0.09581150114536285,0
0,0.09581150114536285,0
0,0.09581150114536285,0
0,0.09581150114536285,0
0,0.09581150114536285,0
0,0.09581150114536285,0
0,0.09581150114536285,0
0,0.09581150114536285,0
0,0.09581150114536285,0
0,0.09581150114536285,0
0,0.09581150114536285,0
0,0.09581150114536285,0
0,0.09581150114536285,0
0,0.09581150114536285,0
0,0.09581150114536285,0
0,0.09581150114536285,0
0,0.09581150114536285,0
0,0.09581150114536285,0
0,0.09581150114536285,0
0,0.09581150114536285,0
0,0.09581150114536285,0
0,0.09581150114536285,0
0,0.09581150114536285,0
0,0.09581150114536285,0
0,0.09581150114536285,0
0,0.09581150114536285,0
0,0.09581150114536285,0
0,0.09581150114536285,0
0,0.09581150114536285,0
0,0.09581150114536285,0
0,0.09581150114536285,0
0,0.09581150114536285,0
0,0.09581150114536285,0
0,0.09581150114536285,0
0,0.09581150114536285,0
0,0.09581150114536285,0
0,0.09581150114536285,0
0,0.09581150114536285,0
0,0.09581150114536285,0
0,0.09581150114536285,0
0,0.09581150114536285,0
0,0.09581150114536285,0
0,0.09581150114536285,0
0,0.09581150114536285,0
0,0.09581150114536285,0
0,0.09581150114536285,0
0,0.09581150114536285,0
0,0.09581150114536285,0
0,0.09581150114536285,0
0,0.09581150114536285,0
0,0.09581150114536285,0
0,0.09581150114536285,0
0,0.09581150114536285,0
0,0.09581150114536285,0
0,0.09581150114536285,0
0,0.09581150114536285,0
0,0.09581150114536285,0
0,0.09581150114536285,0
0,0.09581150114536285,0
0,0.09581150114536285,0
0,0.09581150114536285,0
0,0.09581150114536285,0
0,0.09581150114536285,0
0,0.09581150114536285,0
0,0.09581150114536285,0
0,0.09581150114536285,0
0,0.09581150114536285,0
0,0.09581150114536285,0
0,0.09581150114536285,0
0,0.09581150114536285,0
0,0.09581150114536285,0
0,0.09581150114536285,0
0,0.09581150114536285,0
0,0.09581150114536285,0
0,0.09581150114536285,0
0,0.09581150114536285,0
0,0.09581150114536285,0
0,0.09581150114536285,0
0,0.09581150114536285,0
0,0.09581150114536285,0
0,0.09581150114536285,0
0,0.09581150114536285,0
0,0.09581150114536285,0
0,0.09581150114536285,0
0,0.09581150114536285,0
0,0.09581150114536285,0
0,0.09581150114536285,0
0,0.09581150114536285,0
0,0.09581150114536285,0
0,0.09581150114536285,0
0,0.09581150114536285,0
0,0.09581150114536285,0
0,0.09581150114536285,0
0,0.09581150114536285,0
0,0.09581150114536285,0
0,0.09581150114536285,0
0,0.09581150114536285,0
0,0.09581150114536285,0
0,0.09581150114536285,0
0,0.09581150114536285,0
0,0.09581150114536285,0
0,0.09581150114536285,0
0,0.09581150114536285,0
0,0.09581150114536285,0
0,0.09581150114536285,0
0,0.09581150114536285,0
0,0.09581150114536285,0
0,0.09581150114536285,0
0,0.09581150114536285,0
0,0.09581150114536285,0
0,0.09581150114536285,0
0,0.09581150114536285,0
0,0.09581150114536285,0
0,0.09581150114536285,0
0,0.09581150114536285,0
0,0.09581150114536285,0
0,0.09581150114536285,0
0,0.09581150114536285,0
0,0.09581150114536285,0
0,0.09581150114536285,0
0,0.09581150114536285,0
0,0.09581150114536285,0
0,0.09581150114536285,0
0,0.09581150114536285,0
0,0.09581150114536285,0
0,0.09581150114536285,0
0,0.09581150114536285,0
0,0.09581150114536285,0
0,0.09581150114536285,0
0,0.09581150114536285,0
0,0.09581150114536285,0
0,0.09581150114536285,0
0,0.09581150114536285,0
0,0.09581150114536285,0
0,0.09581150114536285,0
0,0.09581150114536285,0
0,0.09581150114536285,0
0,0.09581150114536285,0
0,0.09581150114536285,0
0,0.09581150114536285,0
0,0.09581150114536285,0
0,0.09581150114536285,0
0,0.09581150114536285,0
0,0.09581150114536285,0
0,0.09581150114536285,0
0,0.09581150114536285,0
0,0.09581150114536285,0
0,0.09581150114536285,0
0,0.09581150114536285,0
0,0.09581150114536285,0
0,0.09581150114536285,0
0,0.09581150114536285,0
0,0.09581150114536285,0
0,0.09581150114536285,0
0,0.09581150114536285,0
0,0.09581150114536285,0
0,0.09581150114536285,0
0,0.09581150114536285,0
0,0.09581150114536285,0
0,0.09581150114536285,0
0,0.09581150114536285,0
0,0.09581150114536285,0
0,0.09581150114536285,0
0,0.09581150114536285,0
0,0.09581150114536285,0
0,0.09581150114536285,0
0,0.09581150114536285,0
0,0.09581150114536285,0
0,0.09581150114536285,0
0,0.09581150114536285,0
0,0.09581150114536285,0
0,0.09581150114536285,0
0,0.09581150114536285,0
0,0.09581150114536285,0
0,0.09581150114536285,0
0,0.09581150114536285,0
0,0.09581150114536285,0
0,0.09581150114536285,0
0,0.09581150114536285,0
0,0.09581150114536285,0
0,0.09581150114536285,0
0,0.09581150114536285,0
0,0.09581150114536285,0
0,0.09581150114536285,0
0,0.09581150114536285,0
0,0.09581150114536285,0
0,0.09581150114536285,0
0,0.09581150114536285,0
0,0.09581150114536285,0
0,0.09581150114536285,0
0,0.09581150114536285,0
0,0.09581150114536285,0
0,0.09581150114536285,0
0,0.09581150114536285,0
0,0.09581150114536285,0
0,0.09581150114536285,0
0,0.09581150114536285,0
0,0.09581150114536285,0
0,0.09581150114536285,0
0,0.09581150114536285,0
0,0.09581150114536285,0
0,0.09581150114536285,0
0,0.09581150114536285,0
0,0.09581150114536285,0
0,0.09581150114536285,0
0,0.09581150114536285,0
0,0.09581150114536285,0
0,0.09581150114536285,0
0,0.09581150114536285,0
0,0.09581150114536285,0
0,0.09581150114536285,0
0,0.09581150114536285,0
0,0.09581150114536285,0
0,0.09581150114536285,0
0,0.09581150114536285,0
0,0.09581150114536285,0
0,0.09581150114536285,0
0,0.09581150114536285,0
0,0.09581150114536285,0
0,0.09581150114536285,0
0,0.09581150114536285,0
0,0.09581150114536285,0
0,0.09581150114536285,0
0,0.09581150114536285,0
0,0.09581150114536285,0
0,0.09581150114536285,0
0,0.09581150114536285,0
0,0.09581150114536285,0
0,0.09581150114536285,0
0,0.09581150114536285,0
0,0.09581150114536285,0
0,0.09581150114536285,0
0,0.09581150114536285,0
0,0.09581150114536285,0
0,0.09581150114536285,0
0,0.09581150114536285,0
0,0.09581150114536285,0
0,0.09581150114536285,0
0,0.09581150114536285,0
0,0.09581150114536285,0
0,0.09581150114536285,0
0,0.09581150114536285,0
0,0.09581150114536285,0
0,0.09581150114536285,0
0,0.09581150114536285,0
0,0.09581150114536285,0
0,0.09581150114536285,0
0,0.09581150114536285,0
0,0.09581150114536285,0
0,0.09581150114536285,0
0,0.09581150114536285,0
0,0.09581150114536285,0
0,0.09581150114536285,0
0,0.09581150114536285,0
0,0.09581150114536285,0
0,0.09581150114536285,0
0,0.09581150114536285,0
0,0.09581150114536285,0
0,0.09581150114536285,0
0,0.09581150114536285,0
0,0.09581150114536285,0
0,0.09581150114536285,0
0,0.09581150114536285,0
0,0.09581150114536285,0
0,0.09581150114536285,0
0,0.09581150114536285,0
0,0.09581150114536285,0
0,0.09581150114536285,0
0,0.09581150114536285,0
0,0.09581150114536285,0
0,0.09581150114536285,0
0,0.09581150114536285,0
0,0.09581150114536285,0
0,0.09581150114536285,0
0,0.09581150114536285,0
0,0.09581150114536285,0
0,0.09581150114536285,0
0,0.09581150114536285,0
0,0.09581150114536285,0
0,0.09581150114536285,0
0,0.09581150114536285,0
0,0.09581150114536285,0
0,0.09581150114536285,0
0,0.09581150114536285,0
0,0.09581150114536285,0
0,0.09581150114536285,0
0,0.09581150114536285,0
0,0.09581150114536285,0
0,0.09581150114536285,0
0,0.09581150114536285,0
0,0.09581150114536285,0
0,0.09581150114536285,0
0,0.09581150114536285,0
0,0.09581150114536285,0
0,0.09581150114536285,0
0,0.09581150114536285,0
0,0.09581150114536285,0
0,0.09581150114536285,0
0,0.09581150114536285,0
0,0.09581150114536285,0
0,0.09581150114536285,0
0,0.09581150114536285,0
0,0.09581150114536285,0
0,0.09581150114536285,0
0,0.09581150114536285,0
0,0.09581150114536285,0
0,0.09581150114536285,0
0,0.09581150114536285,0
0,0.09581150114536285,0
0,0.09581150114536285,0
0,0.09581150114536285,0
0,0.09581150114536285,0
0,0.09581150114536285,0
0,0.09581150114536285,0
0,0.09581150114536285,0
0,0.09581150114536285,0
0,0.09581150114536285,0
0,0.09581150114536285,0
0,0.09581150114536285,0
0,0.09581150114536285,0
0,0.09581150114536285,0
0,0.09581150114536285,0
0,0.09581150114536285,0
0,0.09581150114536285,0
0,0.09581150114536285,0
0,0.09581150114536285,0
0,0.09581150114536285,0
0,0.09581150114536285,0
0,0.09581150114536285,0
0,0.09581150114536285,0
0,0.09581150114536285,0
0,0.09581150114536285,0
0,0.09581150114536285,0
0,0.09581150114536285,0
0,0.09581150114536285,0
0,0.09581150114536285,0
0,0.09581150114536285,0
0,0.09581150114536285,0
0,0.09581150114536285,0
0,0.09581150114536285,0
0,0.09581150114536285,0
0,0.09581150114536285,0
0,0.09581150114536285,0
0,0.09581150114536285,0
0,0.09581150114536285,0
0,0.09581150114536285,0
0,0.09581150114536285,0
0,0.09581150114536285,0
0,0.09581150114536285,0
0,0.09581150114536285,0
0,0.09581150114536285,0
0,0.09581150114536285,0
0,0.09581150114536285,0
0,0.09581150114536285,0
0,0.09581150114536285,0
0,0.09581150114536285,0
0,0.09581150114536285,0
0,0.09581150114536285,0
0,0.09581150114536285,0
0,0.09581150114536285,0
0,0.09581150114536285,0
0,0.09581150114536285,0
0,0.09581150114536285,0
0,0.09581150114536285,0
0,0.09581150114536285,0
0,0.09581150114536285,0
0,0.09581150114536285,0
0,0.09581150114536285,0
0,0.09581150114536285,0
0,0.09581150114536285,0
0,0.09581150114536285,0
0,0.09581150114536285,0
0,0.09581150114536285,0
0,0.09581150114536285,0
0,0.09581150114536285,0
0,0.09581150114536285,0
0,0.09581150114536285,0
0,0.09581150114536285,0
0,0.09581150114536285,0
0,0.09581150114536285,0
0,0.09581150114536285,0
0,0.09581150114536285,0
0,0.09581150114536285,0
0,0.09581150114536285,0
0,0.09581150114536285,0
0,0.09581150114536285,0
0,0.09581150114536285,0
0,0.09581150114536285,0
0,0.09581150114536285,0
0,0.09581150114536285,0
0,0.09581150114536285,0
0,0.09581150114536285,0
0,0.09581150114536285,0
0,0.09581150114536285,0
0,0.09581150114536285,0
0,0.09581150114536285,0
0,0.09581150114536285,0
0,0.09581150114536285,0
0,0.09581150114536285,0
0,0.09581150114536285,0
0,0.09581150114536285,0
0,0.09581150114536285,0
0,0.09581150114536285,0
0,0.09581150114536285,0
0,0.09581150114536285,0
0,0.09581150114536285,0
0,0.09581150114536285,0
0,0.09581150114536285,0
0,0.09581150114536285,0
0,0.09581150114536285,0
0,0.09581150114536285,0
0,0.09581150114536285,0
0,0.09581150114536285,0
0,0.09581150114536285,0
0,0.09581150114536285,0
0,0.09581150114536285,0
0,0.09581150114536285,0
0,0.09581150114536285,0
0,0.09581150114536285,0
0,0.09581150114536285,0
0,0.09581150114536285,0
0,0.09581150114536285,0
0,0.09581150114536285,0
0,0.09581150114536285,0
0,0.09581150114536285,0
0,0.09581150114536285,0
0,0.09581150114536285,0
0,0.09581150114536285,0
0,0.09581150114536285,0
0,0.09581150114536285,0
0,0.09581150114536285,0
0,0.09581150114536285,0
0,0.09581150114536285,0
0,0.09581150114536285,0
0,0.09581150114536285,0
0,0.09581150114536285,0
0,0.09581150114536285,0
0,0.09581150114536285,0
0,0.09581150114536285,0
0,0.09581150114536285,0
0,0.09581150114536285,0
0,0.09581150114536285,0
0,0.09581150114536285,0
0,0.09581150114536285,0
0,0.09581150114536285,0
0,0.09581150114536285,0
0,0.09581150114536285,0
0,0.09581150114536285,0
0,0.09581150114536285,0
0,0.09581150114536285,0
0,0.09581150114536285,0
0,0.09581150114536285,0
0,0.09581150114536285,0
0,0.09581150114536285,0
0,0.09581150114536285,0
0,0.09581150114536285,0
0,0.09581150114536285,0
0,0.09581150114536285,0
0,0.09581150114536285,0
0,0.09581150114536285,0
0,0.09581150114536285,0
0,0.09581150114536285,0
0,0.09581150114536285,0
0,0.09581150114536285,0
0,0.09581150114536285,0
0,0.09581150114536285,0
0,0.09581150114536285,0
0,0.09581150114536285,0
0,0.09581150114536285,0
0,0.09581150114536285,0
0,0.09581150114536285,0
0,0.09581150114536285,0
0,0.09581150114536285,0
0,0.09581150114536285,0
0,0.09581150114536285,0
0,0.09581150114536285,0
0,0.09581150114536285,0
0,0.09581150114536285,0
0,0.09581150114536285,0
0,0.09581150114536285,0
0,0.09581150114536285,0
0,0.09581150114536285,0
0,0.09581150114536285,0
0,0.09581150114536285,0
0,0.09581150114536285,0
0,0.09581150114536285,0
0,0.09581150114536285,0
0,0.09581150114536285,0
0,0.09581150114536285,0
0,0.09581150114536285,0
0,0.09581150114536285,0
0,0.09581150114536285,0
0,0.09581150114536285,0
0,0.09581150114536285,0
0,0.09581150114536285,0
0,0.09581150114536285,0
0,0.09581150114536285,0
0,0.09581150114536285,0
0,0.09581150114536285,0
0,0.09581150114536285,0
0,0.09581150114536285,0
0,0.09581150114536285,0
0,0.09581150114536285,0
0,0.09581150114536285,0
0,0.09581150114536285,0
0,0.09581150114536285,0
0,0.09581150114536285,0
0,0.09581150114536285,0
0,0.09581150114536285,0
0,0.09581150114536285,0
0,0.09581150114536285,0
0,0.09581150114536285,0
0,0.09581150114536285,0
0,0.09581150114536285,0
0,0.09581150114536285,0
0,0.09581150114536285,0
0,0.09581150114536285,0
0,0.09581150114536285,0
0,0.09581150114536285,0
0,0.09581150114536285,0
0,0.09581150114536285,0
0,0.09581150114536285,0
0,0.09581150114536285,0
0,0.09581150114536285,0
0,0.09581150114536285,0
0,0.09581150114536285,0
0,0.09581150114536285,0
0,0.09581150114536285,0
0,0.09581150114536285,0
0,0.09581150114536285,0
0,0.09581150114536285,0
0,0.09581150114536285,0
0,0.09581150114536285,0
0,0.09581150114536285,0
0,0.09581150114536285,0
0,0.09581150114536285,0
0,0.09581150114536285,0
0,0.09581150114536285,0
0,0.09581150114536285,0
0,0.09581150114536285,0
0,0.09581150114536285,0
0,0.09581150114536285,0
0,0.09581150114536285,0
0,0.09581150114536285,0
0,0.09581150114536285,0
0,0.09581150114536285,0
0,0.09581150114536285,0
0,0.09581150114536285,0
0,0.09581150114536285,0
0,0.09581150114536285,0
0,0.09581150114536285,0
0,0.09581150114536285,0
0,0.09581150114536285,0
0,0.09581150114536285,0
0,0.09581150114536285,0
0,0.09581150114536285,0
0,0.09581150114536285,0
0,0.09581150114536285,0
0,0.09581150114536285,0
0,0.09581150114536285,0
0,0.09581150114536285,0
0,0.09581150114536285,0
0,0.09581150114536285,0
0,0.09581150114536285,0
0,0.09581150114536285,0
0,0.09581150114536285,0
0,0.09581150114536285,0
0,0.09581150114536285,0
0,0.09581150114536285,0
0,0.09581150114536285,0
0,0.09581150114536285,0
0,0.09581150114536285,0
0,0.09581150114536285,0
0,0.09581150114536285,0
0,0.09581150114536285,0
0,0.09581150114536285,0
0,0.09581150114536285,0
0,0.09581150114536285,0
0,0.09581150114536285,0
0,0.09581150114536285,0
0,0.09581150114536285,0
0,0.09581150114536285,0
0,0.09581150114536285,0
0,0.09581150114536285,0
0,0.09581150114536285,0
0,0.09581150114536285,0
0,0.09581150114536285,0
0,0.09581150114536285,0
0,0.09581150114536285,0
0,0.09581150114536285,0
0,0.09581150114536285,0
0,0.09581150114536285,0
0,0.09581150114536285,0
0,0.09581150114536285,0
0,0.09581150114536285,0
0,0.09581150114536285,0
0,0.09581150114536285,0
0,0.09581150114536285,0
0,0.09581150114536285,0
0,0.09581150114536285,0
0,0.09581150114536285,0
0,0.09581150114536285,0
0,0.09581150114536285,0
0,0.09581150114536285,0
0,0.09581150114536285,0
0,0.09581150114536285,0
0,0.09581150114536285,0
0,0.09581150114536285,0
0,0.09581150114536285,0
0,0.09581150114536285,0
0,0.09581150114536285,0
0,0.09581150114536285,0
0,0.09581150114536285,0
0,0.09581150114536285,0
0,0.09581150114536285,0
0,0.09581150114536285,0
0,0.09581150114536285,0
0,0.09581150114536285,0
0,0.09581150114536285,0
0,0.09581150114536285,0
0,0.09581150114536285,0
0,0.09581150114536285,0
0,0.09581150114536285,0
0,0.09581150114536285,0
0,0.09581150114536285,0
0,0.09581150114536285,0
0,0.09581150114536285,0
0,0.09581150114536285,0
0,0.09581150114536285,0
0,0.09581150114536285,0
0,0.09581150114536285,0
0,0.09581150114536285,0
0,0.09581150114536285,0
0,0.09581150114536285,0
0,0.09581150114536285,0
0,0.09581150114536285,0
0,0.09581150114536285,0
0,0.09581150114536285,0
0,0.09581150114536285,0
0,0.09581150114536285,0
0,0.09581150114536285,0
0,0.09581150114536285,0
0,0.09581150114536285,0
0,0.09581150114536285,0
0,0.09581150114536285,0
0,0.09581150114536285,0
0,0.09581150114536285,0
0,0.09581150114536285,0
0,0.09581150114536285,0
0,0.09581150114536285,0
0,0.09581150114536285,0
0,0.09581150114536285,0
0,0.09581150114536285,0
0,0.09581150114536285,0
0,0.09581150114536285,0
0,0.09581150114536285,0
0,0.09581150114536285,0
0,0.09581150114536285,0
0,0.09581150114536285,0
0,0.09581150114536285,0
0,0.09581150114536285,0
0,0.09581150114536285,0
0,0.09581150114536285,0
0,0.09581150114536285,0
0,0.09581150114536285,0
0,0.09581150114536285,0
0,0.09581150114536285,0
0,0.09581150114536285,0
0,0.09581150114536285,0
0,0.09581150114536285,0
0,0.09581150114536285,0
0,0.09581150114536285,0
0,0.09581150114536285,0
0,0.09581150114536285,0
0,0.09581150114536285,0
0,0.09581150114536285,0
0,0.09581150114536285,0
0,0.09581150114536285,0
0,0.09581150114536285,0
0,0.09581150114536285,0
0,0.09581150114536285,0
0,0.09581150114536285,0
0,0.09581150114536285,0
0,0.09581150114536285,0
0,0.09581150114536285,0
0,0.09581150114536285,0
0,0.09581150114536285,0
0,0.09581150114536285,0
0,0.09581150114536285,0
0,0.09581150114536285,0
0,0.09581150114536285,0
0,0.09581150114536285,0
0,0.09581150114536285,0
0,0.09581150114536285,0
0,0.09581150114536285,0
0,0.09581150114536285,0
0,0.09581150114536285,0
0,0.09581150114536285,0
0,0.09581150114536285,0
0,0.09581150114536285,0
0,0.09581150114536285,0
0,0.09581150114536285,0
0,0.09581150114536285,0
0,0.09581150114536285,0
0,0.09581150114536285,0
0,0.09581150114536285,0
0,0.09581150114536285,0
0,0.09581150114536285,0
0,0.09581150114536285,0
0,0.09581150114536285,0
0,0.09581150114536285,0
0,0.09581150114536285,0
0,0.09581150114536285,0
0,0.09581150114536285,0
0,0.09581150114536285,0
0,0.09581150114536285,0
0,0.09581150114536285,0
0,0.09581150114536285,0
0,0.09581150114536285,0
0,0.09581150114536285,0
0,0.09581150114536285,0
0,0.09581150114536285,0
0,0.09581150114536285,0
0,0.09581150114536285,0
0,0.09581150114536285,0
0,0.09581150114536285,0
0,0.09581150114536285,0
0,0.09581150114536285,0
0,0.09581150114536285,0
0,0.09581150114536285,0
0,0.09581150114536285,0
0,0.09581150114536285,0
0,0.09581150114536285,0
0,0.09581150114536285,0
0,0.09581150114536285,0
0,0.09581150114536285,0
0,0.09581150114536285,0
0,0.09581150114536285,0
0,0.09581150114536285,0
0,0.09581150114536285,0
0,0.09581150114536285,0
0,0.09581150114536285,0
0,0.09581150114536285,0
0,0.09581150114536285,0
0,0.09581150114536285,0
0,0.09581150114536285,0
0,0.09581150114536285,0
0,0.09581150114536285,0
0,0.09581150114536285,0
0,0.09581150114536285,0
0,0.09581150114536285,0
0,0.09581150114536285,0
0,0.09581150114536285,0
0,0.09581150114536285,0
0,0.09581150114536285,0
0,0.09581150114536285,0
0,0.09581150114536285,0
0,0.09581150114536285,0
0,0.09581150114536285,0
0,0.09581150114536285,0
0,0.09581150114536285,0
0,0.09581150114536285,0
0,0.09581150114536285,0
0,0.09581150114536285,0
0,0.09581150114536285,0
0,0.09581150114536285,0
0,0.09581150114536285,0
0,0.09581150114536285,0
0,0.09581150114536285,0
0,0.09581150114536285,0
0,0.09581150114536285,0
0,0.09581150114536285,0
0,0.09581150114536285,0
0,0.09581150114536285,0
0,0.09581150114536285,0
0,0.09581150114536285,0
0,0.09581150114536285,0
0,0.09581150114536285,0
0,0.09581150114536285,0
0,0.09581150114536285,0
0,0.09581150114536285,0
0,0.09581150114536285,0
0,0.09581150114536285,0
0,0.09581150114536285,0
0,0.09581150114536285,0
0,0.09581150114536285,0
0,0.09581150114536285,0
0,0.09581150114536285,0
0,0.09581150114536285,0
0,0.09581150114536285,0
0,0.09581150114536285,0
0,0.09581150114536285,0
0,0.09581150114536285,0
0,0.09581150114536285,0
0,0.09581150114536285,0
0,0.09581150114536285,0
0,0.09581150114536285,0
0,0.09581150114536285,0
0,0.09581150114536285,0
0,0.09581150114536285,0
0,0.09581150114536285,0
0,0.09581150114536285,0
0,0.09581150114536285,0
0,0.09581150114536285,0
0,0.09581150114536285,0
0,0.09581150114536285,0
0,0.09581150114536285,0
0,0.09581150114536285,0
0,0.09581150114536285,0
0,0.09581150114536285,0
0,0.09581150114536285,0
0,0.09581150114536285,0
0,0.09581150114536285,0
0,0.09581150114536285,0
0,0.09581150114536285,0
0,0.09581150114536285,0
0,0.09581150114536285,0
0,0.09581150114536285,0
0,0.09581150114536285,0
0,0.09581150114536285,0
0,0.09581150114536285,0
0,0.09581150114536285,0
0,0.09581150114536285,0
0,0.09581150114536285,0
0,0.09581150114536285,0
0,0.09581150114536285,0
0,0.09581150114536285,0
0,0.09581150114536285,0
0,0.09581150114536285,0
0,0.09581150114536285,0
0,0.09581150114536285,0
0,0.09581150114536285,0
0,0.09581150114536285,0
0,0.09581150114536285,0
0,0.09581150114536285,0
0,0.09581150114536285,0
0,0.09581150114536285,0
0,0.09581150114536285,0
0,0.09581150114536285,0
0,0.09581150114536285,0
0,0.09581150114536285,0
0,0.09581150114536285,0
0,0.09581150114536285,0
0,0.09581150114536285,0
0,0.09581150114536285,0
0,0.09581150114536285,0
0,0.09581150114536285,0
0,0.09581150114536285,0
0,0.09581150114536285,0
0,0.09581150114536285,0
0,0.09581150114536285,0
0,0.09581150114536285,0
0,0.09581150114536285,0
0,0.09581150114536285,0
0,0.09581150114536285,0
0,0.09581150114536285,0
0,0.09581150114536285,0
0,0.09581150114536285,0
0,0.09581150114536285,0
0,0.09581150114536285,0
0,0.09581150114536285,0
0,0.09581150114536285,0
0,0.09581150114536285,0
0,0.09581150114536285,0
0,0.09581150114536285,0
0,0.09581150114536285,0
0,0.09581150114536285,0
0,0.09581150114536285,0
0,0.09581150114536285,0
0,0.09581150114536285,0
0,0.09581150114536285,0
0,0.09581150114536285,0
0,0.09581150114536285,0
0,0.09581150114536285,0
0,0.09581150114536285,0
0,0.09581150114536285,0
0,0.09581150114536285,0
0,0.09581150114536285,0
0,0.09581150114536285,0
0,0.09581150114536285,0
0,0.09581150114536285,0
0,0.09581150114536285,0
0,0.09581150114536285,0
0,0.09581150114536285,0
0,0.09581150114536285,0
0,0.09581150114536285,0
0,0.09581150114536285,0
0,0.09581150114536285,0
0,0.09581150114536285,0
0,0.09581150114536285,0
0,0.09581150114536285,0
0,0.09581150114536285,0
0,0.09581150114536285,0
0,0.09581150114536285,0
0,0.09581150114536285,0
0,0.09581150114536285,0
0,0.09581150114536285,0
0,0.09581150114536285,0
0,0.09581150114536285,0
0,0.09581150114536285,0
0,0.09581150114536285,0
0,0.09581150114536285,0
0,0.09581150114536285,0
0,0.09581150114536285,0
0,0.09581150114536285,0
0,0.09581150114536285,0
0,0.09581150114536285,0
0,0.09581150114536285,0
0,0.09581150114536285,0
0,0.09581150114536285,0
0,0.09581150114536285,0
0,0.09581150114536285,0
0,0.09581150114536285,0
0,0.09581150114536285,0
0,0.09581150114536285,0
0,0.09581150114536285,0
0,0.09581150114536285,0
0,0.09581150114536285,0
0,0.09581150114536285,0
0,0.09581150114536285,0
0,0.09581150114536285,0
0,0.09581150114536285,0
0,0.09581150114536285,0
0,0.09581150114536285,0
0,0.09581150114536285,0
0,0.09581150114536285,0
0,0.09581150114536285,0
0,0.09581150114536285,0
0,0.09581150114536285,0
0,0.09581150114536285,0
0,0.09581150114536285,0
0,0.09581150114536285,0
0,0.09581150114536285,0
0,0.09581150114536285,0
0,0.09581150114536285,0
0,0.09581150114536285,0
0,0.09581150114536285,0
0,0.09581150114536285,0
0,0.09581150114536285,0
0,0.09581150114536285,0
0,0.09581150114536285,0
0,0.09581150114536285,0
0,0.09581150114536285,0
0,0.09581150114536285,0
0,0.09581150114536285,0
0,0.09581150114536285,0
0,0.09581150114536285,0
0,0.09581150114536285,0
0,0.09581150114536285,0
0,0.09581150114536285,0
0,0.09581150114536285,0
0,0.09581150114536285,0
1,0.09581150114536285,0
0,0.8923224210739136,0
0,0.8895574808120728,0
0,0.883767306804657,0
0,0.8632813096046448,0
0,0.8468464016914368,0
0,0.8307079672813416,0
0,0.8125883340835571,0
0,0.7851958274841309,0
0,0.7540867328643799,0
0,0.7434166669845581,0
0,0.7469439506530762,0
0,0.7541808485984802,0
0,0.7545438408851624,0
0,0.7282616496086121,0
0,0.6804725527763367,0
0,0.6562877893447876,0
0,0.6852715611457825,0
0,0.7351422905921936,0
0,0.7442667484283447,0
0,0.7101284265518188,0
0,0.6404545903205872,0
0,0.5794359445571899,0
0,0.5981054902076721,0
0,0.6770144104957581,0
0,0.7196396589279175,0
0,0.7175034880638123,0
0,0.6955389380455017,0
0,0.670813798904419,0
0,0.6545332670211792,0
0,0.6471360921859741,0
0,0.5066333413124084,0
0,0.09581150114536285,0
0,0.09581150114536285,0
0,0.09581150114536285,0
0,0.09581150114536285,0
0,0.09581150114536285,0
0,0.09581150114536285,0
0,0.09581150114536285,0
0,0.09581150114536285,0
0,0.09581150114536285,0
0,0.09581150114536285,0
0,0.09581150114536285,0
0,0.09581150114536285,0
0,0.09581150114536285,0
0,0.09581150114536285,0
0,0.09581150114536285,0
0,0.09581150114536285,0
0,0.09581150114536285,0
0,0.09581150114536285,0
0,0.09581150114536285,0
0,0.09581150114536285,0
0,0.09581150114536285,0
0,0.09581150114536285,0
0,0.09581150114536285,0
0,0.09581150114536285,0
0,0.09581150114536285,0
0,0.09581150114536285,0
0,0.09581150114536285,0
0,0.09581150114536285,0
0,0.09581150114536285,0
0,0.09581150114536285,0
0,0.09581150114536285,0
0,0.09581150114536285,0
0,0.09581150114536285,0
0,0.09581150114536285,0
0,0.09581150114536285,0
0,0.09581150114536285,0
0,0.09581150114536285,0
0,0.09581150114536285,0
0,0.09581150114536285,0
0,0.09581150114536285,0
0,0.09581150114536285,0
0,0.09581150114536285,0
0,0.09581150114536285,0
0,0.09581150114536285,0
0,0.09581150114536285,0
0,0.09581150114536285,0
0,0.09581150114536285,0
0,0.09581150114536285,0
0,0.09581150114536285,0
0,0.09581150114536285,0
0,0.09581150114536285,0
0,0.09581150114536285,0
0,0.09581150114536285,0
0,0.09581150114536285,0
0,0.09581150114536285,0
0,0.09581150114536285,0
0,0.09581150114536285,0
0,0.09581150114536285,0
0,0.09581150114536285,0
0,0.09581150114536285,0
0,0.09581150114536285,0
0,0.09581150114536285,0
0,0.09581150114536285,0
0,0.09581150114536285,0
0,0.09581150114536285,0
0,0.09581150114536285,0
0,0.09581150114536285,0
0,0.09581150114536285,0
0,0.09581150114536285,0
0,0.09581150114536285,0
0,0.09581150114536285,0
0,0.09581150114536285,0
0,0.09581150114536285,0
0,0.09581150114536285,0
0,0.09581150114536285,0
0,0.09581150114536285,0
0,0.09581150114536285,0
0,0.09581150114536285,0
0,0.09581150114536285,0
0,0.09581150114536285,0
0,0.09581150114536285,0
0,0.09581150114536285,0
0,0.09581150114536285,0
0,0.09581150114536285,0
0,0.09581150114536285,0
0,0.09581150114536285,0
0,0.09581150114536285,0
0,0.09581150114536285,0
0,0.09581150114536285,0
0,0.09581150114536285,0
0,0.09581150114536285,0
0,0.09581150114536285,0
0,0.09581150114536285,0
0,0.09581150114536285,0
0,0.09581150114536285,0
0,0.09581150114536285,0
0,0.09581150114536285,0
0,0.09581150114536285,0
0,0.09581150114536285,0
0,0.09581150114536285,0
0,0.09581150114536285,0
0,0.09581150114536285,0
0,0.09581150114536285,0
0,0.09581150114536285,0
0,0.09581150114536285,0
0,0.09581150114536285,0
0,0.09581150114536285,0
0,0.09581150114536285,0
0,0.09581150114536285,0
0,0.09581150114536285,0
0,0.09581150114536285,0
0,0.09581150114536285,0
0,0.09581150114536285,0
0,0.09581150114536285,0
0,0.09581150114536285,0
0,0.09581150114536285,0
0,0.09581150114536285,0
0,0.09581150114536285,0
0,0.09581150114536285,0
0,0.09581150114536285,0
0,0.09581150114536285,0
0,0.09581150114536285,0
0,0.09581150114536285,0
0,0.09581150114536285,0
0,0.09581150114536285,0
0,0.09581150114536285,0
0,0.09581150114536285,0
0,0.09581150114536285,0
0,0.09581150114536285,0
0,0.09581150114536285,0
0,0.09581150114536285,0
0,0.09581150114536285,0
0,0.09581150114536285,0
0,0.09581150114536285,0
0,0.09581150114536285,0
0,0.09581150114536285,0
0,0.09581150114536285,0
0,0.09581150114536285,0
0,0.09581150114536285,0
0,0.09581150114536285,0
0,0.09581150114536285,0
0,0.09581150114536285,0
0,0.09581150114536285,0
0,0.09581150114536285,0
0,0.09581150114536285,0
0,0.09581150114536285,0
0,0.09581150114536285,0
0,0.09581150114536285,0
0,0.09581150114536285,0
0,0.09581150114536285,0
0,0.09581150114536285,0
0,0.09581150114536285,0
0,0.09581150114536285,0
0,0.09581150114536285,0
0,0.09581150114536285,0
0,0.09581150114536285,0
0,0.09581150114536285,0
0,0.09581150114536285,0
0,0.09581150114536285,0
0,0.09581150114536285,0
0,0.09581150114536285,0
0,0.09581150114536285,0
0,0.09581150114536285,0
0,0.09581150114536285,0
0,0.09581150114536285,0
0,0.09581150114536285,0
0,0.09581150114536285,0
0,0.09581150114536285,0
0,0.09581150114536285,0
0,0.09581150114536285,0
0,0.09581150114536285,0
0,0.09581150114536285,0
0,0.09581150114536285,0
0,0.09581150114536285,0
0,0.09581150114536285,0
0,0.09581150114536285,0
0,0.09581150114536285,0
0,0.09581150114536285,0
0,0.09581150114536285,0
0,0.09581150114536285,0
0,0.09581150114536285,0
0,0.09581150114536285,0
0,0.09581150114536285,0
0,0.09581150114536285,0
0,0.09581150114536285,0
0,0.09581150114536285,0
0,0.09581150114536285,0
0,0.09581150114536285,0
0,0.09581150114536285,0
0,0.09581150114536285,0
0,0.09581150114536285,0
0,0.09581150114536285,0
0,0.09581150114536285,0
0,0.09581150114536285,0
0,0.09581150114536285,0
0,0.09581150114536285,0
0,0.09581150114536285,0
0,0.09581150114536285,0
0,0.09581150114536285,0
0,0.09581150114536285,0
0,0.09581150114536285,0
0,0.09581150114536285,0
0,0.09581150114536285,0
0,0.09581150114536285,0
0,0.09581150114536285,0
0,0.09581150114536285,0
0,0.09581150114536285,0
0,0.09581150114536285,0
0,0.09581150114536285,0
0,0.09581150114536285,0
0,0.09581150114536285,0
0,0.09581150114536285,0
0,0.09581150114536285,0
0,0.09581150114536285,0
0,0.09581150114536285,0
0,0.09581150114536285,0
0,0.09581150114536285,0
0,0.09581150114536285,0
0,0.09581150114536285,0
0,0.09581150114536285,0
0,0.09581150114536285,0
0,0.09581150114536285,0
0,0.09581150114536285,0
0,0.09581150114536285,0
0,0.09581150114536285,0
0,0.09581150114536285,0
0,0.09581150114536285,0
0,0.09581150114536285,0
0,0.09581150114536285,0
0,0.09581150114536285,0
0,0.09581150114536285,0
0,0.09581150114536285,0
0,0.09581150114536285,0
0,0.09581150114536285,0
0,0.09581150114536285,0
0,0.09581150114536285,0
0,0.09581150114536285,0
0,0.09581150114536285,0
0,0.09581150114536285,0
0,0.09581150114536285,0
0,0.09581150114536285,0
0,0.09581150114536285,0
0,0.09581150114536285,0
0,0.09581150114536285,0
0,0.09581150114536285,0
0,0.09581150114536285,0
0,0.09581150114536285,0
0,0.09581150114536285,0
0,0.09581150114536285,0
0,0.09581150114536285,0
0,0.09581150114536285,0
0,0.09581150114536285,0
0,0.09581150114536285,0
0,0.09581150114536285,0
0,0.09581150114536285,0
0,0.09581150114536285,0
0,0.09581150114536285,0
0,0.09581150114536285,0
0,0.09581150114536285,0
0,0.09581150114536285,0
0,0.09581150114536285,0
0,0.09581150114536285,0
0,0.09581150114536285,0
0,0.09581150114536285,0
0,0.09581150114536285,0
0,0.09581150114536285,0
0,0.09581150114536285,0
0,0.09581150114536285,0
0,0.09581150114536285,0
0,0.09581150114536285,0
0,0.09581150114536285,0
0,0.09581150114536285,0
0,0.09581150114536285,0
0,0.09581150114536285,0
0,0.09581150114536285,0
0,0.09581150114536285,0
0,0.09581150114536285,0
0,0.09581150114536285,0
0,0.09581150114536285,0
0,0.09581150114536285,0
0,0.09581150114536285,0
0,0.09581150114536285,0
0,0.09581150114536285,0
0,0.09581150114536285,0
0,0.09581150114536285,0
0,0.09581150114536285,0
0,0.09581150114536285,0
0,0.09581150114536285,0
0,0.09581150114536285,0
0,0.09581150114536285,0
0,0.09581150114536285,0
0,0.09581150114536285,0
0,0.09581150114536285,0
0,0.09581150114536285,0
0,0.09581150114536285,0
0,0.09581150114536285,0
0,0.09581150114536285,0
0,0.09581150114536285,0
0,0.09581150114536285,0
0,0.09581150114536285,0
0,0.09581150114536285,0
0,0.09581150114536285,0
0,0.09581150114536285,0
0,0.09581150114536285,0
0,0.09581150114536285,0
0,0.09581150114536285,0
0,0.09581150114536285,0
0,0.09581150114536285,0
0,0.09581150114536285,0
0,0.09581150114536285,0
0,0.09581150114536285,0
0,0.09581150114536285,0
0,0.09581150114536285,0
0,0.09581150114536285,0
0,0.09581150114536285,0
0,0.09581150114536285,0
0,0.09581150114536285,0
0,0.09581150114536285,0
0,0.09581150114536285,0
0,0.09581150114536285,0
0,0.09581150114536285,0
0,0.09581150114536285,0
0,0.09581150114536285,0
0,0.09581150114536285,0
0,0.09581150114536285,0
0,0.09581150114536285,0
0,0.09581150114536285,0
0,0.09581150114536285,0
0,0.09581150114536285,0
0,0.09581150114536285,0
0,0.09581150114536285,0
0,0.09581150114536285,0
0,0.09581150114536285,0
0,0.09581150114536285,0
0,0.09581150114536285,0
0,0.09581150114536285,0
0,0.09581150114536285,0
0,0.09581150114536285,0
0,0.09581150114536285,0
0,0.09581150114536285,0
0,0.09581150114536285,0
0,0.09581150114536285,0
0,0.09581150114536285,0
0,0.09581150114536285,0
0,0.09581150114536285,0
0,0.09581150114536285,0
0,0.09581150114536285,0
0,0.09581150114536285,0
0,0.09581150114536285,0
0,0.09581150114536285,0
0,0.09581150114536285,0
0,0.09581150114536285,0
0,0.09581150114536285,0
0,0.09581150114536285,0
0,0.09581150114536285,0
0,0.09581150114536285,0
0,0.09581150114536285,0
0,0.09581150114536285,0
0,0.09581150114536285,0
0,0.09581150114536285,0
0,0.09581150114536285,0
0,0.09581150114536285,0
0,0.09581150114536285,0
0,0.09581150114536285,0
0,0.09581150114536285,0
0,0.09581150114536285,0
0,0.09581150114536285,0
0,0.09581150114536285,0
0,0.09581150114536285,0
0,0.09581150114536285,0
0,0.09581150114536285,0
0,0.09581150114536285,0
0,0.09581150114536285,0
0,0.09581150114536285,0
0,0.09581150114536285,0
0,0.09581150114536285,0
0,0.09581150114536285,0
0,0.09581150114536285,0
0,0.09581150114536285,0
0,0.09581150114536285,0
0,0.09581150114536285,0
0,0.09581150114536285,0
0,0.09581150114536285,0
0,0.09581150114536285,0
0,0.09581150114536285,0
0,0.09581150114536285,0
0,0.09581150114536285,0
0,0.09581150114536285,0
0,0.09581150114536285,0
0,0.09581150114536285,0
0,0.09581150114536285,0
0,0.09581150114536285,0
0,0.09581150114536285,0
0,0.09581150114536285,0
0,0.09581150114536285,0
0,0.09581150114536285,0
0,0.09581150114536285,0
0,0.09581150114536285,0
0,0.09581150114536285,0
0,0.09581150114536285,0
0,0.09581150114536285,0
0,0.09581150114536285,0
0,0.09581150114536285,0
0,0.09581150114536285,0
0,0.09581150114536285,0
0,0.09581150114536285,0
0,0.09581150114536285,0
0,0.09581150114536285,0
0,0.09581150114536285,0
0,0.09581150114536285,0
0,0.09581150114536285,0
0,0.09581150114536285,0
0,0.09581150114536285,0
0,0.09581150114536285,0
0,0.09581150114536285,0
0,0.09581150114536285,0
0,0.09581150114536285,0
0,0.09581150114536285,0
0,0.09581150114536285,0
0,0.09581150114536285,0
0,0.09581150114536285,0
0,0.09581150114536285,0
0,0.09581150114536285,0
0,0.09581150114536285,0
0,0.09581150114536285,0
0,0.09581150114536285,0
0,0.09581150114536285,0
0,0.09581150114536285,0
0,0.09581150114536285,0
0,0.09581150114536285,0
0,0.09581150114536285,0
0,0.09581150114536285,0
0,0.09581150114536285,0
0,0.09581150114536285,0
0,0.09581150114536285,0
0,0.09581150114536285,0
0,0.09581150114536285,0
0,0.09581150114536285,0
0,0.09581150114536285,0
0,0.09581150114536285,0
0,0.09581150114536285,0
0,0.09581150114536285,0
0,0.09581150114536285,0
0,0.09581150114536285,0
0,0.09581150114536285,0
0,0.09581150114536285,0
0,0.09581150114536285,0
0,0.09581150114536285,0
0,0.09581150114536285,0
0,0.09581150114536285,0
0,0.09581150114536285,0
0,0.09581150114536285,0
0,0.09581150114536285,0
0,0.09581150114536285,0
0,0.09581150114536285,0
0,0.09581150114536285,0
0,0.09581150114536285,0
0,0.09581150114536285,0
0,0.09581150114536285,0
0,0.09581150114536285,0
0,0.09581150114536285,0
0,0.09581150114536285,0
0,0.09581150114536285,0
0,0.09581150114536285,0
0,0.09581150114536285,0
0,0.09581150114536285,0
0,0.09581150114536285,0
0,0.09581150114536285,0
0,0.09581150114536285,0
0,0.09581150114536285,0
0,0.09581150114536285,0
0,0.09581150114536285,0
0,0.09581150114536285,0
0,0.09581150114536285,0
0,0.09581150114536285,0
0,0.09581150114536285,0
0,0.09581150114536285,0
0,0.09581150114536285,0
0,0.09581150114536285,0
0,0.09581150114536285,0
0,0.09581150114536285,0
0,0.09581150114536285,0
0,0.09581150114536285,0
0,0.09581150114536285,0
0,0.09581150114536285,0
0,0.09581150114536285,0
0,0.09581150114536285,0
0,0.09581150114536285,0
0,0.09581150114536285,0
0,0.09581150114536285,0
0,0.09581150114536285,0
0,0.09581150114536285,0
0,0.09581150114536285,0
0,0.09581150114536285,0
0,0.09581150114536285,0
0,0.09581150114536285,0
0,0.09581150114536285,0
0,0.09581150114536285,0
0,0.09581150114536285,0
0,0.09581150114536285,0
0,0.09581150114536285,0
0,0.09581150114536285,0
0,0.09581150114536285,0
0,0.09581150114536285,0
0,0.09581150114536285,0
0,0.09581150114536285,0
0,0.09581150114536285,0
0,0.09581150114536285,0
0,0.09581150114536285,0
0,0.09581150114536285,0
0,0.09581150114536285,0
0,0.09581150114536285,0
0,0.09581150114536285,0
0,0.09581150114536285,0
0,0.09581150114536285,0
0,0.09581150114536285,0
0,0.09581150114536285,0
0,0.09581150114536285,0
0,0.09581150114536285,0
0,0.09581150114536285,0
0,0.09581150114536285,0
0,0.09581150114536285,0
0,0.09581150114536285,0
0,0.09581150114536285,0
0,0.09581150114536285,0
0,0.09581150114536285,0
0,0.09581150114536285,0
0,0.09581150114536285,0
0,0.09581150114536285,0
0,0.09581150114536285,0
0,0.09581150114536285,0
0,0.09581150114536285,0
0,0.09581150114536285,0
0,0.09581150114536285,0
0,0.09581150114536285,0
0,0.09581150114536285,0
0,0.09581150114536285,0
0,0.09581150114536285,0
0,0.09581150114536285,0
0,0.09581150114536285,0
0,0.09581150114536285,0
0,0.09581150114536285,0
0,0.09581150114536285,0
0,0.09581150114536285,0
0,0.09581150114536285,0
0,0.09581150114536285,0
0,0.09581150114536285,0
0,0.09581150114536285,0
0,0.09581150114536285,0
0,0.09581150114536285,0
0,0.09581150114536285,0
0,0.09581150114536285,0
0,0.09581150114536285,0
0,0.09581150114536285,0
0,0.09581150114536285,0
0,0.09581150114536285,0
0,0.09581150114536285,0
0,0.09581150114536285,0
0,0.09581150114536285,0
0,0.09581150114536285,0
0,0.09581150114536285,0
0,0.09581150114536285,0
0,0.09581150114536285,0
0,0.09581150114536285,0
0,0.09581150114536285,0
0,0.09581150114536285,0
0,0.09581150114536285,0
0,0.09581150114536285,0
0,0.09581150114536285,0
0,0.09581150114536285,0
0,0.09581150114536285,0
0,0.09581150114536285,0
0,0.09581150114536285,0
0,0.09581150114536285,0
0,0.09581150114536285,0
0,0.09581150114536285,0
0,0.09581150114536285,0
0,0.09581150114536285,0
0,0.09581150114536285,0
0,0.09581150114536285,0
0,0.09581150114536285,0
0,0.09581150114536285,0
0,0.09581150114536285,0
0,0.09581150114536285,0
0,0.09581150114536285,0
0,0.09581150114536285,0
0,0.09581150114536285,0
0,0.09581150114536285,0
0,0.09581150114536285,0
0,0.09581150114536285,0
0,0.09581150114536285,0
0,0.09581150114536285,0
0,0.09581150114536285,0
0,0.09581150114536285,0
0,0.09581150114536285,0
0,0.09581150114536285,0
0,0.09581150114536285,0
0,0.09581150114536285,0
0,0.09581150114536285,0
0,0.09581150114536285,0
0,0.09581150114536285,0
0,0.09581150114536285,0
0,0.09581150114536285,0
0,0.09581150114536285,0
0,0.09581150114536285,0
0,0.09581150114536285,0
0,0.09581150114536285,0
0,0.09581150114536285,0
0,0.09581150114536285,0
0,0.09581150114536285,0
0,0.09581150114536285,0
0,0.09581150114536285,0
0,0.09581150114536285,0
0,0.09581150114536285,0
0,0.09581150114536285,0
0,0.09581150114536285,0
0,0.09581150114536285,0
0,0.09581150114536285,0
0,0.09581150114536285,0
0,0.09581150114536285,0
0,0.09581150114536285,0
0,0.09581150114536285,0
0,0.09581150114536285,0
0,0.09581150114536285,0
0,0.09581150114536285,0
0,0.09581150114536285,0
0,0.09581150114536285,0
0,0.09581150114536285,0
0,0.09581150114536285,0
0,0.09581150114536285,0
0,0.09581150114536285,0
0,0.09581150114536285,0
0,0.09581150114536285,0
0,0.09581150114536285,0
0,0.09581150114536285,0
0,0.09581150114536285,0
0,0.09581150114536285,0
0,0.09581150114536285,0
0,0.09581150114536285,0
0,0.09581150114536285,0
0,0.09581150114536285,0
0,0.09581150114536285,0
0,0.09581150114536285,0
0,0.09581150114536285,0
0,0.09581150114536285,0
0,0.09581150114536285,0
0,0.09581150114536285,0
0,0.09581150114536285,0
0,0.09581150114536285,0
0,0.09581150114536285,0
0,0.09581150114536285,0
0,0.09581150114536285,0
0,0.09581150114536285,0
0,0.09581150114536285,0
0,0.09581150114536285,0
0,0.09581150114536285,0
0,0.09581150114536285,0
0,0.09581150114536285,0
0,0.09581150114536285,0
0,0.09581150114536285,0
0,0.09581150114536285,0
0,0.09581150114536285,0
0,0.09581150114536285,0
0,0.09581150114536285,0
0,0.09581150114536285,0
0,0.09581150114536285,0
0,0.09581150114536285,0
0,0.09581150114536285,0
0,0.09581150114536285,0
0,0.09581150114536285,0
0,0.09581150114536285,0
0,0.09581150114536285,0
0,0.09581150114536285,0
0,0.09581150114536285,0
0,0.09581150114536285,0
0,0.09581150114536285,0
0,0.09581150114536285,0
0,0.09581150114536285,0
0,0.09581150114536285,0
0,0.09581150114536285,0
0,0.09581150114536285,0
0,0.09581150114536285,0
0,0.09581150114536285,0
0,0.09581150114536285,0
0,0.09581150114536285,0
0,0.09581150114536285,0
0,0.09581150114536285,0
0,0.09581150114536285,0
0,0.09581150114536285,0
0,0.09581150114536285,0
0,0.09581150114536285,0
0,0.09581150114536285,0
0,0.09581150114536285,0
0,0.09581150114536285,0
0,0.09581150114536285,0
0,0.09581150114536285,0
0,0.09581150114536285,0
0,0.09581150114536285,0
0,0.09581150114536285,0
0,0.09581150114536285,0
0,0.09581150114536285,0
0,0.09581150114536285,0
0,0.09581150114536285,0
0,0.09581150114536285,0
0,0.09581150114536285,0
0,0.09581150114536285,0
0,0.09581150114536285,0
0,0.09581150114536285,0
0,0.09581150114536285,0
0,0.09581150114536285,0
0,0.09581150114536285,0
0,0.09581150114536285,0
0,0.09581150114536285,0
0,0.09581150114536285,0
0,0.09581150114536285,0
0,0.09581150114536285,0
0,0.09581150114536285,0
0,0.09581150114536285,0
0,0.09581150114536285,0
0,0.09581150114536285,0
0,0.09581150114536285,0
0,0.09581150114536285,0
0,0.09581150114536285,0
0,0.09581150114536285,0
0,0.09581150114536285,0
0,0.09581150114536285,0
0,0.09581150114536285,0
0,0.09581150114536285,0
0,0.09581150114536285,0
0,0.09581150114536285,0
0,0.09581150114536285,0
0,0.09581150114536285,0
0,0.09581150114536285,0
0,0.09581150114536285,0
0,0.09581150114536285,0
0,0.09581150114536285,0
0,0.09581150114536285,0
0,0.09581150114536285,0
0,0.09581150114536285,0
0,0.09581150114536285,0
0,0.09581150114536285,0
0,0.09581150114536285,0
0,0.09581150114536285,0
0,0.09581150114536285,0
0,0.09581150114536285,0
0,0.09581150114536285,0
0,0.09581150114536285,0
0,0.09581150114536285,0
0,0.09581150114536285,0
0,0.09581150114536285,0
0,0.09581150114536285,0
0,0.09581150114536285,0
0,0.09581150114536285,0
0,0.09581150114536285,0
0,0.09581150114536285,0
0,0.09581150114536285,0
0,0.09581150114536285,0
0,0.09581150114536285,0
0,0.09581150114536285,0
0,0.09581150114536285,0
0,0.09581150114536285,0
0,0.09581150114536285,0
0,0.09581150114536285,0
0,0.09581150114536285,0
0,0.09581150114536285,0
0,0.09581150114536285,0
0,0.09581150114536285,0
0,0.09581150114536285,0
0,0.09581150114536285,0
0,0.09581150114536285,0
0,0.09581150114536285,0
0,0.09581150114536285,0
0,0.09581150114536285,0
0,0.09581150114536285,0
0,0.09581150114536285,0
0,0.09581150114536285,0
0,0.09581150114536285,0
0,0.09581150114536285,0
0,0.09581150114536285,0
0,0.09581150114536285,0
0,0.09581150114536285,0
0,0.09581150114536285,0
0,0.09581150114536285,0
0,0.09581150114536285,0
0,0.09581150114536285,0
0,0.09581150114536285,0
0,0.09581150114536285,0
0,0.09581150114536285,0
0,0.09581150114536285,0
0,0.09581150114536285,0
0,0.09581150114536285,0
0,0.09581150114536285,0
0,0.09581150114536285,0
0,0.09581150114536285,0
0,0.09581150114536285,0
0,0.09581150114536285,0
0,0.09581150114536285,0
0,0.09581150114536285,0
0,0.09581150114536285,0
0,0.09581150114536285,0
0,0.09581150114536285,0
0,0.09581150114536285,0
0,0.09581150114536285,0
0,0.09581150114536285,0
0,0.09581150114536285,0
0,0.09581150114536285,0
0,0.09581150114536285,0
0,0.09581150114536285,0
0,0.09581150114536285,0
0,0.09581150114536285,0
0,0.09581150114536285,0
0,0.09581150114536285,0
0,0.09581150114536285,0
0,0.09581150114536285,0
0,0.09581150114536285,0
0,0.09581150114536285,0
0,0.09581150114536285,0
0,0.09581150114536285,0
0,0.09581150114536285,0
0,0.09581150114536285,0
0,0.09581150114536285,0
0,0.09581150114536285,0
0,0.09581150114536285,0
0,0.09581150114536285,0
0,0.09581150114536285,0
0,0.09581150114536285,0
0,0.09581150114536285,0
0,0.09581150114536285,0
0,0.09581150114536285,0
0,0.09581150114536285,0
0,0.09581150114536285,0
0,0.09581150114536285,0
0,0.09581150114536285,0
0,0.09581150114536285,0
0,0.09581150114536285,0
0,0.09581150114536285,0
0,0.09581150114536285,0
0,0.09581150114536285,0
0,0.09581150114536285,0
0,0.09581150114536285,0
0,0.09581150114536285,0
0,0.09581150114536285,0
0,0.09581150114536285,0
0,0.09581150114536285,0
0,0.09581150114536285,0
0,0.09581150114536285,0
0,0.09581150114536285,0
0,0.09581150114536285,0
0,0.09581150114536285,0
0,0.09581150114536285,0
0,0.09581150114536285,0
0,0.09581150114536285,0
0,0.09581150114536285,0
0,0.09581150114536285,0
0,0.09581150114536285,0
0,0.09581150114536285,0
0,0.09581150114536285,0
0,0.09581150114536285,0
0,0.09581150114536285,0
0,0.09581150114536285,0
0,0.09581150114536285,0
0,0.09581150114536285,0
0,0.09581150114536285,0
0,0.09581150114536285,0
0,0.09581150114536285,0
0,0.09581150114536285,0
0,0.09581150114536285,0
0,0.09581150114536285,0
0,0.09581150114536285,0
0,0.09581150114536285,0
0,0.09581150114536285,0
0,0.09581150114536285,0
0,0.09581150114536285,0
0,0.09581150114536285,0
0,0.09581150114536285,0
0,0.09581150114536285,0
0,0.09581150114536285,0
0,0.09581150114536285,0
0,0.09581150114536285,0
0,0.09581150114536285,0
0,0.09581150114536285,0
0,0.09581150114536285,0
0,0.09581150114536285,0
0,0.09581150114536285,0
0,0.09581150114536285,0
0,0.09581150114536285,0
0,0.09581150114536285,0
0,0.09581150114536285,0
0,0.09581150114536285,0
0,0.09581150114536285,0
0,0.09581150114536285,0
0,0.09581150114536285,0
0,0.09581150114536285,0
0,0.09581150114536285,0
0,0.09581150114536285,0
0,0.09581150114536285,0
0,0.09581150114536285,0
0,0.09581150114536285,0
0,0.09581150114536285,0
0,0.09581150114536285,0
0,0.09581150114536285,0
0,0.09581150114536285,0
0,0.09581150114536285,0
0,0.09581150114536285,0
0,0.09581150114536285,0
0,0.09581150114536285,0
0,0.09581150114536285,0
0,0.09581150114536285,0
0,0.09581150114536285,0
0,0.09581150114536285,0
0,0.09581150114536285,0
0,0.09581150114536285,0
0,0.09581150114536285,0
0,0.09581150114536285,0
0,0.09581150114536285,0
0,0.09581150114536285,0
0,0.09581150114536285,0
0,0.09581150114536285,0
0,0.09581150114536285,0
0,0.09581150114536285,0
0,0.09581150114536285,0
0,0.09581150114536285,0
0,0.09581150114536285,0
0,0.09581150114536285,0
0,0.09581150114536285,0
0,0.09581150114536285,0
0,0.09581150114536285,0
0,0.09581150114536285,0
0,0.09581150114536285,0
0,0.09581150114536285,0
0,0.09581150114536285,0
0,0.09581150114536285,0
0,0.09581150114536285,0
0,0.09581150114536285,0
0,0.09581150114536285,0
0,0.09581150114536285,0
0,0.09581150114536285,0
0,0.09581150114536285,0
0,0.09581150114536285,0
0,0.09581150114536285,0
0,0.09581150114536285,0
0,0.09581150114536285,0
0,0.09581150114536285,0
0,0.09581150114536285,0
0,0.09581150114536285,0
0,0.09581150114536285,0
0,0.09581150114536285,0
0,0.09581150114536285,0
0,0.09581150114536285,0
0,0.09581150114536285,0
0,0.09581150114536285,0
0,0.09581150114536285,0
0,0.09581150114536285,0
0,0.09581150114536285,0
0,0.09581150114536285,0
0,0.09581150114536285,0
0,0.09581150114536285,0
0,0.09581150114536285,0
0,0.09581150114536285,0
0,0.09581150114536285,0
0,0.09581150114536285,0
0,0.09581150114536285,0
0,0.09581150114536285,0
0,0.09581150114536285,0
0,0.09581150114536285,0
0,0.09581150114536285,0
0,0.09581150114536285,0
0,0.09581150114536285,0
0,0.09581150114536285,0
0,0.09581150114536285,0
0,0.09581150114536285,0
0,0.09581150114536285,0
0,0.09581150114536285,0
0,0.09581150114536285,0
0,0.09581150114536285,0
0,0.09581150114536285,0
0,0.09581150114536285,0
0,0.09581150114536285,0
0,0.09581150114536285,0
0,0.09581150114536285,0
0,0.09581150114536285,0
0,0.09581150114536285,0
0,0.09581150114536285,0
0,0.09581150114536285,0
0,0.09581150114536285,0
0,0.09581150114536285,0
0,0.09581150114536285,0
0,0.09581150114536285,0
0,0.09581150114536285,0
0,0.09581150114536285,0
0,0.09581150114536285,0
0,0.09581150114536285,0
0,0.09581150114536285,0
0,0.09581150114536285,0
0,0.09581150114536285,0
0,0.09581150114536285,0
0,0.09581150114536285,0
0,0.09581150114536285,0
0,0.09581150114536285,0
0,0.09581150114536285,0
0,0.09581150114536285,0
0,0.09581150114536285,0
0,0.09581150114536285,0
0,0.09581150114536285,0
0,0.09581150114536285,0
0,0.09581150114536285,0
0,0.09581150114536285,0
0,0.09581150114536285,0
0,0.09581150114536285,0
0,0.09581150114536285,0
0,0.09581150114536285,0
0,0.09581150114536285,0
0,0.09581150114536285,0
0,0.09581150114536285,0
0,0.09581150114536285,0
0,0.09581150114536285,0
0,0.09581150114536285,0
0,0.09581150114536285,0
0,0.09581150114536285,0
0,0.09581150114536285,0
0,0.09581150114536285,0
0,0.09581150114536285,0
0,0.09581150114536285,0
0,0.09581150114536285,0
0,0.09581150114536285,0
0,0.09581150114536285,0
0,0.09581150114536285,0
0,0.09581150114536285,0
0,0.09581150114536285,0
0,0.09581150114536285,0
0,0.09581150114536285,0
0,0.09581150114536285,0
0,0.09581150114536285,0
0,0.09581150114536285,0
0,0.09581150114536285,0
0,0.09581150114536285,0
0,0.09581150114536285,0
0,0.09581150114536285,0
0,0.09581150114536285,0
0,0.09581150114536285,0
0,0.09581150114536285,0
0,0.09581150114536285,0
0,0.09581150114536285,0
0,0.09581150114536285,0
0,0.09581150114536285,0
0,0.09581150114536285,0
0,0.09581150114536285,0
0,0.09581150114536285,0
0,0.09581150114536285,0
0,0.09581150114536285,0
0,0.09581150114536285,0
0,0.09581150114536285,0
0,0.09581150114536285,0
0,0.09581150114536285,0
0,0.09581150114536285,0
0,0.09581150114536285,0
0,0.09581150114536285,0
0,0.09581150114536285,0
0,0.09581150114536285,0
0,0.09581150114536285,0
0,0.09581150114536285,0
0,0.09581150114536285,0
0,0.09581150114536285,0
0,0.09581150114536285,0
0,0.09581150114536285,0
0,0.09581150114536285,0
0,0.09581150114536285,0
0,0.09581150114536285,0
0,0.09581150114536285,0
0,0.09581150114536285,0
0,0.09581150114536285,0
0,0.09581150114536285,0
0,0.09581150114536285,0
0,0.09581150114536285,0
0,0.09581150114536285,0
0,0.09581150114536285,0
0,0.09581150114536285,0
0,0.09581150114536285,0
0,0.09581150114536285,0
0,0.09581150114536285,0
0,0.09581150114536285,0
0,0.09581150114536285,0
0,0.09581150114536285,0
0,0.09581150114536285,0
0,0.09581150114536285,0
0,0.09581150114536285,0
0,0.09581150114536285,0
0,0.09581150114536285,0
0,0.09581150114536285,0
0,0.09581150114536285,0
0,0.09581150114536285,0
0,0.09581150114536285,0
0,0.09581150114536285,0
0,0.09581150114536285,0
0,0.09581150114536285,0
0,0.09581150114536285,0
0,0.09581150114536285,0
0,0.09581150114536285,0
0,0.09581150114536285,0
0,0.09581150114536285,0
0,0.09581150114536285,0
0,0.09581150114536285,0
0,0.09581150114536285,0
0,0.09581150114536285,0
0,0.09581150114536285,0
0,0.09581150114536285,0
0,0.09581150114536285,0
0,0.09581150114536285,0
0,0.09581150114536285,0
0,0.09581150114536285,0
0,0.09581150114536285,0
0,0.09581150114536285,0
0,0.09581150114536285,0
0,0.09581150114536285,0
0,0.09581150114536285,0
0,0.09581150114536285,0
0,0.09581150114536285,0
0,0.09581150114536285,0
0,0.09581150114536285,0
0,0.09581150114536285,0
0,0.09581150114536285,0
0,0.09581150114536285,0
0,0.09581150114536285,0
0,0.09581150114536285,0
0,0.09581150114536285,0
0,0.09581150114536285,0
0,0.09581150114536285,0
0,0.09581150114536285,0
0,0.09581150114536285,0
0,0.09581150114536285,0
0,0.09581150114536285,0
0,0.09581150114536285,0
0,0.09581150114536285,0
0,0.09581150114536285,0
0,0.09581150114536285,0
0,0.09581150114536285,0
0,0.09581150114536285,0
0,0.09581150114536285,0
0,0.09581150114536285,0
0,0.09581150114536285,0
0,0.09581150114536285,0
0,0.09581150114536285,0
0,0.09581150114536285,0
0,0.09581150114536285,0
0,0.09581150114536285,0
0,0.09581150114536285,0
0,0.09581150114536285,0
0,0.09581150114536285,0
0,0.09581150114536285,0
0,0.09581150114536285,0
0,0.09581150114536285,0
0,0.09581150114536285,0
0,0.09581150114536285,0
0,0.09581150114536285,0
0,0.09581150114536285,0
0,0.09581150114536285,0
0,0.09581150114536285,0
0,0.09581150114536285,0
0,0.09581150114536285,0
0,0.09581150114536285,0
0,0.09581150114536285,0
0,0.09581150114536285,0
0,0.09581150114536285,0
0,0.09581150114536285,0
0,0.09581150114536285,0
0,0.09581150114536285,0
0,0.09581150114536285,0
0,0.09581150114536285,0
0,0.09581150114536285,0
0,0.09581150114536285,0
0,0.09581150114536285,0
0,0.09581150114536285,0
0,0.09581150114536285,0
0,0.09581150114536285,0
0,0.09581150114536285,0
0,0.09581150114536285,0
0,0.09581150114536285,0
0,0.09581150114536285,0
0,0.09581150114536285,0
0,0.09581150114536285,0
0,0.09581150114536285,0
0,0.09581150114536285,0
0,0.09581150114536285,0
0,0.09581150114536285,0
0,0.09581150114536285,0
0,0.09581150114536285,0
0,0.09581150114536285,0
0,0.09581150114536285,0
0,0.09581150114536285,0
0,0.09581150114536285,0
0,0.09581150114536285,0
0,0.09581150114536285,0
0,0.09581150114536285,0
0,0.09581150114536285,0
0,0.09581150114536285,0
0,0.09581150114536285,0
0,0.09581150114536285,0
0,0.09581150114536285,0
0,0.09581150114536285,0
0,0.09581150114536285,0
0,0.09581150114536285,0
0,0.09581150114536285,0
0,0.09581150114536285,0
0,0.09581150114536285,0
0,0.09581150114536285,0
0,0.09581150114536285,0
0,0.09581150114536285,0
0,0.09581150114536285,0
0,0.09581150114536285,0
0,0.09581150114536285,0
0,0.09581150114536285,0
0,0.09581150114536285,0
0,0.09581150114536285,0
0,0.09581150114536285,0
0,0.09581150114536285,0
0,0.09581150114536285,0
0,0.09581150114536285,0
0,0.09581150114536285,0
0,0.09581150114536285,0
0,0.09581150114536285,0
0,0.09581150114536285,0
0,0.09581150114536285,0
0,0.09581150114536285,0
0,0.09581150114536285,0
0,0.09581150114536285,0
0,0.09581150114536285,0
0,0.09581150114536285,0
0,0.09581150114536285,0
0,0.09581150114536285,0
0,0.09581150114536285,0
0,0.09581150114536285,0
0,0.09581150114536285,0
0,0.09581150114536285,0
0,0.09581150114536285,0
0,0.09581150114536285,0
0,0.09581150114536285,0
0,0.09581150114536285,0
0,0.09581150114536285,0
0,0.09581150114536285,0
0,0.09581150114536285,0
0,0.09581150114536285,0
0,0.09581150114536285,0
0,0.09581150114536285,0
0,0.09581150114536285,0
0,0.09581150114536285,0
0,0.09581150114536285,0
0,0.09581150114536285,0
0,0.09581150114536285,0
0,0.09581150114536285,0
0,0.09581150114536285,0
0,0.09581150114536285,0
0,0.09581150114536285,0
0,0.09581150114536285,0
0,0.09581150114536285,0
0,0.09581150114536285,0
0,0.09581150114536285,0
0,0.09581150114536285,0
0,0.09581150114536285,0
0,0.09581150114536285,0
0,0.09581150114536285,0
0,0.09581150114536285,0
0,0.09581150114536285,0
0,0.09581150114536285,0
0,0.09581150114536285,0
0,0.09581150114536285,0
0,0.09581150114536285,0
0,0.09581150114536285,0
0,0.09581150114536285,0
0,0.09581150114536285,0
0,0.09581150114536285,0
0,0.09581150114536285,0
0,0.09581150114536285,0
0,0.09581150114536285,0
0,0.09581150114536285,0
0,0.09581150114536285,0
0,0.09581150114536285,0
0,0.09581150114536285,0
0,0.09581150114536285,0
0,0.09581150114536285,0
0,0.09581150114536285,0
0,0.09581150114536285,0
0,0.09581150114536285,0
0,0.09581150114536285,0
0,0.09581150114536285,0
0,0.09581150114536285,0
0,0.09581150114536285,0
0,0.09581150114536285,0
0,0.09581150114536285,0
0,0.09581150114536285,0
0,0.09581150114536285,0
0,0.09581150114536285,0
0,0.09581150114536285,0
0,0.09581150114536285,0
0,0.09581150114536285,0
0,0.09581150114536285,0
0,0.09581150114536285,0
0,0.09581150114536285,0
0,0.09581150114536285,0
0,0.09581150114536285,0
0,0.09581150114536285,0
0,0.09581150114536285,0
0,0.09581150114536285,0
0,0.09581150114536285,0
0,0.09581150114536285,0
0,0.09581150114536285,0
0,0.09581150114536285,0
0,0.09581150114536285,0
0,0.09581150114536285,0
0,0.09581150114536285,0
0,0.09581150114536285,0
0,0.09581150114536285,0
0,0.09581150114536285,0
0,0.09581150114536285,0
0,0.09581150114536285,0
0,0.09581150114536285,0
0,0.09581150114536285,0
0,0.09581150114536285,0
0,0.09581150114536285,0
0,0.09581150114536285,0
0,0.09581150114536285,0
0,0.09581150114536285,0
0,0.09581150114536285,0
0,0.09581150114536285,0
0,0.09581150114536285,0
0,0.09581150114536285,0
0,0.09581150114536285,0
0,0.09581150114536285,0
0,0.09581150114536285,0
0,0.09581150114536285,0
0,0.09581150114536285,0
0,0.09581150114536285,0
0,0.09581150114536285,0
0,0.09581150114536285,0
0,0.09581150114536285,0
0,0.09581150114536285,0
0,0.09581150114536285,0
0,0.09581150114536285,0
0,0.09581150114536285,0
0,0.09581150114536285,0
0,0.09581150114536285,0
0,0.09581150114536285,0
0,0.09581150114536285,0
0,0.09581150114536285,0
0,0.09581150114536285,0
0,0.09581150114536285,0
0,0.09581150114536285,0
0,0.09581150114536285,0
0,0.09581150114536285,0
0,0.09581150114536285,0
0,0.09581150114536285,0
0,0.09581150114536285,0
0,0.09581150114536285,0
0,0.09581150114536285,0
0,0.09581150114536285,0
0,0.09581150114536285,0
0,0.09581150114536285,0
0,0.09581150114536285,0
0,0.09581150114536285,0
0,0.09581150114536285,0
0,0.09581150114536285,0
0,0.09581150114536285,0
0,0.09581150114536285,0
0,0.09581150114536285,0
0,0.09581150114536285,0
0,0.09581150114536285,0
0,0.09581150114536285,0
0,0.09581150114536285,0
0,0.09581150114536285,0
0,0.09581150114536285,0
0,0.09581150114536285,0
0,0.09581150114536285,0
0,0.09581150114536285,0
0,0.09581150114536285,0
0,0.09581150114536285,0
0,0.09581150114536285,0
0,0.09581150114536285,0
0,0.09581150114536285,0
0,0.09581150114536285,0
0,0.09581150114536285,0
0,0.09581150114536285,0
0,0.09581150114536285,0
0,0.09581150114536285,0
0,0.09581150114536285,0
0,0.09581150114536285,0
0,0.09581150114536285,0
0,0.09581150114536285,0
0,0.09581150114536285,0
0,0.09581150114536285,0
0,0.09581150114536285,0
0,0.09581150114536285,0
0,0.09581150114536285,0
0,0.09581150114536285,0
0,0.09581150114536285,0
0,0.09581150114536285,0
0,0.09581150114536285,0
0,0.09581150114536285,0
0,0.09581150114536285,0
0,0.09581150114536285,0
0,0.09581150114536285,0
0,0.09581150114536285,0
0,0.09581150114536285,0
0,0.09581150114536285,0
0,0.09581150114536285,0
0,0.09581150114536285,0
0,0.09581150114536285,0
0,0.09581150114536285,0
0,0.09581150114536285,0
0,0.09581150114536285,0
0,0.09581150114536285,0
0,0.09581150114536285,0
0,0.09581150114536285,0
0,0.09581150114536285,0
0,0.09581150114536285,0
0,0.09581150114536285,0
0,0.09581150114536285,0
0,0.09581150114536285,0
0,0.09581150114536285,0
0,0.09581150114536285,0
0,0.09581150114536285,0
0,0.09581150114536285,0
0,0.09581150114536285,0
0,0.09581150114536285,0
0,0.09581150114536285,0
0,0.09581150114536285,0
0,0.09581150114536285,0
0,0.09581150114536285,0
0,0.09581150114536285,0
0,0.09581150114536285,0
0,0.09581150114536285,0
0,0.09581150114536285,0
0,0.09581150114536285,0
0,0.09581150114536285,0
0,0.09581150114536285,0
0,0.09581150114536285,0
0,0.09581150114536285,0
0,0.09581150114536285,0
0,0.09581150114536285,0
0,0.09581150114536285,0
0,0.09581150114536285,0
0,0.09581150114536285,0
0,0.09581150114536285,0
0,0.09581150114536285,0
0,0.09581150114536285,0
0,0.09581150114536285,0
0,0.09581150114536285,0
0,0.09581150114536285,0
0,0.09581150114536285,0
0,0.09581150114536285,0
0,0.09581150114536285,0
0,0.09581150114536285,0
0,0.09581150114536285,0
0,0.09581150114536285,0
0,0.09581150114536285,0
0,0.09581150114536285,0
0,0.09581150114536285,0
0,0.09581150114536285,0
0,0.09581150114536285,0
0,0.09581150114536285,0
0,0.09581150114536285,0
0,0.09581150114536285,0
0,0.09581150114536285,0
0,0.09581150114536285,0
0,0.09581150114536285,0
0,0.09581150114536285,0
0,0.09581150114536285,0
0,0.09581150114536285,0
0,0.09581150114536285,0
0,0.09581150114536285,0
0,0.09581150114536285,0
0,0.09581150114536285,0
0,0.09581150114536285,0
0,0.09581150114536285,0
0,0.09581150114536285,0
0,0.09581150114536285,0
0,0.09581150114536285,0
0,0.09581150114536285,0
0,0.09581150114536285,0
0,0.09581150114536285,0
0,0.09581150114536285,0
0,0.09581150114536285,0
0,0.09581150114536285,0
0,0.09581150114536285,0
0,0.09581150114536285,0
0,0.09581150114536285,0
0,0.09581150114536285,0
0,0.09581150114536285,0
0,0.09581150114536285,0
0,0.09581150114536285,0
0,0.09581150114536285,0
0,0.09581150114536285,0
0,0.09581150114536285,0
0,0.09581150114536285,0
0,0.09581150114536285,0
0,0.09581150114536285,0
0,0.09581150114536285,0
0,0.09581150114536285,0
0,0.09581150114536285,0
0,0.09581150114536285,0
0,0.09581150114536285,0
0,0.09581150114536285,0
0,0.09581150114536285,0
0,0.09581150114536285,0
0,0.09581150114536285,0
0,0.09581150114536285,0
0,0.09581150114536285,0
0,0.09581150114536285,0
0,0.09581150114536285,0
0,0.09581150114536285,0
0,0.09581150114536285,0
0,0.09581150114536285,0
0,0.09581150114536285,0
0,0.09581150114536285,0
0,0.09581150114536285,0
0,0.09581150114536285,0
0,0.09581150114536285,0
0,0.09581150114536285,0
0,0.09581150114536285,0
0,0.09581150114536285,0
0,0.09581150114536285,0
0,0.09581150114536285,0
0,0.09581150114536285,0
0,0.09581150114536285,0
0,0.09581150114536285,0
0,0.09581150114536285,0
0,0.09581150114536285,0
0,0.09581150114536285,0
0,0.09581150114536285,0
0,0.09581150114536285,0
0,0.09581150114536285,0
0,0.09581150114536285,0
0,0.09581150114536285,0
0,0.09581150114536285,0
0,0.09581150114536285,0
0,0.09581150114536285,0
0,0.09581150114536285,0
0,0.09581150114536285,0
0,0.09581150114536285,0
0,0.09581150114536285,0
0,0.09581150114536285,0
0,0.09581150114536285,0
0,0.09581150114536285,0
0,0.09581150114536285,0
0,0.09581150114536285,0
0,0.09581150114536285,0
0,0.09581150114536285,0
0,0.09581150114536285,0
0,0.09581150114536285,0
0,0.09581150114536285,0
0,0.09581150114536285,0
0,0.09581150114536285,0
0,0.09581150114536285,0
0,0.09581150114536285,0
0,0.09581150114536285,0
0,0.09581150114536285,0
0,0.09581150114536285,0
0,0.09581150114536285,0
0,0.09581150114536285,0
0,0.09581150114536285,0
0,0.09581150114536285,0
0,0.09581150114536285,0
0,0.09581150114536285,0
0,0.09581150114536285,0
0,0.09581150114536285,0
0,0.09581150114536285,0
0,0.09581150114536285,0
0,0.09581150114536285,0
0,0.09581150114536285,0
0,0.09581150114536285,0
0,0.09581150114536285,0
0,0.09581150114536285,0
0,0.09581150114536285,0
0,0.09581150114536285,0
0,0.09581150114536285,0
0,0.09581150114536285,0
0,0.09581150114536285,0
0,0.09581150114536285,0
0,0.09581150114536285,0
0,0.09581150114536285,0
0,0.09581150114536285,0
0,0.09581150114536285,0
0,0.09581150114536285,0
0,0.09581150114536285,0
0,0.09581150114536285,0
0,0.09581150114536285,0
0,0.09581150114536285,0
0,0.09581150114536285,0
0,0.09581150114536285,0
0,0.09581150114536285,0
0,0.09581150114536285,0
0,0.09581150114536285,0
0,0.09581150114536285,0
0,0.09581150114536285,0
0,0.09581150114536285,0
0,0.09581150114536285,0
0,0.09581150114536285,0
0,0.09581150114536285,0
0,0.09581150114536285,0
0,0.09581150114536285,0
0,0.09581150114536285,0
0,0.09581150114536285,0
0,0.09581150114536285,0
0,0.09581150114536285,0
0,0.09581150114536285,0
0,0.09581150114536285,0
0,0.09581150114536285,0
0,0.09581150114536285,0
0,0.09581150114536285,0
0,0.09581150114536285,0
0,0.09581150114536285,0
0,0.09581150114536285,0
0,0.09581150114536285,0
0,0.09581150114536285,0
0,0.09581150114536285,0
0,0.09581150114536285,0
0,0.09581150114536285,0
0,0.09581150114536285,0
0,0.09581150114536285,0
0,0.09581150114536285,0
0,0.09581150114536285,0
0,0.09581150114536285,0
0,0.09581150114536285,0
0,0.09581150114536285,0
0,0.09581150114536285,0
0,0.09581150114536285,0
0,0.09581150114536285,0
0,0.09581150114536285,0
0,0.09581150114536285,0
0,0.09581150114536285,0
0,0.09581150114536285,0
0,0.09581150114536285,0
0,0.09581150114536285,0
0,0.09581150114536285,0
0,0.09581150114536285,0
0,0.09581150114536285,0
0,0.09581150114536285,0
0,0.09581150114536285,0
0,0.09581150114536285,0
0,0.09581150114536285,0
0,0.09581150114536285,0
0,0.09581150114536285,0
0,0.09581150114536285,0
0,0.09581150114536285,0
0,0.09581150114536285,0
0,0.09581150114536285,0
0,0.09581150114536285,0
0,0.09581150114536285,0
0,0.09581150114536285,0
0,0.09581150114536285,0
0,0.09581150114536285,0
0,0.09581150114536285,0
0,0.09581150114536285,0
0,0.09581150114536285,0
0,0.09581150114536285,0
0,0.09581150114536285,0
0,0.09581150114536285,0
0,0.09581150114536285,0
0,0.09581150114536285,0
0,0.09581150114536285,0
0,0.09581150114536285,0
0,0.09581150114536285,0
0,0.09581150114536285,0
0,0.09581150114536285,0
0,0.09581150114536285,0
0,0.09581150114536285,0
0,0.09581150114536285,0
0,0.09581150114536285,0
0,0.09581150114536285,0
0,0.09581150114536285,0
0,0.09581150114536285,0
0,0.09581150114536285,0
0,0.09581150114536285,0
0,0.09581150114536285,0
0,0.09581150114536285,0
0,0.09581150114536285,0
0,0.09581150114536285,0
0,0.09581150114536285,0
0,0.09581150114536285,0
0,0.09581150114536285,0
0,0.09581150114536285,0
0,0.09581150114536285,0
0,0.09581150114536285,0
0,0.09581150114536285,0
0,0.09581150114536285,0
0,0.09581150114536285,0
0,0.09581150114536285,0
0,0.09581150114536285,0
0,0.09581150114536285,0
0,0.09581150114536285,0
0,0.09581150114536285,0
0,0.09581150114536285,0
0,0.09581150114536285,0
0,0.09581150114536285,0
0,0.09581150114536285,0
0,0.09581150114536285,0
0,0.09581150114536285,0
0,0.09581150114536285,0
0,0.09581150114536285,0
0,0.09581150114536285,0
0,0.09581150114536285,0
0,0.09581150114536285,0
0,0.09581150114536285,0
0,0.09581150114536285,0
0,0.09581150114536285,0
0,0.09581150114536285,0
0,0.09581150114536285,0
0,0.09581150114536285,0
0,0.09581150114536285,0
0,0.09581150114536285,0
0,0.09581150114536285,0
0,0.09581150114536285,0
0,0.09581150114536285,0
0,0.09581150114536285,0
0,0.09581150114536285,0
0,0.09581150114536285,0
0,0.09581150114536285,0
0,0.09581150114536285,0
0,0.09581150114536285,0
0,0.09581150114536285,0
0,0.09581150114536285,0
0,0.09581150114536285,0
0,0.09581150114536285,0
0,0.09581150114536285,0
0,0.09581150114536285,0
0,0.09581150114536285,0
0,0.09581150114536285,0
0,0.09581150114536285,0
0,0.09581150114536285,0
0,0.09581150114536285,0
0,0.09581150114536285,0
0,0.09581150114536285,0
0,0.09581150114536285,0
0,0.09581150114536285,0
0,0.09581150114536285,0
0,0.09581150114536285,0
0,0.09581150114536285,0
0,0.09581150114536285,0
0,0.09581150114536285,0
0,0.09581150114536285,0
0,0.09581150114536285,0
0,0.09581150114536285,0
0,0.09581150114536285,0
0,0.09581150114536285,0
0,0.09581150114536285,0
0,0.09581150114536285,0
0,0.09581150114536285,0
0,0.09581150114536285,0
0,0.09581150114536285,0
0,0.09581150114536285,0
0,0.09581150114536285,0
0,0.09581150114536285,0
0,0.09581150114536285,0
0,0.09581150114536285,0
0,0.09581150114536285,0
0,0.09581150114536285,0
0,0.09581150114536285,0
0,0.09581150114536285,0
0,0.09581150114536285,0
0,0.09581150114536285,0
0,0.09581150114536285,0
0,0.09581150114536285,0
0,0.09581150114536285,0
0,0.09581150114536285,0
0,0.09581150114536285,0
0,0.09581150114536285,0
0,0.09581150114536285,0
0,0.09581150114536285,0
0,0.09581150114536285,0
0,0.09581150114536285,0
0,0.09581150114536285,0
0,0.09581150114536285,0
0,0.09581150114536285,0
0,0.09581150114536285,0
0,0.09581150114536285,0
0,0.09581150114536285,0
0,0.09581150114536285,0
0,0.09581150114536285,0
0,0.09581150114536285,0
0,0.09581150114536285,0
0,0.09581150114536285,0
0,0.09581150114536285,0
0,0.09581150114536285,0
0,0.09581150114536285,0
0,0.09581150114536285,0
0,0.09581150114536285,0
0,0.09581150114536285,0
0,0.09581150114536285,0
0,0.09581150114536285,0
0,0.09581150114536285,0
0,0.09581150114536285,0
0,0.09581150114536285,0
0,0.09581150114536285,0
0,0.09581150114536285,0
0,0.09581150114536285,0
0,0.09581150114536285,0
0,0.09581150114536285,0
0,0.09581150114536285,0
0,0.09581150114536285,0
0,0.09581150114536285,0
0,0.09581150114536285,0
0,0.09581150114536285,0
0,0.09581150114536285,0
0,0.09581150114536285,0
0,0.09581150114536285,0
0,0.09581150114536285,0
0,0.09581150114536285,0
0,0.09581150114536285,0
0,0.09581150114536285,0
0,0.09581150114536285,0
0,0.09581150114536285,0
0,0.09581150114536285,0
0,0.09581150114536285,0
0,0.09581150114536285,0
0,0.09581150114536285,0
0,0.09581150114536285,0
0,0.09581150114536285,0
0,0.09581150114536285,0
0,0.09581150114536285,0
0,0.09581150114536285,0
0,0.09581150114536285,0
0,0.09581150114536285,0
0,0.09581150114536285,0
0,0.09581150114536285,0
0,0.09581150114536285,0
0,0.09581150114536285,0
0,0.09581150114536285,0
0,0.09581150114536285,0
0,0.09581150114536285,0
0,0.09581150114536285,0
0,0.09581150114536285,0
0,0.09581150114536285,0
0,0.09581150114536285,0
0,0.09581150114536285,0
0,0.09581150114536285,0
0,0.09581150114536285,0
0,0.09581150114536285,0
0,0.09581150114536285,0
0,0.09581150114536285,0
0,0.09581150114536285,0
0,0.09581150114536285,0
0,0.09581150114536285,0
0,0.09581150114536285,0
0,0.09581150114536285,0
0,0.09581150114536285,0
0,0.09581150114536285,0
0,0.09581150114536285,0
0,0.09581150114536285,0
0,0.09581150114536285,0
0,0.09581150114536285,0
0,0.09581150114536285,0
0,0.09581150114536285,0
0,0.09581150114536285,0
0,0.09581150114536285,0
0,0.09581150114536285,0
0,0.09581150114536285,0
0,0.09581150114536285,0
0,0.09581150114536285,0
0,0.09581150114536285,0
0,0.09581150114536285,0
0,0.09581150114536285,0
0,0.09581150114536285,0
0,0.09581150114536285,0
0,0.09581150114536285,0
0,0.09581150114536285,0
0,0.09581150114536285,0
0,0.09581150114536285,0
0,0.09581150114536285,0
0,0.09581150114536285,0
0,0.09581150114536285,0
0,0.09581150114536285,0
0,0.09581150114536285,0
0,0.09581150114536285,0
0,0.09581150114536285,0
0,0.09581150114536285,0
0,0.09581150114536285,0
0,0.09581150114536285,0
0,0.09581150114536285,0
0,0.09581150114536285,0
0,0.09581150114536285,0
0,0.09581150114536285,0
0,0.09581150114536285,0
0,0.09581150114536285,0
0,0.09581150114536285,0
0,0.09581150114536285,0
0,0.09581150114536285,0
0,0.09581150114536285,0
0,0.09581150114536285,0
0,0.09581150114536285,0
0,0.09581150114536285,0
0,0.09581150114536285,0
0,0.09581150114536285,0
0,0.09581150114536285,0
0,0.09581150114536285,0
0,0.09581150114536285,0
0,0.09581150114536285,0
0,0.09581150114536285,0
0,0.09581150114536285,0
0,0.09581150114536285,0
0,0.09581150114536285,0
0,0.09581150114536285,0
0,0.09581150114536285,0
0,0.09581150114536285,0
0,0.09581150114536285,0
0,0.09581150114536285,0
0,0.09581150114536285,0
0,0.09581150114536285,0
0,0.09581150114536285,0
0,0.09581150114536285,0
0,0.09581150114536285,0
0,0.09581150114536285,0
0,0.09581150114536285,0
0,0.09581150114536285,0
0,0.09581150114536285,0
0,0.09581150114536285,0
0,0.09581150114536285,0
0,0.09581150114536285,0
0,0.09581150114536285,0
0,0.09581150114536285,0
0,0.09581150114536285,0
0,0.09581150114536285,0
0,0.09581150114536285,0
0,0.09581150114536285,0
0,0.09581150114536285,0
0,0.09581150114536285,0
0,0.09581150114536285,0
0,0.09581150114536285,0
0,0.09581150114536285,0
0,0.09581150114536285,0
0,0.09581150114536285,0
0,0.09581150114536285,0
0,0.09581150114536285,0
0,0.09581150114536285,0
0,0.09581150114536285,0
0,0.09581150114536285,0
0,0.09581150114536285,0
0,0.09581150114536285,0
0,0.09581150114536285,0
0,0.09581150114536285,0
0,0.09581150114536285,0
0,0.09581150114536285,0
0,0.09581150114536285,0
0,0.09581150114536285,0
0,0.09581150114536285,0
0,0.09581150114536285,0
0,0.09581150114536285,0
0,0.09581150114536285,0
0,0.09581150114536285,0
0,0.09581150114536285,0
0,0.09581150114536285,0
0,0.09581150114536285,0
0,0.09581150114536285,0
0,0.09581150114536285,0
0,0.09581150114536285,0
0,0.09581150114536285,0
0,0.09581150114536285,0
0,0.09581150114536285,0
0,0.09581150114536285,0
0,0.09581150114536285,0
0,0.09581150114536285,0
0,0.09581150114536285,0
0,0.09581150114536285,0
0,0.09581150114536285,0
0,0.09581150114536285,0
0,0.09581150114536285,0
0,0.09581150114536285,0
0,0.09581150114536285,0
0,0.09581150114536285,0
0,0.09581150114536285,0
0,0.09581150114536285,0
0,0.09581150114536285,0
0,0.09581150114536285,0
0,0.09581150114536285,0
0,0.09581150114536285,0
0,0.09581150114536285,0
0,0.09581150114536285,0
0,0.09581150114536285,0
0,0.09581150114536285,0
0,0.09581150114536285,0
0,0.09581150114536285,0
0,0.09581150114536285,0
0,0.09581150114536285,0
0,0.09581150114536285,0
0,0.09581150114536285,0
0,0.09581150114536285,0
0,0.09581150114536285,0
0,0.09581150114536285,0
0,0.09581150114536285,0
0,0.09581150114536285,0
0,0.09581150114536285,0
0,0.09581150114536285,0
0,0.09581150114536285,0
0,0.09581150114536285,0
0,0.09581150114536285,0
0,0.09581150114536285,0
0,0.09581150114536285,0
0,0.09581150114536285,0
0,0.09581150114536285,0
0,0.09581150114536285,0
0,0.09581150114536285,0
0,0.09581150114536285,0
0,0.09581150114536285,0
0,0.09581150114536285,0
0,0.09581150114536285,0
0,0.09581150114536285,0
0,0.09581150114536285,0
0,0.09581150114536285,0
0,0.09581150114536285,0
0,0.09581150114536285,0
0,0.09581150114536285,0
0,0.09581150114536285,0
1,0.09581150114536285,0
0,0.5560351610183716,0
0,0.5501806735992432,0
0,0.5379312634468079,0
0,0.5066333413124084,0
0,0.09581150114536285,0
0,0.09581150114536285,0
0,0.09581150114536285,0
0,0.09581150114536285,0
0,0.09581150114536285,0
0,0.09581150114536285,0
0,0.09581150114536285,0
0,0.09581150114536285,0
0,0.09581150114536285,0
0,0.09581150114536285,0
0,0.09581150114536285,0
0,0.09581150114536285,0
0,0.09581150114536285,0
0,0.09581150114536285,0
0,0.09581150114536285,0
0,0.09581150114536285,0
0,0.09581150114536285,0
0,0.09581150114536285,0
0,0.09581150114536285,0
0,0.09581150114536285,0
0,0.09581150114536285,0
0,0.09581150114536285,0
0,0.09581150114536285,0
0,0.09581150114536285,0
0,0.09581150114536285,0
0,0.09581150114536285,0
0,0.09581150114536285,0
0,0.09581150114536285,0
0,0.09581150114536285,0
0,0.09581150114536285,0
0,0.09581150114536285,0
0,0.09581150114536285,0
0,0.09581150114536285,0
0,0.09581150114536285,0
0,0.09581150114536285,0
0,0.09581150114536285,0
0,0.09581150114536285,0
0,0.09581150114536285,0
0,0.09581150114536285,0
0,0.09581150114536285,0
0,0.09581150114536285,0
0,0.09581150114536285,0
0,0.09581150114536285,0
0,0.09581150114536285,0
0,0.09581150114536285,0
0,0.09581150114536285,0
0,0.09581150114536285,0
0,0.09581150114536285,0
0,0.09581150114536285,0
0,0.09581150114536285,0
0,0.09581150114536285,0
0,0.09581150114536285,0
0,0.09581150114536285,0
0,0.09581150114536285,0
0,0.09581150114536285,0
0,0.09581150114536285,0
0,0.09581150114536285,0
0,0.09581150114536285,0
0,0.09581150114536285,0
0,0.09581150114536285,0
0,0.09581150114536285,0
0,0.09581150114536285,0
0,0.09581150114536285,0
0,0.09581150114536285,0
0,0.09581150114536285,0
0,0.09581150114536285,0
0,0.09581150114536285,0
0,0.09581150114536285,0
0,0.09581150114536285,0
0,0.09581150114536285,0
0,0.09581150114536285,0
0,0.09581150114536285,0
0,0.09581150114536285,0
0,0.09581150114536285,0
0,0.09581150114536285,0
0,0.09581150114536285,0
0,0.09581150114536285,0
0,0.09581150114536285,0
0,0.09581150114536285,0
0,0.09581150114536285,0
0,0.09581150114536285,0
0,0.09581150114536285,0
0,0.09581150114536285,0
0,0.09581150114536285,0
0,0.09581150114536285,0
0,0.09581150114536285,0
0,0.09581150114536285,0
0,0.09581150114536285,0
0,0.09581150114536285,0
0,0.09581150114536285,0
0,0.09581150114536285,0
0,0.09581150114536285,0
0,0.09581150114536285,0
0,0.09581150114536285,0
0,0.09581150114536285,0
0,0.09581150114536285,0
0,0.09581150114536285,0
0,0.09581150114536285,0
0,0.09581150114536285,0
0,0.09581150114536285,0
0,0.09581150114536285,0
0,0.09581150114536285,0
0,0.09581150114536285,0
0,0.09581150114536285,0
0,0.09581150114536285,0
0,0.09581150114536285,0
0,0.09581150114536285,0
0,0.09581150114536285,0
0,0.09581150114536285,0
0,0.09581150114536285,0
0,0.09581150114536285,0
0,0.09581150114536285,0
0,0.09581150114536285,0
0,0.09581150114536285,0
0,0.09581150114536285,0
0,0.09581150114536285,0
0,0.09581150114536285,0
0,0.09581150114536285,0
0,0.09581150114536285,0
0,0.09581150114536285,0
0,0.09581150114536285,0
0,0.09581150114536285,0
0,0.09581150114536285,0
0,0.09581150114536285,0
0,0.09581150114536285,0
0,0.09581150114536285,0
0,0.09581150114536285,0
0,0.09581150114536285,0
0,0.09581150114536285,0
0,0.09581150114536285,0
0,0.09581150114536285,0
0,0.09581150114536285,0
0,0.09581150114536285,0
0,0.09581150114536285,0
0,0.09581150114536285,0
0,0.09581150114536285,0
0,0.09581150114536285,0
0,0.09581150114536285,0
0,0.09581150114536285,0
0,0.09581150114536285,0
0,0.09581150114536285,0
0,0.09581150114536285,0
0,0.09581150114536285,0
0,0.09581150114536285,0
0,0.09581150114536285,0
0,0.09581150114536285,0
0,0.09581150114536285,0
0,0.09581150114536285,0
0,0.09581150114536285,0
0,0.09581150114536285,0
0,0.09581150114536285,0
0,0.09581150114536285,0
0,0.09581150114536285,0
0,0.09581150114536285,0
0,0.09581150114536285,0
0,0.09581150114536285,0
0,0.09581150114536285,0
0,0.09581150114536285,0
0,0.09581150114536285,0
0,0.09581150114536285,0
0,0.09581150114536285,0
0,0.09581150114536285,0
0,0.09581150114536285,0
0,0.09581150114536285,0
0,0.09581150114536285,0
0,0.09581150114536285,0
0,0.09581150114536285,0
0,0.09581150114536285,0
0,0.09581150114536285,0
0,0.09581150114536285,0
0,0.09581150114536285,0
0,0.09581150114536285,0
0,0.09581150114536285,0
0,0.09581150114536285,0
0,0.09581150114536285,0
0,0.09581150114536285,0
0,0.09581150114536285,0
0,0.09581150114536285,0
0,0.09581150114536285,0
0,0.09581150114536285,0
0,0.09581150114536285,0
0,0.09581150114536285,0
0,0.09581150114536285,0
0,0.09581150114536285,0
0,0.09581150114536285,0
0,0.09581150114536285,0
0,0.09581150114536285,0
0,0.09581150114536285,0
0,0.09581150114536285,0
0,0.09581150114536285,0
0,0.09581150114536285,0
0,0.09581150114536285,0
0,0.09581150114536285,0
0,0.09581150114536285,0
0,0.09581150114536285,0
0,0.09581150114536285,0
0,0.09581150114536285,0
0,0.09581150114536285,0
0,0.09581150114536285,0
0,0.09581150114536285,0
0,0.09581150114536285,0
0,0.09581150114536285,0
0,0.09581150114536285,0
0,0.09581150114536285,0
0,0.09581150114536285,0
0,0.09581150114536285,0
0,0.09581150114536285,0
0,0.09581150114536285,0
0,0.09581150114536285,0
0,0.09581150114536285,0
0,0.09581150114536285,0
0,0.09581150114536285,0
0,0.09581150114536285,0
0,0.09581150114536285,0
0,0.09581150114536285,0
0,0.09581150114536285,0
0,0.09581150114536285,0
0,0.09581150114536285,0
0,0.09581150114536285,0
0,0.09581150114536285,0
0,0.09581150114536285,0
0,0.09581150114536285,0
0,0.09581150114536285,0
0,0.09581150114536285,0
0,0.09581150114536285,0
0,0.09581150114536285,0
0,0.09581150114536285,0
0,0.09581150114536285,0
0,0.09581150114536285,0
0,0.09581150114536285,0
0,0.09581150114536285,0
0,0.09581150114536285,0
0,0.09581150114536285,0
0,0.09581150114536285,0
0,0.09581150114536285,0
0,0.09581150114536285,0
0,0.09581150114536285,0
0,0.09581150114536285,0
0,0.09581150114536285,0
0,0.09581150114536285,0
0,0.09581150114536285,0
0,0.09581150114536285,0
0,0.09581150114536285,0
0,0.09581150114536285,0
0,0.09581150114536285,0
0,0.09581150114536285,0
0,0.09581150114536285,0
0,0.09581150114536285,0
0,0.09581150114536285,0
0,0.09581150114536285,0
0,0.09581150114536285,0
0,0.09581150114536285,0
0,0.09581150114536285,0
0,0.09581150114536285,0
0,0.09581150114536285,0
0,0.09581150114536285,0
0,0.09581150114536285,0
0,0.09581150114536285,0
0,0.09581150114536285,0
0,0.09581150114536285,0
0,0.09581150114536285,0
0,0.09581150114536285,0
0,0.09581150114536285,0
0,0.09581150114536285,0
0,0.09581150114536285,0
0,0.09581150114536285,0
0,0.09581150114536285,0
0,0.09581150114536285,0
0,0.09581150114536285,0
0,0.09581150114536285,0
0,0.09581150114536285,0
0,0.09581150114536285,0
0,0.09581150114536285,0
0,0.09581150114536285,0
0,0.09581150114536285,0
0,0.09581150114536285,0
0,0.09581150114536285,0
0,0.09581150114536285,0
0,0.09581150114536285,0
0,0.09581150114536285,0
0,0.09581150114536285,0
0,0.09581150114536285,0
0,0.09581150114536285,0
0,0.09581150114536285,0
0,0.09581150114536285,0
0,0.09581150114536285,0
0,0.09581150114536285,0
0,0.09581150114536285,0
0,0.09581150114536285,0
0,0.09581150114536285,0
0,0.09581150114536285,0
0,0.09581150114536285,0
0,0.09581150114536285,0
0,0.09581150114536285,0
0,0.09581150114536285,0
0,0.09581150114536285,0
0,0.09581150114536285,0
0,0.09581150114536285,0
0,0.09581150114536285,0
0,0.09581150114536285,0
0,0.09581150114536285,0
0,0.09581150114536285,0
0,0.09581150114536285,0
0,0.09581150114536285,0
0,0.09581150114536285,0
0,0.09581150114536285,0
0,0.09581150114536285,0
0,0.09581150114536285,0
0,0.09581150114536285,0
0,0.09581150114536285,0
0,0.09581150114536285,0
0,0.09581150114536285,0
0,0.09581150114536285,0
0,0.09581150114536285,0
0,0.09581150114536285,0
0,0.09581150114536285,0
0,0.09581150114536285,0
0,0.09581150114536285,0
0,0.09581150114536285,0
0,0.09581150114536285,0
0,0.09581150114536285,0
0,0.09581150114536285,0
0,0.09581150114536285,0
0,0.09581150114536285,0
0,0.09581150114536285,0
0,0.09581150114536285,0
0,0.09581150114536285,0
0,0.09581150114536285,0
0,0.09581150114536285,0
0,0.09581150114536285,0
0,0.09581150114536285,0
0,0.09581150114536285,0
0,0.09581150114536285,0
0,0.09581150114536285,0
0,0.09581150114536285,0
0,0.09581150114536285,0
0,0.09581150114536285,0
0,0.09581150114536285,0
0,0.09581150114536285,0
0,0.09581150114536285,0
0,0.09581150114536285,0
0,0.09581150114536285,0
0,0.09581150114536285,0
0,0.09581150114536285,0
0,0.09581150114536285,0
0,0.09581150114536285,0
0,0.09581150114536285,0
0,0.09581150114536285,0
0,0.09581150114536285,0
0,0.09581150114536285,0
0,0.09581150114536285,0
0,0.09581150114536285,0
0,0.09581150114536285,0
0,0.09581150114536285,0
0,0.09581150114536285,0
0,0.09581150114536285,0
0,0.09581150114536285,0
0,0.09581150114536285,0
0,0.09581150114536285,0
0,0.09581150114536285,0
0,0.09581150114536285,0
0,0.09581150114536285,0
0,0.09581150114536285,0
0,0.09581150114536285,0
0,0.09581150114536285,0
0,0.09581150114536285,0
0,0.09581150114536285,0
0,0.09581150114536285,0
0,0.09581150114536285,0
0,0.09581150114536285,0
0,0.09581150114536285,0
0,0.09581150114536285,0
0,0.09581150114536285,0
0,0.09581150114536285,0
0,0.09581150114536285,0
0,0.09581150114536285,0
0,0.09581150114536285,0
0,0.09581150114536285,0
0,0.09581150114536285,0
0,0.09581150114536285,0
0,0.09581150114536285,0
0,0.09581150114536285,0
0,0.09581150114536285,0
0,0.09581150114536285,0
0,0.09581150114536285,0
0,0.09581150114536285,0
0,0.09581150114536285,0
0,0.09581150114536285,0
0,0.09581150114536285,0
0,0.09581150114536285,0
0,0.09581150114536285,0
0,0.09581150114536285,0
0,0.09581150114536285,0
0,0.09581150114536285,0
0,0.09581150114536285,0
0,0.09581150114536285,0
0,0.09581150114536285,0
0,0.09581150114536285,0
0,0.09581150114536285,0
0,0.09581150114536285,0
0,0.09581150114536285,0
0,0.09581150114536285,0
0,0.09581150114536285,0
0,0.09581150114536285,0
0,0.09581150114536285,0
0,0.09581150114536285,0
0,0.09581150114536285,0
0,0.09581150114536285,0
0,0.09581150114536285,0
0,0.09581150114536285,0
0,0.09581150114536285,0
0,0.09581150114536285,0
0,0.09581150114536285,0
0,0.09581150114536285,0
0,0.09581150114536285,0
0,0.09581150114536285,0
0,0.09581150114536285,0
0,0.09581150114536285,0
0,0.09581150114536285,0
0,0.09581150114536285,0
0,0.09581150114536285,0
0,0.09581150114536285,0
0,0.09581150114536285,0
0,0.09581150114536285,0
0,0.09581150114536285,0
0,0.09581150114536285,0
0,0.09581150114536285,0
0,0.09581150114536285,0
0,0.09581150114536285,0
0,0.09581150114536285,0
0,0.09581150114536285,0
0,0.09581150114536285,0
0,0.09581150114536285,0
0,0.09581150114536285,0
0,0.09581150114536285,0
0,0.09581150114536285,0
0,0.09581150114536285,0
0,0.09581150114536285,0
0,0.09581150114536285,0
0,0.09581150114536285,0
0,0.09581150114536285,0
0,0.09581150114536285,0
0,0.09581150114536285,0
0,0.09581150114536285,0
0,0.09581150114536285,0
0,0.09581150114536285,0
0,0.09581150114536285,0
0,0.09581150114536285,0
0,0.09581150114536285,0
0,0.09581150114536285,0
0,0.09581150114536285,0
0,0.09581150114536285,0
0,0.09581150114536285,0
0,0.09581150114536285,0
0,0.09581150114536285,0
0,0.09581150114536285,0
0,0.09581150114536285,0
0,0.09581150114536285,0
0,0.09581150114536285,0
0,0.09581150114536285,0
0,0.09581150114536285,0
0,0.09581150114536285,0
0,0.09581150114536285,0
0,0.09581150114536285,0
0,0.09581150114536285,0
0,0.09581150114536285,0
0,0.09581150114536285,0
0,0.09581150114536285,0
0,0.09581150114536285,0
0,0.09581150114536285,0
0,0.09581150114536285,0
0,0.09581150114536285,0
0,0.09581150114536285,0
0,0.09581150114536285,0
0,0.09581150114536285,0
0,0.09581150114536285,0
0,0.09581150114536285,0
0,0.09581150114536285,0
0,0.09581150114536285,0
0,0.09581150114536285,0
0,0.09581150114536285,0
0,0.09581150114536285,0
0,0.09581150114536285,0
0,0.09581150114536285,0
0,0.09581150114536285,0
0,0.09581150114536285,0
0,0.09581150114536285,0
0,0.09581150114536285,0
0,0.09581150114536285,0
0,0.09581150114536285,0
0,0.09581150114536285,0
0,0.09581150114536285,0
0,0.09581150114536285,0
0,0.09581150114536285,0
0,0.09581150114536285,0
0,0.09581150114536285,0
0,0.09581150114536285,0
0,0.09581150114536285,0
0,0.09581150114536285,0
0,0.09581150114536285,0
0,0.09581150114536285,0
0,0.09581150114536285,0
0,0.09581150114536285,0
0,0.09581150114536285,0
0,0.09581150114536285,0
0,0.09581150114536285,0
0,0.09581150114536285,0
0,0.09581150114536285,0
0,0.09581150114536285,0
0,0.09581150114536285,0
0,0.09581150114536285,0
0,0.09581150114536285,0
0,0.09581150114536285,0
0,0.09581150114536285,0
0,0.09581150114536285,0
0,0.09581150114536285,0
0,0.09581150114536285,0
0,0.09581150114536285,0
0,0.09581150114536285,0
0,0.09581150114536285,0
0,0.09581150114536285,0
0,0.09581150114536285,0
0,0.09581150114536285,0
0,0.09581150114536285,0
0,0.09581150114536285,0
0,0.09581150114536285,0
0,0.09581150114536285,0
0,0.09581150114536285,0
0,0.09581150114536285,0
0,0.09581150114536285,0
0,0.09581150114536285,0
0,0.09581150114536285,0
0,0.09581150114536285,0
0,0.09581150114536285,0
0,0.09581150114536285,0
0,0.09581150114536285,0
0,0.09581150114536285,0
0,0.09581150114536285,0
0,0.09581150114536285,0
0,0.09581150114536285,0
0,0.09581150114536285,0
0,0.09581150114536285,0
0,0.09581150114536285,0
0,0.09581150114536285,0
0,0.09581150114536285,0
0,0.09581150114536285,0
0,0.09581150114536285,0
0,0.09581150114536285,0
0,0.09581150114536285,0
0,0.09581150114536285,0
0,0.09581150114536285,0
0,0.09581150114536285,0
0,0.09581150114536285,0
0,0.09581150114536285,0
0,0.09581150114536285,0
0,0.09581150114536285,0
0,0.09581150114536285,0
0,0.09581150114536285,0
0,0.09581150114536285,0
0,0.09581150114536285,0
0,0.09581150114536285,0
0,0.09581150114536285,0
0,0.09581150114536285,0
0,0.09581150114536285,0
0,0.09581150114536285,0
0,0.09581150114536285,0
0,0.09581150114536285,0
0,0.09581150114536285,0
0,0.09581150114536285,0
0,0.09581150114536285,0
0,0.09581150114536285,0
0,0.09581150114536285,0
0,0.09581150114536285,0
0,0.09581150114536285,0
0,0.09581150114536285,0
0,0.09581150114536285,0
0,0.09581150114536285,0
0,0.09581150114536285,0
0,0.09581150114536285,0
0,0.09581150114536285,0
0,0.09581150114536285,0
0,0.09581150114536285,0
0,0.09581150114536285,0
0,0.09581150114536285,0
0,0.09581150114536285,0
0,0.09581150114536285,0
0,0.09581150114536285,0
0,0.09581150114536285,0
0,0.09581150114536285,0
0,0.09581150114536285,0
0,0.09581150114536285,0
0,0.09581150114536285,0
0,0.09581150114536285,0
0,0.09581150114536285,0
0,0.09581150114536285,0
0,0.09581150114536285,0
0,0.09581150114536285,0
0,0.09581150114536285,0
0,0.09581150114536285,0
0,0.09581150114536285,0
0,0.09581150114536285,0
0,0.09581150114536285,0
0,0.09581150114536285,0
0,0.09581150114536285,0
0,0.09581150114536285,0
0,0.09581150114536285,0
0,0.09581150114536285,0
0,0.09581150114536285,0
0,0.09581150114536285,0
0,0.09581150114536285,0
0,0.09581150114536285,0
0,0.09581150114536285,0
0,0.09581150114536285,0
0,0.09581150114536285,0
0,0.09581150114536285,0
0,0.09581150114536285,0
0,0.09581150114536285,0
0,0.09581150114536285,0
0,0.09581150114536285,0
0,0.09581150114536285,0
0,0.09581150114536285,0
0,0.09581150114536285,0
0,0.09581150114536285,0
0,0.09581150114536285,0
0,0.09581150114536285,0
0,0.09581150114536285,0
0,0.09581150114536285,0
0,0.09581150114536285,0
0,0.09581150114536285,0
0,0.09581150114536285,0
0,0.09581150114536285,0
0,0.09581150114536285,0
0,0.09581150114536285,0
0,0.09581150114536285,0
0,0.09581150114536285,0
0,0.09581150114536285,0
0,0.09581150114536285,0
0,0.09581150114536285,0
0,0.09581150114536285,0
0,0.09581150114536285,0
0,0.09581150114536285,0
0,0.09581150114536285,0
0,0.09581150114536285,0
0,0.09581150114536285,0
0,0.09581150114536285,0
0,0.09581150114536285,0
0,0.09581150114536285,0
0,0.09581150114536285,0
0,0.09581150114536285,0
0,0.09581150114536285,0
0,0.09581150114536285,0
0,0.09581150114536285,0
0,0.09581150114536285,0
0,0.09581150114536285,0
0,0.09581150114536285,0
0,0.09581150114536285,0
0,0.09581150114536285,0
0,0.09581150114536285,0
0,0.09581150114536285,0
0,0.09581150114536285,0
0,0.09581150114536285,0
0,0.09581150114536285,0
0,0.09581150114536285,0
0,0.09581150114536285,0
0,0.09581150114536285,0
0,0.09581150114536285,0
0,0.09581150114536285,0
0,0.09581150114536285,0
0,0.09581150114536285,0
0,0.09581150114536285,0
0,0.09581150114536285,0
0,0.09581150114536285,0
0,0.09581150114536285,0
0,0.09581150114536285,0
0,0.09581150114536285,0
0,0.09581150114536285,0
0,0.09581150114536285,0
0,0.09581150114536285,0
0,0.09581150114536285,0
0,0.09581150114536285,0
0,0.09581150114536285,0
0,0.09581150114536285,0
0,0.09581150114536285,0
0,0.09581150114536285,0
0,0.09581150114536285,0
0,0.09581150114536285,0
0,0.09581150114536285,0
0,0.09581150114536285,0
0,0.09581150114536285,0
0,0.09581150114536285,0
0,0.09581150114536285,0
0,0.09581150114536285,0
0,0.09581150114536285,0
0,0.09581150114536285,0
0,0.09581150114536285,0
0,0.09581150114536285,0
0,0.09581150114536285,0
0,0.09581150114536285,0
0,0.09581150114536285,0
0,0.09581150114536285,0
0,0.09581150114536285,0
0,0.09581150114536285,0
0,0.09581150114536285,0
0,0.09581150114536285,0
0,0.09581150114536285,0
0,0.09581150114536285,0
0,0.09581150114536285,0
0,0.09581150114536285,0
0,0.09581150114536285,0
0,0.09581150114536285,0
0,0.09581150114536285,0
0,0.09581150114536285,0
0,0.09581150114536285,0
0,0.09581150114536285,0
0,0.09581150114536285,0
0,0.09581150114536285,0
0,0.09581150114536285,0
0,0.09581150114536285,0
0,0.09581150114536285,0
0,0.09581150114536285,0
0,0.09581150114536285,0
0,0.09581150114536285,0
0,0.09581150114536285,0
0,0.09581150114536285,0
0,0.09581150114536285,0
0,0.09581150114536285,0
0,0.09581150114536285,0
0,0.09581150114536285,0
0,0.09581150114536285,0
0,0.09581150114536285,0
0,0.09581150114536285,0
0,0.09581150114536285,0
0,0.09581150114536285,0
0,0.09581150114536285,0
0,0.09581150114536285,0
0,0.09581150114536285,0
0,0.09581150114536285,0
0,0.09581150114536285,0
0,0.09581150114536285,0
0,0.09581150114536285,0
0,0.09581150114536285,0
0,0.09581150114536285,0
0,0.09581150114536285,0
0,0.09581150114536285,0
0,0.09581150114536285,0
0,0.09581150114536285,0
0,0.09581150114536285,0
0,0.09581150114536285,0
0,0.09581150114536285,0
0,0.09581150114536285,0
0,0.09581150114536285,0
0,0.09581150114536285,0
0,0.09581150114536285,0
0,0.09581150114536285,0
0,0.09581150114536285,0
0,0.09581150114536285,0
0,0.09581150114536285,0
0,0.09581150114536285,0
0,0.09581150114536285,0
0,0.09581150114536285,0
0,0.09581150114536285,0
0,0.09581150114536285,0
0,0.09581150114536285,0
0,0.09581150114536285,0
0,0.09581150114536285,0
0,0.09581150114536285,0
0,0.09581150114536285,0
0,0.09581150114536285,0
0,0.09581150114536285,0
0,0.09581150114536285,0
0,0.09581150114536285,0
0,0.09581150114536285,0
0,0.09581150114536285,0
0,0.09581150114536285,0
0,0.09581150114536285,0
0,0.09581150114536285,0
0,0.09581150114536285,0
0,0.09581150114536285,0
0,0.09581150114536285,0
0,0.09581150114536285,0
0,0.09581150114536285,0
0,0.09581150114536285,0
0,0.09581150114536285,0
0,0.09581150114536285,0
0,0.09581150114536285,0
0,0.09581150114536285,0
0,0.09581150114536285,0
0,0.09581150114536285,0
0,0.09581150114536285,0
0,0.09581150114536285,0
0,0.09581150114536285,0
0,0.09581150114536285,0
0,0.09581150114536285,0
0,0.09581150114536285,0
0,0.09581150114536285,0
0,0.09581150114536285,0
0,0.09581150114536285,0
0,0.09581150114536285,0
0,0.09581150114536285,0
0,0.09581150114536285,0
0,0.09581150114536285,0
0,0.09581150114536285,0
0,0.09581150114536285,0
0,0.09581150114536285,0
0,0.09581150114536285,0
0,0.09581150114536285,0
0,0.09581150114536285,0
0,0.09581150114536285,0
0,0.09581150114536285,0
0,0.09581150114536285,0
0,0.09581150114536285,0
0,0.09581150114536285,0
0,0.09581150114536285,0
0,0.09581150114536285,0
0,0.09581150114536285,0
0,0.09581150114536285,0
0,0.09581150114536285,0
0,0.09581150114536285,0
0,0.09581150114536285,0
0,0.09581150114536285,0
0,0.09581150114536285,0
0,0.09581150114536285,0
0,0.09581150114536285,0
0,0.09581150114536285,0
0,0.09581150114536285,0
0,0.09581150114536285,0
0,0.09581150114536285,0
0,0.09581150114536285,0
0,0.09581150114536285,0
0,0.09581150114536285,0
0,0.09581150114536285,0
0,0.09581150114536285,0
0,0.09581150114536285,0
0,0.09581150114536285,0
0,0.09581150114536285,0
0,0.09581150114536285,0
0,0.09581150114536285,0
0,0.09581150114536285,0
0,0.09581150114536285,0
0,0.09581150114536285,0
0,0.09581150114536285,0
0,0.09581150114536285,0
0,0.09581150114536285,0
0,0.09581150114536285,0
0,0.09581150114536285,0
0,0.09581150114536285,0
0,0.09581150114536285,0
0,0.09581150114536285,0
0,0.09581150114536285,0
0,0.09581150114536285,0
0,0.09581150114536285,0
0,0.09581150114536285,0
0,0.09581150114536285,0
0,0.09581150114536285,0
0,0.09581150114536285,0
0,0.09581150114536285,0
0,0.09581150114536285,0
0,0.09581150114536285,0
0,0.09581150114536285,0
0,0.09581150114536285,0
0,0.09581150114536285,0
0,0.09581150114536285,0
0,0.09581150114536285,0
0,0.09581150114536285,0
0,0.09581150114536285,0
0,0.09581150114536285,0
0,0.09581150114536285,0
0,0.09581150114536285,0
0,0.09581150114536285,0
0,0.09581150114536285,0
0,0.09581150114536285,0
0,0.09581150114536285,0
0,0.09581150114536285,0
0,0.09581150114536285,0
0,0.09581150114536285,0
0,0.09581150114536285,0
0,0.09581150114536285,0
0,0.09581150114536285,0
0,0.09581150114536285,0
0,0.09581150114536285,0
0,0.09581150114536285,0
0,0.09581150114536285,0
0,0.09581150114536285,0
0,0.09581150114536285,0
0,0.09581150114536285,0
0,0.09581150114536285,0
0,0.09581150114536285,0
0,0.09581150114536285,0
0,0.09581150114536285,0
0,0.09581150114536285,0
0,0.09581150114536285,0
0,0.6545332670211792,0
0,0.6471360921859741,0
0,0.5066333413124084,0
0,0.09581150114536285,0
0,0.09581150114536285,0
0,0.09581150114536285,0
0,0.09581150114536285,0
0,0.09581150114536285,0
0,0.09581150114536285,0
0,0.09581150114536285,0
0,0.09581150114536285,0
0,0.09581150114536285,0
0,0.09581150114536285,0
0,0.09581150114536285,0
0,0.09581150114536285,0
0,0.09581150114536285,0
0,0.09581150114536285,0
0,0.09581150114536285,0
0,0.09581150114536285,0
0,0.09581150114536285,0
0,0.09581150114536285,0
0,0.09581150114536285,0
0,0.09581150114536285,0
0,0.09581150114536285,0
0,0.09581150114536285,0
0,0.09581150114536285,0
0,0.09581150114536285,0
0,0.09581150114536285,0
0,0.09581150114536285,0
0,0.09581150114536285,0
0,0.09581150114536285,0
0,0.09581150114536285,0
0,0.09581150114536285,0
0,0.09581150114536285,0
0,0.09581150114536285,0
0,0.09581150114536285,0
0,0.09581150114536285,0
0,0.09581150114536285,0
0,0.09581150114536285,0
0,0.09581150114536285,0
0,0.09581150114536285,0
0,0.09581150114536285,0
0,0.09581150114536285,0
0,0.09581150114536285,0
0,0.09581150114536285,0
0,0.09581150114536285,0
0,0.09581150114536285,0
0,0.09581150114536285,0
0,0.09581150114536285,0
0,0.09581150114536285,0
0,0.09581150114536285,0
0,0.09581150114536285,0
0,0.09581150114536285,0
0,0.09581150114536285,0
0,0.09581150114536285,0
0,0.09581150114536285,0
0,0.09581150114536285,0
0,0.09581150114536285,0
0,0.09581150114536285,0
0,0.09581150114536285,0
0,0.09581150114536285,0
0,0.09581150114536285,0
0,0.09581150114536285,0
0,0.09581150114536285,0
0,0.09581150114536285,0
0,0.09581150114536285,0
0,0.09581150114536285,0
0,0.09581150114536285,0
0,0.09581150114536285,0
0,0.09581150114536285,0
0,0.09581150114536285,0
0,0.09581150114536285,0
0,0.09581150114536285,0
0,0.09581150114536285,0
0,0.09581150114536285,0
0,0.09581150114536285,0
0,0.09581150114536285,0
0,0.09581150114536285,0
0,0.09581150114536285,0
0,0.09581150114536285,0
0,0.09581150114536285,0
0,0.09581150114536285,0
0,0.09581150114536285,0
0,0.09581150114536285,0
0,0.09581150114536285,0
0,0.09581150114536285,0
0,0.09581150114536285,0
0,0.09581150114536285,0
0,0.09581150114536285,0
0,0.09581150114536285,0
0,0.09581150114536285,0
0,0.09581150114536285,0
0,0.09581150114536285,0
0,0.09581150114536285,0
0,0.09581150114536285,0
0,0.09581150114536285,0
0,0.09581150114536285,0
0,0.09581150114536285,0
0,0.09581150114536285,0
0,0.09581150114536285,0
0,0.09581150114536285,0
0,0.09581150114536285,0
0,0.09581150114536285,0
0,0.09581150114536285,0
0,0.09581150114536285,0
0,0.09581150114536285,0
0,0.09581150114536285,0
0,0.09581150114536285,0
0,0.09581150114536285,0
0,0.09581150114536285,0
0,0.09581150114536285,0
0,0.09581150114536285,0
0,0.09581150114536285,0
0,0.09581150114536285,0
0,0.09581150114536285,0
0,0.09581150114536285,0
0,0.09581150114536285,0
0,0.09581150114536285,0
0,0.09581150114536285,0
0,0.09581150114536285,0
0,0.09581150114536285,0
0,0.09581150114536285,0
0,0.09581150114536285,0
0,0.09581150114536285,0
0,0.09581150114536285,0
0,0.09581150114536285,0
0,0.09581150114536285,0
0,0.09581150114536285,0
0,0.09581150114536285,0
0,0.09581150114536285,0
0,0.09581150114536285,0
0,0.09581150114536285,0
0,0.09581150114536285,0
0,0.09581150114536285,0
0,0.09581150114536285,0
0,0.09581150114536285,0
0,0.09581150114536285,0
0,0.09581150114536285,0
0,0.09581150114536285,0
0,0.09581150114536285,0
0,0.09581150114536285,0
0,0.09581150114536285,0
0,0.09581150114536285,0
0,0.09581150114536285,0
0,0.09581150114536285,0
0,0.09581150114536285,0
0,0.09581150114536285,0
0,0.09581150114536285,0
0,0.09581150114536285,0
0,0.09581150114536285,0
0,0.09581150114536285,0
0,0.09581150114536285,0
0,0.09581150114536285,0
0,0.09581150114536285,0
0,0.09581150114536285,0
0,0.09581150114536285,0
0,0.09581150114536285,0
0,0.09581150114536285,0
0,0.09581150114536285,0
0,0.09581150114536285,0
0,0.09581150114536285,0
0,0.09581150114536285,0
0,0.09581150114536285,0
0,0.09581150114536285,0
0,0.09581150114536285,0
0,0.09581150114536285,0
0,0.09581150114536285,0
0,0.09581150114536285,0
0,0.09581150114536285,0
0,0.09581150114536285,0
0,0.09581150114536285,0
0,0.09581150114536285,0
0,0.09581150114536285,0
0,0.09581150114536285,0
0,0.09581150114536285,0
0,0.09581150114536285,0
0,0.09581150114536285,0
0,0.09581150114536285,0
0,0.09581150114536285,0
0,0.09581150114536285,0
0,0.09581150114536285,0
0,0.09581150114536285,0
0,0.09581150114536285,0
0,0.09581150114536285,0
0,0.09581150114536285,0
0,0.09581150114536285,0
0,0.09581150114536285,0
0,0.09581150114536285,0
0,0.09581150114536285,0
0,0.09581150114536285,0
0,0.09581150114536285,0
0,0.09581150114536285,0
0,0.09581150114536285,0
0,0.09581150114536285,0
0,0.09581150114536285,0
0,0.09581150114536285,0
0,0.09581150114536285,0
0,0.09581150114536285,0
0,0.09581150114536285,0
0,0.09581150114536285,0
0,0.09581150114536285,0
0,0.09581150114536285,0
0,0.09581150114536285,0
0,0.09581150114536285,0
0,0.09581150114536285,0
0,0.09581150114536285,0
0,0.09581150114536285,0
0,0.09581150114536285,0
0,0.09581150114536285,0
0,0.09581150114536285,0
0,0.09581150114536285,0
0,0.09581150114536285,0
0,0.09581150114536285,0
0,0.09581150114536285,0
0,0.09581150114536285,0
0,0.09581150114536285,0
0,0.09581150114536285,0
0,0.09581150114536285,0
0,0.09581150114536285,0
0,0.09581150114536285,0
0,0.09581150114536285,0
0,0.09581150114536285,0
0,0.09581150114536285,0
0,0.09581150114536285,0
0,0.09581150114536285,0
0,0.09581150114536285,0
0,0.09581150114536285,0
0,0.09581150114536285,0
0,0.09581150114536285,0
0,0.09581150114536285,0
0,0.09581150114536285,0
0,0.09581150114536285,0
0,0.09581150114536285,0
0,0.09581150114536285,0
0,0.09581150114536285,0
0,0.09581150114536285,0
0,0.09581150114536285,0
0,0.09581150114536285,0
0,0.09581150114536285,0
0,0.09581150114536285,0
0,0.09581150114536285,0
0,0.09581150114536285,0
0,0.09581150114536285,0
0,0.09581150114536285,0
0,0.09581150114536285,0
0,0.09581150114536285,0
0,0.09581150114536285,0
0,0.09581150114536285,0
0,0.09581150114536285,0
0,0.09581150114536285,0
0,0.09581150114536285,0
0,0.09581150114536285,0
0,0.09581150114536285,0
0,0.09581150114536285,0
0,0.09581150114536285,0
0,0.09581150114536285,0
0,0.09581150114536285,0
0,0.09581150114536285,0
0,0.09581150114536285,0
0,0.09581150114536285,0
0,0.09581150114536285,0
0,0.09581150114536285,0
0,0.09581150114536285,0
0,0.09581150114536285,0
0,0.09581150114536285,0
0,0.09581150114536285,0
0,0.09581150114536285,0
0,0.09581150114536285,0
0,0.09581150114536285,0
0,0.09581150114536285,0
0,0.09581150114536285,0
0,0.09581150114536285,0
0,0.09581150114536285,0
0,0.09581150114536285,0
0,0.09581150114536285,0
0,0.09581150114536285,0
0,0.09581150114536285,0
0,0.09581150114536285,0
0,0.09581150114536285,0
0,0.09581150114536285,0
0,0.09581150114536285,0
0,0.09581150114536285,0
0,0.09581150114536285,0
0,0.09581150114536285,0
0,0.09581150114536285,0
0,0.09581150114536285,0
0,0.09581150114536285,0
0,0.09581150114536285,0
0,0.09581150114536285,0
0,0.09581150114536285,0
0,0.09581150114536285,0
0,0.09581150114536285,0
0,0.09581150114536285,0
0,0.09581150114536285,0
0,0.09581150114536285,0
0,0.09581150114536285,0
0,0.09581150114536285,0
0,0.09581150114536285,0
0,0.09581150114536285,0
0,0.09581150114536285,0
0,0.09581150114536285,0
0,0.09581150114536285,0
0,0.09581150114536285,0
0,0.09581150114536285,0
0,0.09581150114536285,0
0,0.09581150114536285,0
0,0.09581150114536285,0
0,0.09581150114536285,0
0,0.09581150114536285,0
0,0.09581150114536285,0
0,0.09581150114536285,0
0,0.09581150114536285,0
0,0.09581150114536285,0
0,0.09581150114536285,0
0,0.09581150114536285,0
0,0.09581150114536285,0
0,0.09581150114536285,0
0,0.09581150114536285,0
0,0.09581150114536285,0
0,0.09581150114536285,0
0,0.09581150114536285,0
0,0.09581150114536285,0
0,0.09581150114536285,0
0,0.09581150114536285,0
0,0.09581150114536285,0
0,0.09581150114536285,0
0,0.09581150114536285,0
0,0.09581150114536285,0
0,0.09581150114536285,0
0,0.09581150114536285,0
0,0.09581150114536285,0
0,0.09581150114536285,0
0,0.09581150114536285,0
0,0.09581150114536285,0
0,0.09581150114536285,0
0,0.09581150114536285,0
0,0.09581150114536285,0
0,0.09581150114536285,0
0,0.09581150114536285,0
0,0.09581150114536285,0
0,0.09581150114536285,0
0,0.09581150114536285,0
0,0.09581150114536285,0
0,0.09581150114536285,0
0,0.09581150114536285,0
0,0.09581150114536285,0
0,0.09581150114536285,0
0,0.09581150114536285,0
0,0.09581150114536285,0
0,0.09581150114536285,0
0,0.09581150114536285,0
0,0.09581150114536285,0
0,0.09581150114536285,0
0,0.09581150114536285,0
0,0.09581150114536285,0
0,0.09581150114536285,0
0,0.09581150114536285,0
0,0.09581150114536285,0
0,0.09581150114536285,0
0,0.09581150114536285,0
0,0.09581150114536285,0
0,0.09581150114536285,0
0,0.09581150114536285,0
0,0.09581150114536285,0
0,0.09581150114536285,0
0,0.09581150114536285,0
0,0.09581150114536285,0
0,0.09581150114536285,0
0,0.09581150114536285,0
0,0.09581150114536285,0
0,0.09581150114536285,0
0,0.09581150114536285,0
0,0.09581150114536285,0
0,0.09581150114536285,0
0,0.09581150114536285,0
0,0.09581150114536285,0
0,0.09581150114536285,0
0,0.09581150114536285,0
0,0.09581150114536285,0
0,0.09581150114536285,0
0,0.09581150114536285,0
0,0.09581150114536285,0
0,0.09581150114536285,0
0,0.09581150114536285,0
0,0.09581150114536285,0
0,0.09581150114536285,0
0,0.09581150114536285,0
0,0.09581150114536285,0
0,0.09581150114536285,0
0,0.09581150114536285,0
0,0.09581150114536285,0
0,0.09581150114536285,0
0,0.09581150114536285,0
0,0.09581150114536285,0
0,0.09581150114536285,0
0,0.09581150114536285,0
0,0.09581150114536285,0
0,0.09581150114536285,0
0,0.09581150114536285,0
0,0.09581150114536285,0
0,0.09581150114536285,0
0,0.09581150114536285,0
0,0.09581150114536285,0
0,0.09581150114536285,0
0,0.09581150114536285,0
0,0.09581150114536285,0
0,0.09581150114536285,0
0,0.09581150114536285,0
0,0.09581150114536285,0
0,0.09581150114536285,0
0,0.09581150114536285,0
0,0.09581150114536285,0
0,0.09581150114536285,0
0,0.09581150114536285,0
0,0.09581150114536285,0
0,0.09581150114536285,0
0,0.09581150114536285,0
0,0.09581150114536285,0
0,0.09581150114536285,0
0,0.09581150114536285,0
0,0.09581150114536285,0
0,0.09581150114536285,0
0,0.09581150114536285,0
0,0.09581150114536285,0
0,0.09581150114536285,0
0,0.09581150114536285,0
0,0.09581150114536285,0
0,0.09581150114536285,0
0,0.09581150114536285,0
0,0.09581150114536285,0
0,0.09581150114536285,0
0,0.09581150114536285,0
0,0.09581150114536285,0
0,0.09581150114536285,0
0,0.09581150114536285,0
0,0.09581150114536285,0
0,0.09581150114536285,0
0,0.09581150114536285,0
0,0.09581150114536285,0
0,0.09581150114536285,0
0,0.09581150114536285,0
0,0.09581150114536285,0
0,0.09581150114536285,0
0,0.09581150114536285,0
0,0.09581150114536285,0
0,0.09581150114536285,0
0,0.09581150114536285,0
0,0.09581150114536285,0
0,0.09581150114536285,0
0,0.09581150114536285,0
0,0.09581150114536285,0
0,0.09581150114536285,0
0,0.09581150114536285,0
0,0.09581150114536285,0
0,0.09581150114536285,0
0,0.09581150114536285,0
0,0.09581150114536285,0
0,0.09581150114536285,0
0,0.09581150114536285,0
0,0.09581150114536285,0
0,0.09581150114536285,0
0,0.09581150114536285,0
0,0.09581150114536285,0
0,0.09581150114536285,0
0,0.09581150114536285,0
0,0.09581150114536285,0
0,0.09581150114536285,0
0,0.09581150114536285,0
0,0.09581150114536285,0
0,0.09581150114536285,0
0,0.09581150114536285,0
0,0.09581150114536285,0
0,0.09581150114536285,0
0,0.09581150114536285,0
0,0.09581150114536285,0
0,0.09581150114536285,0
0,0.09581150114536285,0
0,0.09581150114536285,0
0,0.09581150114536285,0
0,0.09581150114536285,0
0,0.09581150114536285,0
0,0.09581150114536285,0
0,0.09581150114536285,0
0,0.09581150114536285,0
0,0.09581150114536285,0
0,0.09581150114536285,0
0,0.09581150114536285,0
0,0.09581150114536285,0
0,0.09581150114536285,0
0,0.09581150114536285,0
0,0.09581150114536285,0
0,0.09581150114536285,0
0,0.09581150114536285,0
0,0.09581150114536285,0
0,0.09581150114536285,0
0,0.09581150114536285,0
0,0.09581150114536285,0
0,0.09581150114536285,0
0,0.09581150114536285,0
0,0.09581150114536285,0
0,0.09581150114536285,0
0,0.09581150114536285,0
0,0.09581150114536285,0
0,0.09581150114536285,0
0,0.09581150114536285,0
0,0.09581150114536285,0
0,0.09581150114536285,0
0,0.09581150114536285,0
0,0.09581150114536285,0
0,0.09581150114536285,0
0,0.09581150114536285,0
0,0.09581150114536285,0
0,0.09581150114536285,0
0,0.09581150114536285,0
0,0.09581150114536285,0
0,0.09581150114536285,0
0,0.09581150114536285,0
0,0.09581150114536285,0
0,0.09581150114536285,0
0,0.09581150114536285,0
0,0.09581150114536285,0
0,0.09581150114536285,0
0,0.09581150114536285,0
0,0.09581150114536285,0
0,0.09581150114536285,0
0,0.09581150114536285,0
0,0.09581150114536285,0
0,0.09581150114536285,0
0,0.09581150114536285,0
0,0.09581150114536285,0
0,0.09581150114536285,0
0,0.09581150114536285,0
0,0.09581150114536285,0
0,0.09581150114536285,0
0,0.09581150114536285,0
0,0.09581150114536285,0
0,0.09581150114536285,0
0,0.09581150114536285,0
0,0.09581150114536285,0
0,0.09581150114536285,0
0,0.09581150114536285,0
0,0.09581150114536285,0
0,0.09581150114536285,0
0,0.09581150114536285,0
0,0.09581150114536285,0
0,0.09581150114536285,0
0,0.09581150114536285,0
0,0.09581150114536285,0
0,0.09581150114536285,0
0,0.09581150114536285,0
0,0.09581150114536285,0
0,0.09581150114536285,0
0,0.09581150114536285,0
0,0.09581150114536285,0
0,0.09581150114536285,0
0,0.09581150114536285,0
0,0.09581150114536285,0
0,0.09581150114536285,0
0,0.09581150114536285,0
0,0.09581150114536285,0
0,0.09581150114536285,0
0,0.09581150114536285,0
0,0.09581150114536285,0
0,0.09581150114536285,0
0,0.09581150114536285,0
0,0.09581150114536285,0
0,0.09581150114536285,0
0,0.09581150114536285,0
0,0.09581150114536285,0
0,0.09581150114536285,0
0,0.09581150114536285,0
0,0.09581150114536285,0
0,0.09581150114536285,0
0,0.09581150114536285,0
0,0.09581150114536285,0
0,0.09581150114536285,0
0,0.09581150114536285,0
0,0.09581150114536285,0
0,0.09581150114536285,0
0,0.09581150114536285,0
0,0.09581150114536285,0
0,0.09581150114536285,0
0,0.09581150114536285,0
0,0.09581150114536285,0
0,0.09581150114536285,0
0,0.09581150114536285,0
0,0.09581150114536285,0
0,0.09581150114536285,0
0,0.09581150114536285,0
0,0.09581150114536285,0
0,0.09581150114536285,0
0,0.09581150114536285,0
0,0.09581150114536285,0
0,0.09581150114536285,0
0,0.09581150114536285,0
0,0.09581150114536285,0
0,0.09581150114536285,0
0,0.09581150114536285,0
0,0.09581150114536285,0
0,0.09581150114536285,0
0,0.09581150114536285,0
0,0.09581150114536285,0
0,0.09581150114536285,0
0,0.09581150114536285,0
0,0.09581150114536285,0
0,0.09581150114536285,0
0,0.09581150114536285,0
0,0.09581150114536285,0
0,0.09581150114536285,0
0,0.09581150114536285,0
0,0.09581150114536285,0
0,0.09581150114536285,0
0,0.09581150114536285,0
0,0.09581150114536285,0
0,0.09581150114536285,0
0,0.09581150114536285,0
0,0.09581150114536285,0
0,0.09581150114536285,0
0,0.09581150114536285,0
0,0.09581150114536285,0
0,0.09581150114536285,0
0,0.09581150114536285,0
0,0.09581150114536285,0
0,0.09581150114536285,0
0,0.09581150114536285,0
0,0.09581150114536285,0
0,0.09581150114536285,0
0,0.09581150114536285,0
0,0.09581150114536285,0
0,0.09581150114536285,0
0,0.09581150114536285,0
0,0.09581150114536285,0
0,0.09581150114536285,0
0,0.09581150114536285,0
0,0.09581150114536285,0
0,0.09581150114536285,0
0,0.09581150114536285,0
0,0.09581150114536285,0
0,0.09581150114536285,0
0,0.09581150114536285,0
0,0.09581150114536285,0
0,0.09581150114536285,0
0,0.09581150114536285,0
0,0.09581150114536285,0
0,0.09581150114536285,0
0,0.09581150114536285,0
0,0.09581150114536285,0
0,0.09581150114536285,0
0,0.09581150114536285,0
0,0.09581150114536285,0
0,0.09581150114536285,0
0,0.09581150114536285,0
0,0.09581150114536285,0
0,0.09581150114536285,0
0,0.09581150114536285,0
0,0.09581150114536285,0
0,0.09581150114536285,0
0,0.09581150114536285,0
0,0.09581150114536285,0
0,0.09581150114536285,0
0,0.09581150114536285,0
0,0.09581150114536285,0
0,0.09581150114536285,0
0,0.09581150114536285,0
0,0.09581150114536285,0
0,0.09581150114536285,0
0,0.09581150114536285,0
0,0.09581150114536285,0
0,0.09581150114536285,0
0,0.09581150114536285,0
0,0.09581150114536285,0
0,0.09581150114536285,0
0,0.09581150114536285,0
0,0.09581150114536285,0
0,0.09581150114536285,0
0,0.09581150114536285,0
0,0.09581150114536285,0
0,0.09581150114536285,0
0,0.09581150114536285,0
0,0.09581150114536285,0
0,0.09581150114536285,0
0,0.09581150114536285,0
0,0.09581150114536285,0
0,0.09581150114536285,0
0,0.09581150114536285,0
0,0.09581150114536285,0
0,0.09581150114536285,0
0,0.09581150114536285,0
0,0.09581150114536285,0
0,0.09581150114536285,0
0,0.09581150114536285,0
0,0.09581150114536285,0
0,0.09581150114536285,0
0,0.09581150114536285,0
0,0.09581150114536285,0
0,0.09581150114536285,0
0,0.09581150114536285,0
0,0.09581150114536285,0
0,0.09581150114536285,0
0,0.09581150114536285,0
0,0.09581150114536285,0
0,0.09581150114536285,0
0,0.09581150114536285,0
0,0.09581150114536285,0
0,0.09581150114536285,0
0,0.09581150114536285,0
0,0.09581150114536285,0
0,0.09581150114536285,0
0,0.09581150114536285,0
0,0.09581150114536285,0
0,0.09581150114536285,0
0,0.09581150114536285,0
0,0.09581150114536285,0
0,0.09581150114536285,0
0,0.09581150114536285,0
0,0.09581150114536285,0
0,0.09581150114536285,0
0,0.09581150114536285,0
0,0.09581150114536285,0
0,0.09581150114536285,0
0,0.09581150114536285,0
0,0.09581150114536285,0
0,0.09581150114536285,0
0,0.09581150114536285,0
0,0.09581150114536285,0
0,0.09581150114536285,0
0,0.09581150114536285,0
0,0.09581150114536285,0
0,0.09581150114536285,0
0,0.09581150114536285,0
0,0.09581150114536285,0
0,0.09581150114536285,0
0,0.09581150114536285,0
0,0.09581150114536285,0
0,0.09581150114536285,0
0,0.09581150114536285,0
0,0.09581150114536285,0
0,0.09581150114536285,0
0,0.09581150114536285,0
0,0.09581150114536285,0
0,0.09581150114536285,0
0,0.09581150114536285,0
0,0.09581150114536285,0
0,0.09581150114536285,0
0,0.09581150114536285,0
0,0.09581150114536285,0
0,0.09581150114536285,0
0,0.09581150114536285,0
0,0.09581150114536285,0
0,0.09581150114536285,0
0,0.09581150114536285,0
0,0.09581150114536285,0
0,0.09581150114536285,0
0,0.09581150114536285,0
0,0.09581150114536285,0
0,0.09581150114536285,0
0,0.09581150114536285,0
0,0.09581150114536285,0
0,0.09581150114536285,0
0,0.09581150114536285,0
0,0.09581150114536285,0
0,0.09581150114536285,0
0,0.09581150114536285,0
0,0.09581150114536285,0
0,0.09581150114536285,0
0,0.09581150114536285,0
0,0.09581150114536285,0
0,0.09581150114536285,0
0,0.09581150114536285,0
0,0.09581150114536285,0
0,0.09581150114536285,0
0,0.09581150114536285,0
0,0.09581150114536285,0
0,0.09581150114536285,0
0,0.09581150114536285,0
0,0.09581150114536285,0
0,0.09581150114536285,0
0,0.09581150114536285,0
0,0.09581150114536285,0
0,0.09581150114536285,0
0,0.09581150114536285,0
0,0.09581150114536285,0
0,0.09581150114536285,0
0,0.09581150114536285,0
0,0.09581150114536285,0
0,0.09581150114536285,0
0,0.09581150114536285,0
0,0.09581150114536285,0
0,0.09581150114536285,0
0,0.09581150114536285,0
0,0.09581150114536285,0
0,0.09581150114536285,0
0,0.09581150114536285,0
0,0.09581150114536285,0
0,0.09581150114536285,0
0,0.09581150114536285,0
0,0.09581150114536285,0
0,0.09581150114536285,0
0,0.09581150114536285,0
0,0.09581150114536285,0
0,0.09581150114536285,0
0,0.09581150114536285,0
0,0.09581150114536285,0
0,0.09581150114536285,0
0,0.09581150114536285,0
0,0.09581150114536285,0
0,0.09581150114536285,0
0,0.09581150114536285,0
0,0.09581150114536285,0
0,0.09581150114536285,0
0,0.09581150114536285,0
0,0.09581150114536285,0
0,0.09581150114536285,0
0,0.09581150114536285,0
0,0.09581150114536285,0
0,0.09581150114536285,0
0,0.09581150114536285,0
0,0.09581150114536285,0
0,0.09581150114536285,0
0,0.09581150114536285,0
0,0.09581150114536285,0
0,0.09581150114536285,0
0,0.09581150114536285,0
0,0.09581150114536285,0
0,0.09581150114536285,0
0,0.09581150114536285,0
0,0.09581150114536285,0
0,0.09581150114536285,0
0,0.09581150114536285,0
0,0.09581150114536285,0
0,0.09581150114536285,0
0,0.09581150114536285,0
0,0.09581150114536285,0
0,0.09581150114536285,0
0,0.09581150114536285,0
0,0.09581150114536285,0
0,0.09581150114536285,0
0,0.09581150114536285,0
0,0.09581150114536285,0
0,0.09581150114536285,0
0,0.09581150114536285,0
0,0.09581150114536285,0
0,0.09581150114536285,0
0,0.09581150114536285,0
0,0.09581150114536285,0
0,0.09581150114536285,0
0,0.09581150114536285,0
0,0.09581150114536285,0
0,0.09581150114536285,0
0,0.09581150114536285,0
0,0.09581150114536285,0
0,0.09581150114536285,0
0,0.09581150114536285,0
0,0.09581150114536285,0
0,0.09581150114536285,0
0,0.09581150114536285,0
0,0.09581150114536285,0
0,0.09581150114536285,0
0,0.09581150114536285,0
0,0.09581150114536285,0
0,0.09581150114536285,0
0,0.09581150114536285,0
0,0.09581150114536285,0
0,0.09581150114536285,0
0,0.09581150114536285,0
0,0.09581150114536285,0
0,0.09581150114536285,0
0,0.09581150114536285,0
0,0.09581150114536285,0
0,0.09581150114536285,0
0,0.09581150114536285,0
0,0.09581150114536285,0
0,0.09581150114536285,0
0,0.09581150114536285,0
0,0.09581150114536285,0
0,0.09581150114536285,0
0,0.09581150114536285,0
0,0.09581150114536285,0
0,0.09581150114536285,0
0,0.09581150114536285,0
0,0.09581150114536285,0
0,0.09581150114536285,0
0,0.09581150114536285,0
0,0.09581150114536285,0
0,0.09581150114536285,0
0,0.09581150114536285,0
0,0.09581150114536285,0
0,0.09581150114536285,0
0,0.09581150114536285,0
0,0.09581150114536285,0
0,0.09581150114536285,0
0,0.09581150114536285,0
0,0.09581150114536285,0
0,0.09581150114536285,0
0,0.09581150114536285,0
0,0.09581150114536285,0
0,0.09581150114536285,0
0,0.09581150114536285,0
0,0.09581150114536285,0
0,0.09581150114536285,0
0,0.09581150114536285,0
0,0.09581150114536285,0
0,0.09581150114536285,0
0,0.09581150114536285,0
0,0.09581150114536285,0
0,0.09581150114536285,0
0,0.09581150114536285,0
0,0.09581150114536285,0
0,0.09581150114536285,0
0,0.09581150114536285,0
0,0.09581150114536285,0
0,0.09581150114536285,0
0,0.09581150114536285,0
0,0.09581150114536285,0
0,0.09581150114536285,0
0,0.09581150114536285,0
0,0.09581150114536285,0
0,0.09581150114536285,0
0,0.09581150114536285,0
0,0.09581150114536285,0
0,0.09581150114536285,0
0,0.09581150114536285,0
0,0.09581150114536285,0
0,0.09581150114536285,0
0,0.09581150114536285,0
0,0.09581150114536285,0
0,0.09581150114536285,0
0,0.09581150114536285,0
0,0.09581150114536285,0
0,0.09581150114536285,0
0,0.09581150114536285,0
0,0.09581150114536285,0
0,0.09581150114536285,0
0,0.09581150114536285,0
0,0.09581150114536285,0
0,0.09581150114536285,0
0,0.09581150114536285,0
0,0.09581150114536285,0
0,0.09581150114536285,0
0,0.09581150114536285,0
0,0.09581150114536285,0
0,0.09581150114536285,0
0,0.09581150114536285,0
0,0.09581150114536285,0
0,0.09581150114536285,0
0,0.09581150114536285,0
0,0.09581150114536285,0
0,0.09581150114536285,0
0,0.09581150114536285,0
0,0.09581150114536285,0
0,0.09581150114536285,0
0,0.09581150114536285,0
0,0.09581150114536285,0
0,0.09581150114536285,0
0,0.09581150114536285,0
0,0.09581150114536285,0
0,0.09581150114536285,0
0,0.09581150114536285,0
0,0.09581150114536285,0
0,0.09581150114536285,0
0,0.09581150114536285,0
0,0.09581150114536285,0
0,0.09581150114536285,0
0,0.09581150114536285,0
0,0.09581150114536285,0
0,0.09581150114536285,0
0,0.09581150114536285,0
0,0.09581150114536285,0
0,0.09581150114536285,0
0,0.09581150114536285,0
0,0.09581150114536285,0
0,0.09581150114536285,0
0,0.09581150114536285,0
0,0.09581150114536285,0
0,0.09581150114536285,0
0,0.09581150114536285,0
0,0.09581150114536285,0
0,0.09581150114536285,0
0,0.09581150114536285,0
0,0.09581150114536285,0
0,0.09581150114536285,0
0,0.09581150114536285,0
0,0.09581150114536285,0
0,0.09581150114536285,0
0,0.09581150114536285,0
0,0.09581150114536285,0
0,0.09581150114536285,0
0,0.09581150114536285,0
0,0.09581150114536285,0
0,0.09581150114536285,0
0,0.09581150114536285,0
0,0.09581150114536285,0
0,0.09581150114536285,0
0,0.09581150114536285,0
0,0.09581150114536285,0
0,0.09581150114536285,0
0,0.09581150114536285,0
0,0.09581150114536285,0
0,0.09581150114536285,0
0,0.09581150114536285,0
0,0.09581150114536285,0
0,0.09581150114536285,0
0,0.09581150114536285,0
0,0.09581150114536285,0
0,0.09581150114536285,0
0,0.09581150114536285,0
0,0.09581150114536285,0
0,0.09581150114536285,0
0,0.09581150114536285,0
0,0.09581150114536285,0
0,0.09581150114536285,0
0,0.09581150114536285,0
0,0.09581150114536285,0
0,0.09581150114536285,0
0,0.09581150114536285,0
0,0.09581150114536285,0
0,0.09581150114536285,0
0,0.09581150114536285,0
0,0.09581150114536285,0
0,0.09581150114536285,0
0,0.09581150114536285,0
0,0.09581150114536285,0
0,0.09581150114536285,0
0,0.09581150114536285,0
0,0.09581150114536285,0
0,0.09581150114536285,0
0,0.09581150114536285,0
0,0.09581150114536285,0
0,0.09581150114536285,0
0,0.09581150114536285,0
0,0.09581150114536285,0
0,0.09581150114536285,0
0,0.09581150114536285,0
0,0.09581150114536285,0
0,0.09581150114536285,0
0,0.09581150114536285,0
0,0.09581150114536285,0
0,0.09581150114536285,0
0,0.09581150114536285,0
0,0.09581150114536285,0
0,0.09581150114536285,0
0,0.09581150114536285,0
0,0.09581150114536285,0
0,0.09581150114536285,0
0,0.09581150114536285,0
0,0.09581150114536285,0
0,0.09581150114536285,0
0,0.09581150114536285,0
0,0.09581150114536285,0
0,0.09581150114536285,0
0,0.09581150114536285,0
0,0.09581150114536285,0
0,0.09581150114536285,0
0,0.09581150114536285,0
0,0.09581150114536285,0
0,0.09581150114536285,0
0,0.09581150114536285,0
0,0.09581150114536285,0
0,0.09581150114536285,0
0,0.09581150114536285,0
0,0.09581150114536285,0
0,0.09581150114536285,0
0,0.09581150114536285,0
0,0.09581150114536285,0
0,0.09581150114536285,0
0,0.09581150114536285,0
0,0.09581150114536285,0
0,0.09581150114536285,0
0,0.09581150114536285,0
0,0.09581150114536285,0
0,0.09581150114536285,0
0,0.09581150114536285,0
0,0.09581150114536285,0
0,0.09581150114536285,0
0,0.09581150114536285,0
0,0.09581150114536285,0
0,0.09581150114536285,0
0,0.09581150114536285,0
0,0.09581150114536285,0
0,0.09581150114536285,0
0,0.09581150114536285,0
0,0.09581150114536285,0
0,0.09581150114536285,0
0,0.09581150114536285,0
0,0.09581150114536285,0
0,0.09581150114536285,0
0,0.09581150114536285,0
0,0.09581150114536285,0
0,0.09581150114536285,0
0,0.09581150114536285,0
0,0.09581150114536285,0
0,0.09581150114536285,0
0,0.09581150114536285,0
0,0.09581150114536285,0
0,0.09581150114536285,0
0,0.09581150114536285,0
0,0.09581150114536285,0
0,0.09581150114536285,0
0,0.09581150114536285,0
0,0.09581150114536285,0
0,0.09581150114536285,0
0,0.09581150114536285,0
0,0.09581150114536285,0
0,0.09581150114536285,0
0,0.09581150114536285,0
0,0.09581150114536285,0
0,0.09581150114536285,0
0,0.09581150114536285,0
0,0.09581150114536285,0
0,0.09581150114536285,0
0,0.09581150114536285,0
0,0.09581150114536285,0
0,0.09581150114536285,0
0,0.09581150114536285,0
0,0.09581150114536285,0
0,0.09581150114536285,0
0,0.09581150114536285,0
0,0.09581150114536285,0
0,0.09581150114536285,0
0,0.09581150114536285,0
0,0.09581150114536285,0
0,0.09581150114536285,0
0,0.09581150114536285,0
0,0.09581150114536285,0
0,0.09581150114536285,0
0,0.09581150114536285,0
0,0.09581150114536285,0
0,0.09581150114536285,0
0,0.09581150114536285,0
0,0.09581150114536285,0
0,0.09581150114536285,0
0,0.09581150114536285,0
0,0.09581150114536285,0
0,0.09581150114536285,0
0,0.09581150114536285,0
0,0.09581150114536285,0
0,0.09581150114536285,0
0,0.09581150114536285,0
0,0.09581150114536285,0
0,0.09581150114536285,0
0,0.09581150114536285,0
0,0.09581150114536285,0
0,0.09581150114536285,0
0,0.09581150114536285,0
0,0.09581150114536285,0
0,0.09581150114536285,0
0,0.09581150114536285,0
0,0.09581150114536285,0
0,0.09581150114536285,0
0,0.09581150114536285,0
0,0.09581150114536285,0
0,0.09581150114536285,0
0,0.09581150114536285,0
0,0.09581150114536285,0
0,0.09581150114536285,0
0,0.09581150114536285,0
0,0.09581150114536285,0
0,0.09581150114536285,0
0,0.09581150114536285,0
0,0.09581150114536285,0
0,0.09581150114536285,0
0,0.09581150114536285,0
0,0.09581150114536285,0
0,0.09581150114536285,0
0,0.09581150114536285,0
0,0.09581150114536285,0
0,0.09581150114536285,0
0,0.09581150114536285,0
0,0.09581150114536285,0
0,0.09581150114536285,0
0,0.09581150114536285,0
0,0.09581150114536285,0
0,0.09581150114536285,0
0,0.09581150114536285,0
0,0.09581150114536285,0
0,0.09581150114536285,0
0,0.09581150114536285,0
0,0.09581150114536285,0
0,0.09581150114536285,0
0,0.09581150114536285,0
0,0.09581150114536285,0
0,0.09581150114536285,0
0,0.09581150114536285,0
0,0.09581150114536285,0
0,0.09581150114536285,0
0,0.09581150114536285,0
0,0.09581150114536285,0
0,0.09581150114536285,0
0,0.09581150114536285,0
0,0.09581150114536285,0
0,0.09581150114536285,0
0,0.09581150114536285,0
0,0.09581150114536285,0
0,0.09581150114536285,0
0,0.09581150114536285,0
0,0.09581150114536285,0
0,0.09581150114536285,0
0,0.09581150114536285,0
0,0.09581150114536285,0
0,0.09581150114536285,0
0,0.09581150114536285,0
0,0.09581150114536285,0
0,0.09581150114536285,0
0,0.09581150114536285,0
0,0.09581150114536285,0
0,0.09581150114536285,0
0,0.09581150114536285,0
0,0.09581150114536285,0
0,0.09581150114536285,0
0,0.09581150114536285,0
0,0.09581150114536285,0
0,0.09581150114536285,0
0,0.09581150114536285,0
0,0.09581150114536285,0
0,0.09581150114536285,0
0,0.09581150114536285,0
0,0.09581150114536285,0
0,0.09581150114536285,0
0,0.09581150114536285,0
0,0.09581150114536285,0
0,0.09581150114536285,0
0,0.09581150114536285,0
0,0.09581150114536285,0
0,0.09581150114536285,0
0,0.09581150114536285,0
0,0.09581150114536285,0
0,0.09581150114536285,0
0,0.09581150114536285,0
0,0.09581150114536285,0
0,0.09581150114536285,0
0,0.09581150114536285,0
0,0.09581150114536285,0
0,0.09581150114536285,0
0,0.09581150114536285,0
0,0.09581150114536285,0
0,0.09581150114536285,0
0,0.09581150114536285,0
0,0.09581150114536285,0
0,0.09581150114536285,0
0,0.09581150114536285,0
0,0.09581150114536285,0
0,0.09581150114536285,0
0,0.09581150114536285,0
0,0.09581150114536285,0
0,0.09581150114536285,0
0,0.09581150114536285,0
0,0.09581150114536285,0
0,0.09581150114536285,0
0,0.09581150114536285,0
0,0.09581150114536285,0
0,0.09581150114536285,0
0,0.09581150114536285,0
0,0.09581150114536285,0
0,0.09581150114536285,0
0,0.09581150114536285,0
0,0.09581150114536285,0
0,0.09581150114536285,0
0,0.09581150114536285,0
0,0.09581150114536285,0
0,0.09581150114536285,0
0,0.09581150114536285,0
0,0.09581150114536285,0
0,0.09581150114536285,0
0,0.09581150114536285,0
0,0.09581150114536285,0
0,0.09581150114536285,0
0,0.09581150114536285,0
0,0.09581150114536285,0
0,0.09581150114536285,0
0,0.09581150114536285,0
0,0.09581150114536285,0
0,0.09581150114536285,0
0,0.09581150114536285,0
0,0.09581150114536285,0
0,0.09581150114536285,0
0,0.09581150114536285,0
0,0.09581150114536285,0
0,0.09581150114536285,0
0,0.09581150114536285,0
0,0.09581150114536285,0
0,0.09581150114536285,0
0,0.09581150114536285,0
0,0.09581150114536285,0
0,0.09581150114536285,0
0,0.09581150114536285,0
0,0.09581150114536285,0
0,0.09581150114536285,0
0,0.09581150114536285,0
0,0.09581150114536285,0
0,0.09581150114536285,0
0,0.09581150114536285,0
0,0.09581150114536285,0
0,0.09581150114536285,0
0,0.09581150114536285,0
0,0.09581150114536285,0
0,0.09581150114536285,0
0,0.09581150114536285,0
0,0.09581150114536285,0
0,0.09581150114536285,0
0,0.09581150114536285,0
0,0.09581150114536285,0
0,0.09581150114536285,0
0,0.09581150114536285,0
0,0.09581150114536285,0
0,0.09581150114536285,0
0,0.09581150114536285,0
0,0.09581150114536285,0
0,0.09581150114536285,0
0,0.09581150114536285,0
0,0.09581150114536285,0
0,0.09581150114536285,0
0,0.09581150114536285,0
0,0.09581150114536285,0
0,0.09581150114536285,0
0,0.09581150114536285,0
0,0.09581150114536285,0
0,0.09581150114536285,0
0,0.09581150114536285,0
0,0.09581150114536285,0
0,0.09581150114536285,0
0,0.09581150114536285,0
0,0.09581150114536285,0
0,0.09581150114536285,0
0,0.09581150114536285,0
0,0.09581150114536285,0
0,0.09581150114536285,0
0,0.09581150114536285,0
0,0.09581150114536285,0
0,0.09581150114536285,0
0,0.09581150114536285,0
0,0.09581150114536285,0
0,0.09581150114536285,0
0,0.09581150114536285,0
0,0.09581150114536285,0
0,0.09581150114536285,0
0,0.09581150114536285,0
0,0.09581150114536285,0
0,0.09581150114536285,0
0,0.09581150114536285,0
0,0.09581150114536285,0
0,0.09581150114536285,0
0,0.09581150114536285,0
0,0.09581150114536285,0
0,0.09581150114536285,0
0,0.09581150114536285,0
0,0.09581150114536285,0
0,0.09581150114536285,0
0,0.09581150114536285,0
0,0.09581150114536285,0
0,0.09581150114536285,0
0,0.09581150114536285,0
0,0.09581150114536285,0
0,0.09581150114536285,0
0,0.09581150114536285,0
0,0.09581150114536285,0
0,0.09581150114536285,0
0,0.09581150114536285,0
0,0.09581150114536285,0
0,0.09581150114536285,0
0,0.09581150114536285,0
0,0.09581150114536285,0
0,0.09581150114536285,0
0,0.09581150114536285,0
0,0.09581150114536285,0
0,0.09581150114536285,0
0,0.09581150114536285,0
0,0.09581150114536285,0
0,0.09581150114536285,0
0,0.09581150114536285,0
0,0.09581150114536285,0
0,0.09581150114536285,0
0,0.09581150114536285,0
0,0.09581150114536285,0
0,0.09581150114536285,0
0,0.09581150114536285,0
0,0.09581150114536285,0
0,0.09581150114536285,0
0,0.09581150114536285,0
0,0.09581150114536285,0
0,0.09581150114536285,0
0,0.09581150114536285,0
0,0.09581150114536285,0
0,0.09581150114536285,0
0,0.09581150114536285,0
0,0.09581150114536285,0
0,0.09581150114536285,0
0,0.09581150114536285,0
0,0.09581150114536285,0
0,0.09581150114536285,0
0,0.09581150114536285,0
0,0.09581150114536285,0
0,0.09581150114536285,0
0,0.09581150114536285,0
0,0.09581150114536285,0
0,0.09581150114536285,0
0,0.09581150114536285,0
0,0.09581150114536285,0
0,0.09581150114536285,0
0,0.09581150114536285,0
0,0.09581150114536285,0
0,0.09581150114536285,0
0,0.09581150114536285,0
0,0.09581150114536285,0
0,0.09581150114536285,0
0,0.09581150114536285,0
0,0.09581150114536285,0
0,0.09581150114536285,0
0,0.09581150114536285,0
0,0.09581150114536285,0
0,0.09581150114536285,0
0,0.09581150114536285,0
0,0.09581150114536285,0
0,0.09581150114536285,0
0,0.09581150114536285,0
0,0.09581150114536285,0
0,0.09581150114536285,0
0,0.09581150114536285,0
0,0.09581150114536285,0
0,0.09581150114536285,0
0,0.09581150114536285,0
0,0.09581150114536285,0
0,0.09581150114536285,0
0,0.09581150114536285,0
0,0.09581150114536285,0
0,0.09581150114536285,0
0,0.09581150114536285,0
0,0.09581150114536285,0
0,0.09581150114536285,0
0,0.09581150114536285,0
0,0.09581150114536285,0
0,0.09581150114536285,0
0,0.09581150114536285,0
0,0.09581150114536285,0
0,0.09581150114536285,0
0,0.09581150114536285,0
0,0.09581150114536285,0
0,0.09581150114536285,0
0,0.09581150114536285,0
0,0.09581150114536285,0
0,0.09581150114536285,0
0,0.09581150114536285,0
0,0.09581150114536285,0
0,0.09581150114536285,0
0,0.09581150114536285,0
0,0.09581150114536285,0
0,0.09581150114536285,0
0,0.09581150114536285,0
0,0.09581150114536285,0
0,0.09581150114536285,0
0,0.09581150114536285,0
0,0.09581150114536285,0
0,0.09581150114536285,0
0,0.09581150114536285,0
0,0.09581150114536285,0
0,0.09581150114536285,0
0,0.09581150114536285,0
0,0.09581150114536285,0
0,0.09581150114536285,0
0,0.09581150114536285,0
0,0.09581150114536285,0
0,0.09581150114536285,0
0,0.09581150114536285,0
0,0.09581150114536285,0
0,0.09581150114536285,0
0,0.09581150114536285,0
0,0.09581150114536285,0
0,0.09581150114536285,0
0,0.09581150114536285,0
0,0.09581150114536285,0
0,0.09581150114536285,0
0,0.09581150114536285,0
0,0.09581150114536285,0
0,0.09581150114536285,0
0,0.09581150114536285,0
0,0.09581150114536285,0
0,0.09581150114536285,0
0,0.09581150114536285,0
0,0.09581150114536285,0
0,0.09581150114536285,0
0,0.09581150114536285,0
0,0.09581150114536285,0
0,0.09581150114536285,0
0,0.09581150114536285,0
0,0.09581150114536285,0
0,0.09581150114536285,0
0,0.09581150114536285,0
0,0.09581150114536285,0
0,0.09581150114536285,0
0,0.09581150114536285,0
0,0.09581150114536285,0
0,0.09581150114536285,0
0,0.09581150114536285,0
0,0.09581150114536285,0
0,0.09581150114536285,0
0,0.09581150114536285,0
0,0.09581150114536285,0
0,0.09581150114536285,0
0,0.09581150114536285,0
0,0.09581150114536285,0
0,0.09581150114536285,0
0,0.09581150114536285,0
0,0.09581150114536285,0
0,0.09581150114536285,0
0,0.09581150114536285,0
0,0.09581150114536285,0
0,0.09581150114536285,0
0,0.09581150114536285,0
0,0.09581150114536285,0
0,0.09581150114536285,0
0,0.09581150114536285,0
0,0.09581150114536285,0
0,0.09581150114536285,0
0,0.09581150114536285,0
0,0.09581150114536285,0
0,0.09581150114536285,0
0,0.09581150114536285,0
0,0.09581150114536285,0
0,0.09581150114536285,0
0,0.09581150114536285,0
0,0.09581150114536285,0
0,0.09581150114536285,0
0,0.09581150114536285,0
0,0.09581150114536285,0
0,0.09581150114536285,0
0,0.09581150114536285,0
0,0.09581150114536285,0
0,0.09581150114536285,0
0,0.09581150114536285,0
0,0.09581150114536285,0
0,0.09581150114536285,0
0,0.09581150114536285,0
0,0.09581150114536285,0
0,0.09581150114536285,0
0,0.09581150114536285,0
0,0.09581150114536285,0
0,0.09581150114536285,0
0,0.09581150114536285,0
0,0.09581150114536285,0
0,0.09581150114536285,0
0,0.09581150114536285,0
0,0.09581150114536285,0
0,0.09581150114536285,0
0,0.09581150114536285,0
0,0.09581150114536285,0
0,0.09581150114536285,0
0,0.09581150114536285,0
0,0.09581150114536285,0
0,0.09581150114536285,0
0,0.09581150114536285,0
0,0.09581150114536285,0
0,0.09581150114536285,0
0,0.09581150114536285,0
0,0.09581150114536285,0
0,0.09581150114536285,0
0,0.09581150114536285,0
0,0.09581150114536285,0
0,0.09581150114536285,0
0,0.09581150114536285,0
0,0.09581150114536285,0
0,0.09581150114536285,0
0,0.09581150114536285,0
0,0.09581150114536285,0
0,0.09581150114536285,0
0,0.09581150114536285,0
0,0.09581150114536285,0
0,0.09581150114536285,0
0,0.09581150114536285,0
0,0.09581150114536285,0
0,0.09581150114536285,0
0,0.09581150114536285,0
0,0.09581150114536285,0
0,0.09581150114536285,0
0,0.09581150114536285,0
0,0.09581150114536285,0
0,0.09581150114536285,0
0,0.09581150114536285,0
0,0.09581150114536285,0
0,0.09581150114536285,0
0,0.09581150114536285,0
0,0.09581150114536285,0
0,0.09581150114536285,0
0,0.09581150114536285,0
0,0.09581150114536285,0
0,0.09581150114536285,0
0,0.09581150114536285,0
0,0.09581150114536285,0
0,0.09581150114536285,0
0,0.09581150114536285,0
0,0.09581150114536285,0
0,0.09581150114536285,0
0,0.09581150114536285,0
0,0.09581150114536285,0
0,0.09581150114536285,0
0,0.09581150114536285,0
0,0.09581150114536285,0
0,0.09581150114536285,0
0,0.09581150114536285,0
0,0.09581150114536285,0
0,0.09581150114536285,0
0,0.09581150114536285,0
0,0.09581150114536285,0
0,0.09581150114536285,0
0,0.09581150114536285,0
0,0.09581150114536285,0
0,0.09581150114536285,0
0,0.09581150114536285,0
0,0.09581150114536285,0
0,0.09581150114536285,0
0,0.09581150114536285,0
0,0.09581150114536285,0
0,0.09581150114536285,0
0,0.09581150114536285,0
0,0.09581150114536285,0
0,0.09581150114536285,0
0,0.09581150114536285,0
0,0.09581150114536285,0
0,0.09581150114536285,0
0,0.09581150114536285,0
0,0.09581150114536285,0
0,0.09581150114536285,0
0,0.09581150114536285,0
0,0.09581150114536285,0
0,0.09581150114536285,0
0,0.09581150114536285,0
0,0.09581150114536285,0
0,0.09581150114536285,0
0,0.09581150114536285,0
0,0.09581150114536285,0
0,0.09581150114536285,0
0,0.09581150114536285,0
0,0.09581150114536285,0
0,0.09581150114536285,0
0,0.09581150114536285,0
0,0.09581150114536285,0
0,0.09581150114536285,0
0,0.09581150114536285,0
0,0.09581150114536285,0
0,0.09581150114536285,0
0,0.09581150114536285,0
0,0.09581150114536285,0
0,0.09581150114536285,0
0,0.09581150114536285,0
0,0.09581150114536285,0
0,0.09581150114536285,0
0,0.09581150114536285,0
0,0.09581150114536285,0
0,0.09581150114536285,0
0,0.09581150114536285,0
0,0.09581150114536285,0
0,0.09581150114536285,0
0,0.09581150114536285,0
0,0.09581150114536285,0
0,0.09581150114536285,0
0,0.09581150114536285,0
0,0.09581150114536285,0
0,0.09581150114536285,0
0,0.09581150114536285,0
0,0.09581150114536285,0
0,0.09581150114536285,0
0,0.09581150114536285,0
0,0.09581150114536285,0
0,0.09581150114536285,0
0,0.09581150114536285,0
0,0.09581150114536285,0
0,0.09581150114536285,0
0,0.09581150114536285,0
0,0.09581150114536285,0
0,0.09581150114536285,0
0,0.09581150114536285,0
0,0.09581150114536285,0
0,0.09581150114536285,0
0,0.09581150114536285,0
0,0.09581150114536285,0
0,0.09581150114536285,0
0,0.09581150114536285,0
0,0.09581150114536285,0
0,0.09581150114536285,0
0,0.09581150114536285,0
0,0.09581150114536285,0
0,0.09581150114536285,0
0,0.09581150114536285,0
0,0.09581150114536285,0
0,0.09581150114536285,0
0,0.09581150114536285,0
0,0.09581150114536285,0
0,0.09581150114536285,0
0,0.09581150114536285,0
0,0.09581150114536285,0
0,0.09581150114536285,0
0,0.09581150114536285,0
0,0.09581150114536285,0
0,0.09581150114536285,0
0,0.09581150114536285,0
0,0.09581150114536285,0
0,0.09581150114536285,0
0,0.09581150114536285,0
0,0.09581150114536285,0
0,0.09581150114536285,0
0,0.09581150114536285,0
0,0.09581150114536285,0
0,0.09581150114536285,0
0,0.09581150114536285,0
0,0.09581150114536285,0
0,0.09581150114536285,0
0,0.09581150114536285,0
0,0.09581150114536285,0
0,0.09581150114536285,0
0,0.09581150114536285,0
0,0.09581150114536285,0
0,0.09581150114536285,0
0,0.09581150114536285,0
0,0.09581150114536285,0
0,0.09581150114536285,0
0,0.09581150114536285,0
0,0.09581150114536285,0
0,0.09581150114536285,0
0,0.09581150114536285,0
0,0.09581150114536285,0
0,0.09581150114536285,0
0,0.09581150114536285,0
0,0.09581150114536285,0
0,0.09581150114536285,0
0,0.09581150114536285,0
0,0.09581150114536285,0
0,0.09581150114536285,0
0,0.09581150114536285,0
0,0.09581150114536285,0
0,0.09581150114536285,0
0,0.09581150114536285,0
0,0.09581150114536285,0
0,0.09581150114536285,0
0,0.09581150114536285,0
0,0.09581150114536285,0
0,0.09581150114536285,0
0,0.09581150114536285,0
0,0.09581150114536285,0
0,0.09581150114536285,0
0,0.09581150114536285,0
0,0.09581150114536285,0
0,0.09581150114536285,0
0,0.09581150114536285,0
0,0.09581150114536285,0
0,0.09581150114536285,0
0,0.09581150114536285,0
0,0.09581150114536285,0
0,0.09581150114536285,0
0,0.09581150114536285,0
0,0.09581150114536285,0
0,0.09581150114536285,0
0,0.09581150114536285,0
0,0.09581150114536285,0
0,0.09581150114536285,0
0,0.09581150114536285,0
0,0.09581150114536285,0
0,0.09581150114536285,0
0,0.09581150114536285,0
0,0.09581150114536285,0
0,0.09581150114536285,0
0,0.09581150114536285,0
0,0.09581150114536285,0
0,0.09581150114536285,0
0,0.09581150114536285,0
0,0.09581150114536285,0
0,0.09581150114536285,0
0,0.09581150114536285,0
0,0.09581150114536285,0
0,0.09581150114536285,0
0,0.09581150114536285,0
0,0.09581150114536285,0
0,0.09581150114536285,0
0,0.09581150114536285,0
0,0.09581150114536285,0
0,0.09581150114536285,0
0,0.09581150114536285,0
0,0.09581150114536285,0
0,0.09581150114536285,0
0,0.09581150114536285,0
0,0.09581150114536285,0
0,0.09581150114536285,0
0,0.09581150114536285,0
0,0.09581150114536285,0
0,0.09581150114536285,0
0,0.09581150114536285,0
0,0.09581150114536285,0
0,0.09581150114536285,0
0,0.09581150114536285,0
0,0.09581150114536285,0
0,0.09581150114536285,0
0,0.09581150114536285,0
0,0.09581150114536285,0
0,0.09581150114536285,0
0,0.09581150114536285,0
0,0.09581150114536285,0
0,0.09581150114536285,0
0,0.09581150114536285,0
0,0.09581150114536285,0
0,0.09581150114536285,0
0,0.09581150114536285,0
0,0.09581150114536285,0
0,0.09581150114536285,0
0,0.09581150114536285,0
0,0.09581150114536285,0
0,0.09581150114536285,0
0,0.09581150114536285,0
0,0.09581150114536285,0
0,0.09581150114536285,0
0,0.09581150114536285,0
0,0.09581150114536285,0
0,0.09581150114536285,0
0,0.09581150114536285,0
0,0.09581150114536285,0
0,0.09581150114536285,0
0,0.09581150114536285,0
0,0.09581150114536285,0
0,0.09581150114536285,0
0,0.09581150114536285,0
0,0.09581150114536285,0
0,0.09581150114536285,0
0,0.09581150114536285,0
0,0.09581150114536285,0
0,0.09581150114536285,0
0,0.09581150114536285,0
0,0.09581150114536285,0
0,0.09581150114536285,0
0,0.09581150114536285,0
0,0.09581150114536285,0
0,0.09581150114536285,0
0,0.09581150114536285,0
0,0.09581150114536285,0
0,0.09581150114536285,0
0,0.09581150114536285,0
0,0.09581150114536285,0
0,0.09581150114536285,0
0,0.09581150114536285,0
0,0.09581150114536285,0
0,0.09581150114536285,0
0,0.09581150114536285,0
0,0.09581150114536285,0
0,0.09581150114536285,0
0,0.09581150114536285,0
0,0.09581150114536285,0
0,0.09581150114536285,0
0,0.09581150114536285,0
0,0.09581150114536285,0
0,0.09581150114536285,0
0,0.09581150114536285,0
0,0.09581150114536285,0
0,0.09581150114536285,0
0,0.09581150114536285,0
0,0.09581150114536285,0
0,0.09581150114536285,0
0,0.09581150114536285,0
0,0.09581150114536285,0
0,0.09581150114536285,0
0,0.09581150114536285,0
0,0.09581150114536285,0
0,0.09581150114536285,0
0,0.09581150114536285,0
0,0.09581150114536285,0
0,0.09581150114536285,0
0,0.09581150114536285,0
0,0.09581150114536285,0
0,0.09581150114536285,0
0,0.09581150114536285,0
0,0.09581150114536285,0
0,0.09581150114536285,0
0,0.09581150114536285,0
0,0.09581150114536285,0
0,0.09581150114536285,0
0,0.09581150114536285,0
0,0.09581150114536285,0
0,0.09581150114536285,0
0,0.09581150114536285,0
0,0.09581150114536285,0
0,0.09581150114536285,0
0,0.09581150114536285,0
0,0.09581150114536285,0
0,0.09581150114536285,0
0,0.09581150114536285,0
0,0.09581150114536285,0
0,0.09581150114536285,0
0,0.09581150114536285,0
0,0.09581150114536285,0
0,0.09581150114536285,0
0,0.09581150114536285,0
0,0.09581150114536285,0
0,0.09581150114536285,0
0,0.09581150114536285,0
0,0.09581150114536285,0
0,0.09581150114536285,0
0,0.09581150114536285,0
0,0.09581150114536285,0
0,0.09581150114536285,0
0,0.09581150114536285,0
0,0.09581150114536285,0
0,0.09581150114536285,0
0,0.09581150114536285,0
0,0.09581150114536285,0
0,0.09581150114536285,0
0,0.09581150114536285,0
0,0.09581150114536285,0
0,0.09581150114536285,0
0,0.09581150114536285,0
0,0.09581150114536285,0
0,0.09581150114536285,0
0,0.09581150114536285,0
0,0.09581150114536285,0
0,0.09581150114536285,0
0,0.09581150114536285,0
0,0.09581150114536285,0
0,0.09581150114536285,0
0,0.09581150114536285,0
0,0.09581150114536285,0
0,0.09581150114536285,0
0,0.09581150114536285,0
0,0.09581150114536285,0
0,0.09581150114536285,0
0,0.09581150114536285,0
0,0.09581150114536285,0
0,0.09581150114536285,0
0,0.09581150114536285,0
0,0.09581150114536285,0
0,0.09581150114536285,0
0,0.09581150114536285,0
0,0.09581150114536285,0
0,0.09581150114536285,0
0,0.09581150114536285,0
0,0.09581150114536285,0
0,0.09581150114536285,0
0,0.09581150114536285,0
0,0.09581150114536285,0
0,0.09581150114536285,0
0,0.09581150114536285,0
0,0.09581150114536285,0
0,0.09581150114536285,0
0,0.09581150114536285,0
0,0.09581150114536285,0
0,0.09581150114536285,0
0,0.09581150114536285,0
0,0.09581150114536285,0
0,0.09581150114536285,0
0,0.09581150114536285,0
0,0.09581150114536285,0
0,0.09581150114536285,0
0,0.09581150114536285,0
0,0.09581150114536285,0
0,0.09581150114536285,0
0,0.09581150114536285,0
0,0.09581150114536285,0
0,0.09581150114536285,0
0,0.09581150114536285,0
0,0.09581150114536285,0
0,0.09581150114536285,0
0,0.09581150114536285,0
0,0.09581150114536285,0
0,0.09581150114536285,0
0,0.09581150114536285,0
0,0.09581150114536285,0
0,0.09581150114536285,0
0,0.09581150114536285,0
0,0.09581150114536285,0
0,0.09581150114536285,0
0,0.09581150114536285,0
0,0.09581150114536285,0
0,0.09581150114536285,0
0,0.09581150114536285,0
0,0.09581150114536285,0
0,0.09581150114536285,0
0,0.09581150114536285,0
0,0.09581150114536285,0
0,0.09581150114536285,0
0,0.09581150114536285,0
0,0.09581150114536285,0
0,0.09581150114536285,0
0,0.09581150114536285,0
0,0.09581150114536285,0
0,0.09581150114536285,0
0,0.09581150114536285,0
0,0.09581150114536285,0
0,0.09581150114536285,0
0,0.09581150114536285,0
0,0.09581150114536285,0
0,0.09581150114536285,0
0,0.09581150114536285,0
0,0.09581150114536285,0
0,0.09581150114536285,0
0,0.09581150114536285,0
0,0.09581150114536285,0
0,0.09581150114536285,0
0,0.09581150114536285,0
0,0.09581150114536285,0
0,0.09581150114536285,0
0,0.09581150114536285,0
0,0.09581150114536285,0
0,0.09581150114536285,0
0,0.09581150114536285,0
0,0.09581150114536285,0
0,0.09581150114536285,0
0,0.09581150114536285,0
0,0.09581150114536285,0
0,0.09581150114536285,0
0,0.09581150114536285,0
0,0.09581150114536285,0
0,0.09581150114536285,0
0,0.09581150114536285,0
0,0.09581150114536285,0
0,0.09581150114536285,0
0,0.09581150114536285,0
0,0.09581150114536285,0
0,0.09581150114536285,0
0,0.09581150114536285,0
0,0.09581150114536285,0
0,0.09581150114536285,0
0,0.09581150114536285,0
0,0.09581150114536285,0
0,0.09581150114536285,0
0,0.09581150114536285,0
0,0.09581150114536285,0
0,0.09581150114536285,0
0,0.09581150114536285,0
0,0.09581150114536285,0
0,0.09581150114536285,0
0,0.09581150114536285,0
0,0.09581150114536285,0
0,0.09581150114536285,0
0,0.09581150114536285,0
0,0.09581150114536285,0
0,0.09581150114536285,0
0,0.09581150114536285,0
0,0.09581150114536285,0
0,0.09581150114536285,0
0,0.09581150114536285,0
0,0.09581150114536285,0
0,0.09581150114536285,0
0,0.09581150114536285,0
0,0.09581150114536285,0
0,0.09581150114536285,0
0,0.09581150114536285,0
0,0.09581150114536285,0
0,0.09581150114536285,0
0,0.09581150114536285,0
0,0.09581150114536285,0
0,0.09581150114536285,0
0,0.09581150114536285,0
0,0.09581150114536285,0
0,0.09581150114536285,0
0,0.09581150114536285,0
0,0.09581150114536285,0
0,0.09581150114536285,0
0,0.09581150114536285,0
0,0.09581150114536285,0
0,0.09581150114536285,0
0,0.09581150114536285,0
0,0.09581150114536285,0
0,0.09581150114536285,0
0,0.09581150114536285,0
0,0.09581150114536285,0
0,0.09581150114536285,0
0,0.09581150114536285,0
0,0.09581150114536285,0
0,0.09581150114536285,0
0,0.09581150114536285,0
0,0.09581150114536285,0
0,0.09581150114536285,0
0,0.09581150114536285,0
0,0.09581150114536285,0
0,0.09581150114536285,0
0,0.09581150114536285,0
0,0.09581150114536285,0
0,0.09581150114536285,0
0,0.09581150114536285,0
0,0.09581150114536285,0
0,0.09581150114536285,0
0,0.09581150114536285,0
0,0.09581150114536285,0
0,0.09581150114536285,0
0,0.09581150114536285,0
0,0.09581150114536285,0
0,0.09581150114536285,0
0,0.09581150114536285,0
0,0.09581150114536285,0
0,0.09581150114536285,0
0,0.09581150114536285,0
0,0.09581150114536285,0
0,0.09581150114536285,0
0,0.09581150114536285,0
0,0.09581150114536285,0
0,0.09581150114536285,0
0,0.09581150114536285,0
0,0.09581150114536285,0
0,0.09581150114536285,0
0,0.09581150114536285,0
0,0.09581150114536285,0
0,0.09581150114536285,0
0,0.09581150114536285,0
0,0.09581150114536285,0
0,0.09581150114536285,0
0,0.09581150114536285,0
0,0.09581150114536285,0
0,0.09581150114536285,0
0,0.09581150114536285,0
0,0.09581150114536285,0
0,0.09581150114536285,0
0,0.09581150114536285,0
0,0.09581150114536285,0
0,0.09581150114536285,0
0,0.09581150114536285,0
0,0.09581150114536285,0
0,0.09581150114536285,0
0,0.09581150114536285,0
0,0.09581150114536285,0
0,0.09581150114536285,0
0,0.09581150114536285,0
0,0.09581150114536285,0
0,0.09581150114536285,0
0,0.09581150114536285,0
0,0.09581150114536285,0
0,0.09581150114536285,0
0,0.09581150114536285,0
0,0.09581150114536285,0
0,0.09581150114536285,0
0,0.09581150114536285,0
0,0.09581150114536285,0
0,0.09581150114536285,0
0,0.09581150114536285,0
0,0.09581150114536285,0
0,0.09581150114536285,0
0,0.09581150114536285,0
0,0.09581150114536285,0
0,0.09581150114536285,0
0,0.09581150114536285,0
0,0.09581150114536285,0
0,0.09581150114536285,0
0,0.09581150114536285,0
0,0.09581150114536285,0
0,0.09581150114536285,0
0,0.09581150114536285,0
0,0.09581150114536285,0
0,0.09581150114536285,0
0,0.09581150114536285,0
0,0.09581150114536285,0
0,0.09581150114536285,0
0,0.09581150114536285,0
0,0.09581150114536285,0
0,0.09581150114536285,0
0,0.09581150114536285,0
0,0.09581150114536285,0
0,0.09581150114536285,0
0,0.09581150114536285,0
0,0.09581150114536285,0
0,0.09581150114536285,0
0,0.09581150114536285,0
0,0.09581150114536285,0
0,0.09581150114536285,0
0,0.09581150114536285,0
0,0.09581150114536285,0
0,0.09581150114536285,0
0,0.09581150114536285,0
0,0.09581150114536285,0
0,0.09581150114536285,0
0,0.09581150114536285,0
0,0.09581150114536285,0
0,0.09581150114536285,0
0,0.09581150114536285,0
0,0.09581150114536285,0
0,0.09581150114536285,0
0,0.09581150114536285,0
0,0.09581150114536285,0
0,0.09581150114536285,0
0,0.09581150114536285,0
0,0.09581150114536285,0
0,0.09581150114536285,0
0,0.09581150114536285,0
0,0.09581150114536285,0
0,0.09581150114536285,0
0,0.09581150114536285,0
0,0.09581150114536285,0
0,0.09581150114536285,0
0,0.09581150114536285,0
0,0.09581150114536285,0
0,0.09581150114536285,0
0,0.09581150114536285,0
0,0.09581150114536285,0
0,0.09581150114536285,0
0,0.09581150114536285,0
0,0.09581150114536285,0
0,0.09581150114536285,0
0,0.09581150114536285,0
0,0.09581150114536285,0
0,0.09581150114536285,0
0,0.09581150114536285,0
0,0.09581150114536285,0
0,0.09581150114536285,0
0,0.09581150114536285,0
0,0.09581150114536285,0
0,0.09581150114536285,0
0,0.09581150114536285,0
0,0.09581150114536285,0
0,0.09581150114536285,0
0,0.09581150114536285,0
0,0.09581150114536285,0
0,0.09581150114536285,0
0,0.09581150114536285,0
0,0.09581150114536285,0
0,0.09581150114536285,0
0,0.09581150114536285,0
0,0.09581150114536285,0
0,0.09581150114536285,0
0,0.09581150114536285,0
0,0.09581150114536285,0
0,0.09581150114536285,0
0,0.09581150114536285,0
0,0.09581150114536285,0
0,0.09581150114536285,0
0,0.09581150114536285,0
0,0.09581150114536285,0
0,0.09581150114536285,0
0,0.09581150114536285,0
0,0.09581150114536285,0
0,0.09581150114536285,0
0,0.09581150114536285,0
0,0.09581150114536285,0
0,0.09581150114536285,0
0,0.09581150114536285,0
0,0.09581150114536285,0
0,0.09581150114536285,0
0,0.09581150114536285,0
0,0.09581150114536285,0
0,0.09581150114536285,0
0,0.09581150114536285,0
0,0.09581150114536285,0
0,0.09581150114536285,0
0,0.09581150114536285,0
0,0.09581150114536285,0
0,0.09581150114536285,0
0,0.09581150114536285,0
0,0.09581150114536285,0
0,0.09581150114536285,0
0,0.09581150114536285,0
0,0.09581150114536285,0
0,0.09581150114536285,0
0,0.09581150114536285,0
0,0.09581150114536285,0
0,0.09581150114536285,0
0,0.09581150114536285,0
0,0.09581150114536285,0
0,0.09581150114536285,0
0,0.09581150114536285,0
0,0.09581150114536285,0
0,0.09581150114536285,0
0,0.09581150114536285,0
0,0.09581150114536285,0
0,0.09581150114536285,0
0,0.09581150114536285,0
0,0.09581150114536285,0
0,0.09581150114536285,0
0,0.09581150114536285,0
0,0.09581150114536285,0
0,0.09581150114536285,0
0,0.09581150114536285,0
0,0.09581150114536285,0
0,0.09581150114536285,0
0,0.09581150114536285,0
0,0.09581150114536285,0
0,0.09581150114536285,0
0,0.09581150114536285,0
0,0.09581150114536285,0
0,0.09581150114536285,0
0,0.09581150114536285,0
0,0.09581150114536285,0
0,0.09581150114536285,0
0,0.09581150114536285,0
0,0.09581150114536285,0
0,0.09581150114536285,0
0,0.09581150114536285,0
0,0.09581150114536285,0
0,0.09581150114536285,0
0,0.09581150114536285,0
0,0.09581150114536285,0
0,0.09581150114536285,0
0,0.09581150114536285,0
0,0.09581150114536285,0
0,0.09581150114536285,0
0,0.09581150114536285,0
0,0.09581150114536285,0
0,0.09581150114536285,0
0,0.09581150114536285,0
0,0.09581150114536285,0
0,0.09581150114536285,0
0,0.09581150114536285,0
0,0.09581150114536285,0
0,0.09581150114536285,0
0,0.09581150114536285,0
0,0.09581150114536285,0
0,0.09581150114536285,0
0,0.09581150114536285,0
0,0.09581150114536285,0
0,0.09581150114536285,0
0,0.09581150114536285,0
0,0.09581150114536285,0
0,0.09581150114536285,0
0,0.09581150114536285,0
0,0.09581150114536285,0
0,0.09581150114536285,0
0,0.09581150114536285,0
0,0.09581150114536285,0
0,0.09581150114536285,0
0,0.09581150114536285,0
0,0.09581150114536285,0
0,0.09581150114536285,0
0,0.09581150114536285,0
0,0.09581150114536285,0
0,0.09581150114536285,0
0,0.09581150114536285,0
0,0.09581150114536285,0
0,0.09581150114536285,0
0,0.09581150114536285,0
0,0.09581150114536285,0
0,0.09581150114536285,0
0,0.09581150114536285,0
0,0.09581150114536285,0
0,0.09581150114536285,0
0,0.09581150114536285,0
0,0.09581150114536285,0
0,0.09581150114536285,0
0,0.09581150114536285,0
0,0.09581150114536285,0
0,0.09581150114536285,0
0,0.09581150114536285,0
0,0.09581150114536285,0
0,0.09581150114536285,0
0,0.09581150114536285,0
0,0.09581150114536285,0
0,0.09581150114536285,0
0,0.09581150114536285,0
0,0.09581150114536285,0
0,0.09581150114536285,0
0,0.09581150114536285,0
0,0.09581150114536285,0
0,0.09581150114536285,0
0,0.09581150114536285,0
0,0.09581150114536285,0
0,0.09581150114536285,0
0,0.09581150114536285,0
0,0.09581150114536285,0
0,0.09581150114536285,0
0,0.09581150114536285,0
0,0.09581150114536285,0
0,0.09581150114536285,0
0,0.09581150114536285,0
0,0.09581150114536285,0
0,0.09581150114536285,0
0,0.09581150114536285,0
0,0.09581150114536285,0
0,0.09581150114536285,0
0,0.09581150114536285,0
0,0.09581150114536285,0
0,0.09581150114536285,0
0,0.09581150114536285,0
0,0.09581150114536285,0
0,0.09581150114536285,0
0,0.09581150114536285,0
0,0.09581150114536285,0
0,0.09581150114536285,0
0,0.09581150114536285,0
0,0.09581150114536285,0
0,0.09581150114536285,0
0,0.09581150114536285,0
0,0.09581150114536285,0
0,0.09581150114536285,0
0,0.09581150114536285,0
0,0.09581150114536285,0
0,0.09581150114536285,0
0,0.09581150114536285,0
0,0.09581150114536285,0
0,0.09581150114536285,0
0,0.09581150114536285,0
0,0.09581150114536285,0
0,0.09581150114536285,0
0,0.09581150114536285,0
0,0.09581150114536285,0
0,0.09581150114536285,0
0,0.09581150114536285,0
0,0.09581150114536285,0
0,0.09581150114536285,0
0,0.09581150114536285,0
0,0.09581150114536285,0
0,0.09581150114536285,0
0,0.09581150114536285,0
0,0.09581150114536285,0
0,0.09581150114536285,0
0,0.09581150114536285,0
0,0.09581150114536285,0
0,0.09581150114536285,0
0,0.09581150114536285,0
0,0.09581150114536285,0
0,0.09581150114536285,0
0,0.09581150114536285,0
0,0.09581150114536285,0
0,0.09581150114536285,0
0,0.09581150114536285,0
0,0.09581150114536285,0
0,0.09581150114536285,0
0,0.09581150114536285,0
0,0.09581150114536285,0
0,0.09581150114536285,0
0,0.09581150114536285,0
0,0.09581150114536285,0
0,0.09581150114536285,0
0,0.09581150114536285,0
0,0.09581150114536285,0
0,0.09581150114536285,0
0,0.09581150114536285,0
0,0.09581150114536285,0
0,0.09581150114536285,0
0,0.09581150114536285,0
0,0.09581150114536285,0
0,0.09581150114536285,0
0,0.09581150114536285,0
0,0.09581150114536285,0
0,0.09581150114536285,0
0,0.09581150114536285,0
0,0.09581150114536285,0
0,0.09581150114536285,0
0,0.09581150114536285,0
0,0.09581150114536285,0
0,0.09581150114536285,0
0,0.09581150114536285,0
0,0.09581150114536285,0
0,0.09581150114536285,0
0,0.09581150114536285,0
0,0.09581150114536285,0
0,0.09581150114536285,0
0,0.09581150114536285,0
0,0.09581150114536285,0
0,0.09581150114536285,0
0,0.09581150114536285,0
0,0.09581150114536285,0
0,0.09581150114536285,0
0,0.09581150114536285,0
0,0.09581150114536285,0
0,0.09581150114536285,0
0,0.09581150114536285,0
0,0.09581150114536285,0
0,0.09581150114536285,0
0,0.09581150114536285,0
0,0.09581150114536285,0
0,0.09581150114536285,0
0,0.09581150114536285,0
0,0.09581150114536285,0
0,0.09581150114536285,0
0,0.09581150114536285,0
0,0.09581150114536285,0
0,0.09581150114536285,0
0,0.09581150114536285,0
0,0.09581150114536285,0
0,0.09581150114536285,0
0,0.09581150114536285,0
0,0.09581150114536285,0
0,0.09581150114536285,0
0,0.09581150114536285,0
0,0.09581150114536285,0
0,0.09581150114536285,0
0,0.09581150114536285,0
0,0.09581150114536285,0
0,0.09581150114536285,0
0,0.09581150114536285,0
0,0.09581150114536285,0
0,0.09581150114536285,0
0,0.09581150114536285,0
0,0.09581150114536285,0
0,0.09581150114536285,0
0,0.09581150114536285,0
0,0.09581150114536285,0
0,0.09581150114536285,0
0,0.09581150114536285,0
0,0.09581150114536285,0
0,0.09581150114536285,0
0,0.09581150114536285,0
0,0.09581150114536285,0
0,0.09581150114536285,0
0,0.09581150114536285,0
0,0.09581150114536285,0
0,0.09581150114536285,0
0,0.09581150114536285,0
0,0.09581150114536285,0
0,0.09581150114536285,0
0,0.09581150114536285,0
0,0.09581150114536285,0
0,0.09581150114536285,0
0,0.09581150114536285,0
0,0.09581150114536285,0
0,0.09581150114536285,0
0,0.09581150114536285,0
0,0.09581150114536285,0
0,0.09581150114536285,0
0,0.09581150114536285,0
0,0.09581150114536285,0
0,0.09581150114536285,0
0,0.09581150114536285,0
0,0.09581150114536285,0
0,0.09581150114536285,0
0,0.09581150114536285,0
0,0.09581150114536285,0
0,0.09581150114536285,0
0,0.09581150114536285,0
0,0.09581150114536285,0
0,0.09581150114536285,0
0,0.09581150114536285,0
0,0.09581150114536285,0
0,0.09581150114536285,0
0,0.09581150114536285,0
0,0.09581150114536285,0
0,0.09581150114536285,0
0,0.09581150114536285,0
0,0.09581150114536285,0
0,0.09581150114536285,0
0,0.09581150114536285,0
0,0.09581150114536285,0
0,0.09581150114536285,0
0,0.09581150114536285,0
0,0.09581150114536285,0
0,0.09581150114536285,0
0,0.09581150114536285,0
0,0.09581150114536285,0
0,0.09581150114536285,0
0,0.09581150114536285,0
0,0.09581150114536285,0
0,0.09581150114536285,0
0,0.09581150114536285,0
0,0.09581150114536285,0
0,0.09581150114536285,0
0,0.09581150114536285,0
0,0.09581150114536285,0
0,0.09581150114536285,0
0,0.09581150114536285,0
0,0.09581150114536285,0
0,0.09581150114536285,0
0,0.09581150114536285,0
0,0.09581150114536285,0
0,0.09581150114536285,0
0,0.09581150114536285,0
0,0.09581150114536285,0
0,0.09581150114536285,0
0,0.09581150114536285,0
0,0.09581150114536285,0
0,0.09581150114536285,0
0,0.09581150114536285,0
0,0.09581150114536285,0
0,0.09581150114536285,0
0,0.09581150114536285,0
0,0.09581150114536285,0
0,0.09581150114536285,0
0,0.09581150114536285,0
0,0.09581150114536285,0
0,0.09581150114536285,0
0,0.09581150114536285,0
0,0.09581150114536285,0
0,0.09581150114536285,0
0,0.09581150114536285,0
0,0.09581150114536285,0
0,0.09581150114536285,0
0,0.09581150114536285,0
0,0.09581150114536285,0
0,0.09581150114536285,0
0,0.09581150114536285,0
0,0.09581150114536285,0
0,0.09581150114536285,0
0,0.09581150114536285,0
0,0.09581150114536285,0
0,0.09581150114536285,0
0,0.09581150114536285,0
0,0.09581150114536285,0
0,0.09581150114536285,0
0,0.09581150114536285,0
0,0.09581150114536285,0
0,0.09581150114536285,0
0,0.09581150114536285,0
0,0.09581150114536285,0
0,0.09581150114536285,0
0,0.09581150114536285,0
0,0.09581150114536285,0
0,0.09581150114536285,0
0,0.09581150114536285,0
0,0.09581150114536285,0
0,0.09581150114536285,0
0,0.09581150114536285,0
0,0.09581150114536285,0
0,0.09581150114536285,0
0,0.09581150114536285,0
0,0.09581150114536285,0
0,0.09581150114536285,0
0,0.09581150114536285,0
0,0.09581150114536285,0
0,0.09581150114536285,0
0,0.09581150114536285,0
0,0.09581150114536285,0
0,0.09581150114536285,0
0,0.09581150114536285,0
0,0.09581150114536285,0
0,0.09581150114536285,0
0,0.09581150114536285,0
0,0.09581150114536285,0
0,0.09581150114536285,0
0,0.09581150114536285,0
0,0.09581150114536285,0
0,0.09581150114536285,0
0,0.09581150114536285,0
0,0.09581150114536285,0
0,0.09581150114536285,0
0,0.09581150114536285,0
0,0.09581150114536285,0
0,0.09581150114536285,0
0,0.09581150114536285,0
0,0.09581150114536285,0
0,0.09581150114536285,0
0,0.09581150114536285,0
0,0.09581150114536285,0
0,0.09581150114536285,0
0,0.09581150114536285,0
0,0.09581150114536285,0
0,0.09581150114536285,0
0,0.09581150114536285,0
0,0.09581150114536285,0
0,0.09581150114536285,0
0,0.09581150114536285,0
0,0.09581150114536285,0
0,0.09581150114536285,0
0,0.09581150114536285,0
0,0.09581150114536285,0
0,0.09581150114536285,0
0,0.09581150114536285,0
0,0.09581150114536285,0
0,0.09581150114536285,0
0,0.09581150114536285,0
0,0.09581150114536285,0
0,0.09581150114536285,0
0,0.09581150114536285,0
0,0.09581150114536285,0
0,0.09581150114536285,0
0,0.09581150114536285,0
0,0.09581150114536285,0
0,0.09581150114536285,0
0,0.09581150114536285,0
0,0.09581150114536285,0
0,0.09581150114536285,0
0,0.09581150114536285,0
0,0.09581150114536285,0
0,0.09581150114536285,0
0,0.09581150114536285,0
0,0.09581150114536285,0
0,0.09581150114536285,0
0,0.09581150114536285,0
0,0.09581150114536285,0
0,0.09581150114536285,0
0,0.09581150114536285,0
0,0.09581150114536285,0
0,0.09581150114536285,0
0,0.09581150114536285,0
0,0.09581150114536285,0
0,0.09581150114536285,0
0,0.09581150114536285,0
0,0.09581150114536285,0
0,0.09581150114536285,0
0,0.09581150114536285,0
0,0.09581150114536285,0
0,0.09581150114536285,0
0,0.09581150114536285,0
0,0.09581150114536285,0
0,0.09581150114536285,0
0,0.09581150114536285,0
0,0.09581150114536285,0
0,0.09581150114536285,0
0,0.09581150114536285,0
0,0.09581150114536285,0
0,0.09581150114536285,0
0,0.09581150114536285,0
0,0.09581150114536285,0
0,0.09581150114536285,0
0,0.09581150114536285,0
0,0.09581150114536285,0
0,0.09581150114536285,0
0,0.09581150114536285,0
0,0.09581150114536285,0
0,0.09581150114536285,0
0,0.09581150114536285,0
0,0.09581150114536285,0
0,0.09581150114536285,0
0,0.09581150114536285,0
0,0.09581150114536285,0
0,0.09581150114536285,0
0,0.09581150114536285,0
0,0.09581150114536285,0
0,0.09581150114536285,0
0,0.09581150114536285,0
0,0.09581150114536285,0
0,0.09581150114536285,0
0,0.09581150114536285,0
0,0.09581150114536285,0
0,0.09581150114536285,0
0,0.09581150114536285,0
0,0.09581150114536285,0
0,0.09581150114536285,0
0,0.09581150114536285,0
0,0.09581150114536285,0
0,0.09581150114536285,0
0,0.09581150114536285,0
0,0.09581150114536285,0
0,0.09581150114536285,0
0,0.09581150114536285,0
0,0.09581150114536285,0
0,0.09581150114536285,0
0,0.09581150114536285,0
0,0.09581150114536285,0
0,0.09581150114536285,0
0,0.09581150114536285,0
0,0.09581150114536285,0
0,0.09581150114536285,0
0,0.09581150114536285,0
0,0.09581150114536285,0
0,0.09581150114536285,0
0,0.09581150114536285,0
0,0.09581150114536285,0
0,0.09581150114536285,0
0,0.09581150114536285,0
0,0.09581150114536285,0
0,0.09581150114536285,0
0,0.09581150114536285,0
0,0.09581150114536285,0
0,0.09581150114536285,0
0,0.09581150114536285,0
0,0.09581150114536285,0
0,0.09581150114536285,0
0,0.09581150114536285,0
0,0.09581150114536285,0
0,0.09581150114536285,0
0,0.09581150114536285,0
0,0.09581150114536285,0
0,0.09581150114536285,0
0,0.09581150114536285,0
0,0.09581150114536285,0
0,0.09581150114536285,0
0,0.09581150114536285,0
0,0.09581150114536285,0
0,0.09581150114536285,0
0,0.09581150114536285,0
0,0.09581150114536285,0
0,0.09581150114536285,0
0,0.09581150114536285,0
0,0.09581150114536285,0
0,0.09581150114536285,0
0,0.09581150114536285,0
0,0.09581150114536285,0
0,0.09581150114536285,0
0,0.09581150114536285,0
0,0.09581150114536285,0
0,0.09581150114536285,0
0,0.09581150114536285,0
0,0.09581150114536285,0
0,0.09581150114536285,0
0,0.09581150114536285,0
0,0.09581150114536285,0
0,0.09581150114536285,0
0,0.09581150114536285,0
0,0.09581150114536285,0
0,0.09581150114536285,0
0,0.09581150114536285,0
0,0.09581150114536285,0
0,0.09581150114536285,0
0,0.09581150114536285,0
0,0.09581150114536285,0
0,0.09581150114536285,0
0,0.09581150114536285,0
0,0.09581150114536285,0
0,0.09581150114536285,0
0,0.09581150114536285,0
0,0.09581150114536285,0
0,0.09581150114536285,0
0,0.09581150114536285,0
0,0.09581150114536285,0
0,0.09581150114536285,0
0,0.09581150114536285,0
0,0.09581150114536285,0
0,0.09581150114536285,0
0,0.09581150114536285,0
0,0.09581150114536285,0
0,0.09581150114536285,0
0,0.09581150114536285,0
0,0.09581150114536285,0
0,0.09581150114536285,0
0,0.09581150114536285,0
0,0.09581150114536285,0
0,0.09581150114536285,0
0,0.09581150114536285,0
0,0.09581150114536285,0
0,0.09581150114536285,0
0,0.09581150114536285,0
0,0.09581150114536285,0
0,0.09581150114536285,0
0,0.09581150114536285,0
0,0.09581150114536285,0
0,0.09581150114536285,0
0,0.09581150114536285,0
0,0.09581150114536285,0
0,0.09581150114536285,0
0,0.09581150114536285,0
0,0.09581150114536285,0
0,0.09581150114536285,0
0,0.09581150114536285,0
0,0.09581150114536285,0
0,0.09581150114536285,0
0,0.09581150114536285,0
0,0.09581150114536285,0
0,0.09581150114536285,0
0,0.09581150114536285,0
0,0.09581150114536285,0
0,0.09581150114536285,0
0,0.09581150114536285,0
0,0.09581150114536285,0
0,0.09581150114536285,0
0,0.09581150114536285,0
0,0.09581150114536285,0
0,0.09581150114536285,0
0,0.09581150114536285,0
0,0.09581150114536285,0
0,0.09581150114536285,0
0,0.09581150114536285,0
0,0.09581150114536285,0
0,0.09581150114536285,0
0,0.09581150114536285,0
0,0.09581150114536285,0
0,0.09581150114536285,0
0,0.09581150114536285,0
0,0.09581150114536285,0
0,0.09581150114536285,0
0,0.09581150114536285,0
0,0.09581150114536285,0
0,0.09581150114536285,0
0,0.09581150114536285,0
0,0.09581150114536285,0
0,0.09581150114536285,0
0,0.09581150114536285,0
0,0.09581150114536285,0
0,0.09581150114536285,0
0,0.09581150114536285,0
0,0.09581150114536285,0
0,0.09581150114536285,0
0,0.09581150114536285,0
0,0.09581150114536285,0
0,0.09581150114536285,0
0,0.09581150114536285,0
0,0.09581150114536285,0
0,0.09581150114536285,0
0,0.09581150114536285,0
0,0.09581150114536285,0
0,0.09581150114536285,0
0,0.09581150114536285,0
0,0.09581150114536285,0
0,0.09581150114536285,0
0,0.09581150114536285,0
0,0.09581150114536285,0
0,0.09581150114536285,0
0,0.09581150114536285,0
0,0.09581150114536285,0
0,0.09581150114536285,0
0,0.09581150114536285,0
0,0.09581150114536285,0
0,0.09581150114536285,0
0,0.09581150114536285,0
0,0.09581150114536285,0
0,0.09581150114536285,0
0,0.09581150114536285,0
0,0.09581150114536285,0
0,0.09581150114536285,0
0,0.09581150114536285,0
0,0.09581150114536285,0
0,0.09581150114536285,0
0,0.09581150114536285,0
0,0.09581150114536285,0
0,0.09581150114536285,0
0,0.09581150114536285,0
0,0.09581150114536285,0
0,0.09581150114536285,0
0,0.09581150114536285,0
0,0.09581150114536285,0
0,0.09581150114536285,0
0,0.09581150114536285,0
0,0.09581150114536285,0
0,0.09581150114536285,0
0,0.09581150114536285,0
0,0.09581150114536285,0
0,0.09581150114536285,0
0,0.09581150114536285,0
0,0.09581150114536285,0
0,0.09581150114536285,0
0,0.09581150114536285,0
0,0.09581150114536285,0
0,0.09581150114536285,0
0,0.09581150114536285,0
0,0.09581150114536285,0
0,0.09581150114536285,0
0,0.09581150114536285,0
0,0.09581150114536285,0
0,0.09581150114536285,0
0,0.09581150114536285,0
0,0.09581150114536285,0
0,0.09581150114536285,0
0,0.09581150114536285,0
0,0.09581150114536285,0
0,0.09581150114536285,0
0,0.09581150114536285,0
0,0.09581150114536285,0
0,0.09581150114536285,0
0,0.09581150114536285,0
0,0.09581150114536285,0
0,0.09581150114536285,0
0,0.09581150114536285,0
0,0.09581150114536285,0
0,0.09581150114536285,0
0,0.09581150114536285,0
0,0.09581150114536285,0
0,0.09581150114536285,0
0,0.09581150114536285,0
0,0.09581150114536285,0
0,0.09581150114536285,0
0,0.09581150114536285,0
0,0.09581150114536285,0
0,0.09581150114536285,0
0,0.09581150114536285,0
0,0.09581150114536285,0
0,0.09581150114536285,0
0,0.09581150114536285,0
0,0.09581150114536285,0
0,0.09581150114536285,0
0,0.09581150114536285,0
0,0.09581150114536285,0
0,0.09581150114536285,0
0,0.09581150114536285,0
0,0.09581150114536285,0
0,0.09581150114536285,0
0,0.09581150114536285,0
0,0.09581150114536285,0
0,0.09581150114536285,0
0,0.09581150114536285,0
0,0.09581150114536285,0
0,0.09581150114536285,0
0,0.09581150114536285,0
0,0.09581150114536285,0
0,0.09581150114536285,0
0,0.09581150114536285,0
0,0.09581150114536285,0
0,0.09581150114536285,0
0,0.09581150114536285,0
0,0.09581150114536285,0
0,0.09581150114536285,0
0,0.09581150114536285,0
0,0.09581150114536285,0
0,0.09581150114536285,0
0,0.09581150114536285,0
0,0.09581150114536285,0
0,0.09581150114536285,0
0,0.09581150114536285,0
0,0.09581150114536285,0
0,0.09581150114536285,0
0,0.09581150114536285,0
0,0.09581150114536285,0
0,0.09581150114536285,0
0,0.09581150114536285,0
0,0.09581150114536285,0
0,0.09581150114536285,0
0,0.09581150114536285,0
0,0.09581150114536285,0
0,0.09581150114536285,0
0,0.09581150114536285,0
0,0.09581150114536285,0
0,0.09581150114536285,0
0,0.09581150114536285,0
0,0.09581150114536285,0
0,0.09581150114536285,0
0,0.09581150114536285,0
0,0.09581150114536285,0
0,0.09581150114536285,0
0,0.09581150114536285,0
0,0.09581150114536285,0
0,0.09581150114536285,0
0,0.09581150114536285,0
0,0.09581150114536285,0
0,0.09581150114536285,0
0,0.09581150114536285,0
0,0.09581150114536285,0
0,0.09581150114536285,0
0,0.09581150114536285,0
0,0.09581150114536285,0
0,0.09581150114536285,0
0,0.09581150114536285,0
0,0.09581150114536285,0
0,0.09581150114536285,0
0,0.09581150114536285,0
0,0.09581150114536285,0
0,0.09581150114536285,0
0,0.09581150114536285,0
0,0.09581150114536285,0
0,0.09581150114536285,0
0,0.09581150114536285,0
0,0.09581150114536285,0
0,0.09581150114536285,0
0,0.09581150114536285,0
0,0.09581150114536285,0
0,0.09581150114536285,0
0,0.09581150114536285,0
0,0.09581150114536285,0
0,0.09581150114536285,0
0,0.09581150114536285,0
0,0.09581150114536285,0
0,0.09581150114536285,0
0,0.09581150114536285,0
0,0.09581150114536285,0
0,0.09581150114536285,0
0,0.09581150114536285,0
0,0.09581150114536285,0
0,0.09581150114536285,0
0,0.09581150114536285,0
0,0.09581150114536285,0
0,0.09581150114536285,0
0,0.09581150114536285,0
0,0.09581150114536285,0
0,0.09581150114536285,0
0,0.09581150114536285,0
0,0.09581150114536285,0
0,0.09581150114536285,0
0,0.09581150114536285,0
0,0.09581150114536285,0
0,0.09581150114536285,0
0,0.09581150114536285,0
0,0.09581150114536285,0
0,0.09581150114536285,0
0,0.09581150114536285,0
0,0.09581150114536285,0
0,0.09581150114536285,0
0,0.09581150114536285,0
0,0.09581150114536285,0
0,0.09581150114536285,0
0,0.09581150114536285,0
0,0.09581150114536285,0
0,0.09581150114536285,0
0,0.09581150114536285,0
0,0.09581150114536285,0
0,0.09581150114536285,0
0,0.09581150114536285,0
0,0.09581150114536285,0
0,0.09581150114536285,0
0,0.09581150114536285,0
0,0.09581150114536285,0
0,0.09581150114536285,0
0,0.09581150114536285,0
0,0.09581150114536285,0
0,0.09581150114536285,0
0,0.09581150114536285,0
0,0.09581150114536285,0
0,0.09581150114536285,0
0,0.09581150114536285,0
0,0.09581150114536285,0
0,0.09581150114536285,0
0,0.09581150114536285,0
0,0.09581150114536285,0
0,0.09581150114536285,0
0,0.09581150114536285,0
0,0.09581150114536285,0
0,0.09581150114536285,0
0,0.09581150114536285,0
0,0.09581150114536285,0
0,0.09581150114536285,0
0,0.09581150114536285,0
0,0.09581150114536285,0
0,0.09581150114536285,0
0,0.09581150114536285,0
0,0.09581150114536285,0
0,0.09581150114536285,0
0,0.09581150114536285,0
0,0.09581150114536285,0
0,0.09581150114536285,0
0,0.09581150114536285,0
0,0.09581150114536285,0
0,0.09581150114536285,0
0,0.09581150114536285,0
0,0.09581150114536285,0
0,0.09581150114536285,0
0,0.09581150114536285,0
0,0.09581150114536285,0
0,0.09581150114536285,0
0,0.09581150114536285,0
0,0.09581150114536285,0
0,0.09581150114536285,0
0,0.09581150114536285,0
0,0.09581150114536285,0
0,0.09581150114536285,0
0,0.09581150114536285,0
0,0.09581150114536285,0
0,0.09581150114536285,0
0,0.09581150114536285,0
0,0.09581150114536285,0
0,0.09581150114536285,0
0,0.09581150114536285,0
0,0.09581150114536285,0
0,0.09581150114536285,0
0,0.09581150114536285,0
0,0.09581150114536285,0
0,0.09581150114536285,0
0,0.09581150114536285,0
0,0.09581150114536285,0
0,0.09581150114536285,0
0,0.09581150114536285,0
0,0.09581150114536285,0
0,0.09581150114536285,0
0,0.09581150114536285,0
0,0.09581150114536285,0
0,0.09581150114536285,0
0,0.09581150114536285,0
0,0.09581150114536285,0
0,0.09581150114536285,0
0,0.09581150114536285,0
0,0.09581150114536285,0
0,0.09581150114536285,0
0,0.09581150114536285,0
0,0.09581150114536285,0
0,0.09581150114536285,0
0,0.09581150114536285,0
0,0.09581150114536285,0
0,0.09581150114536285,0
0,0.09581150114536285,0
0,0.09581150114536285,0
0,0.09581150114536285,0
0,0.09581150114536285,0
0,0.09581150114536285,0
0,0.09581150114536285,0
0,0.09581150114536285,0
0,0.09581150114536285,0
0,0.09581150114536285,0
0,0.09581150114536285,0
0,0.09581150114536285,0
0,0.09581150114536285,0
0,0.09581150114536285,0
0,0.09581150114536285,0
0,0.09581150114536285,0
0,0.09581150114536285,0
0,0.09581150114536285,0
0,0.09581150114536285,0
0,0.09581150114536285,0
0,0.09581150114536285,0
0,0.09581150114536285,0
0,0.09581150114536285,0
0,0.09581150114536285,0
0,0.09581150114536285,0
0,0.09581150114536285,0
0,0.09581150114536285,0
0,0.09581150114536285,0
0,0.09581150114536285,0
0,0.09581150114536285,0
0,0.09581150114536285,0
0,0.09581150114536285,0
0,0.09581150114536285,0
0,0.09581150114536285,0
0,0.09581150114536285,0
0,0.09581150114536285,0
0,0.09581150114536285,0
0,0.09581150114536285,0
0,0.09581150114536285,0
0,0.09581150114536285,0
0,0.09581150114536285,0
0,0.09581150114536285,0
0,0.09581150114536285,0
0,0.09581150114536285,0
0,0.09581150114536285,0
0,0.09581150114536285,0
0,0.09581150114536285,0
0,0.09581150114536285,0
0,0.09581150114536285,0
0,0.09581150114536285,0
0,0.09581150114536285,0
0,0.09581150114536285,0
0,0.09581150114536285,0
0,0.09581150114536285,0
0,0.09581150114536285,0
0,0.09581150114536285,0
0,0.09581150114536285,0
0,0.09581150114536285,0
0,0.09581150114536285,0
0,0.09581150114536285,0
0,0.09581150114536285,0
0,0.09581150114536285,0
0,0.09581150114536285,0
0,0.09581150114536285,0
0,0.09581150114536285,0
0,0.09581150114536285,0
0,0.09581150114536285,0
0,0.09581150114536285,0
0,0.09581150114536285,0
0,0.09581150114536285,0
0,0.09581150114536285,0
0,0.09581150114536285,0
0,0.09581150114536285,0
0,0.09581150114536285,0
0,0.09581150114536285,0
0,0.09581150114536285,0
0,0.09581150114536285,0
0,0.09581150114536285,0
0,0.09581150114536285,0
0,0.09581150114536285,0
0,0.09581150114536285,0
0,0.09581150114536285,0
0,0.09581150114536285,0
0,0.09581150114536285,0
0,0.09581150114536285,0
0,0.09581150114536285,0
0,0.09581150114536285,0
0,0.09581150114536285,0
0,0.09581150114536285,0
0,0.09581150114536285,0
0,0.09581150114536285,0
0,0.09581150114536285,0
0,0.09581150114536285,0
0,0.09581150114536285,0
0,0.09581150114536285,0
0,0.09581150114536285,0
0,0.09581150114536285,0
0,0.09581150114536285,0
0,0.09581150114536285,0
0,0.09581150114536285,0
0,0.09581150114536285,0
0,0.09581150114536285,0
0,0.09581150114536285,0
0,0.09581150114536285,0
0,0.09581150114536285,0
0,0.09581150114536285,0
0,0.09581150114536285,0
0,0.09581150114536285,0
0,0.09581150114536285,0
0,0.09581150114536285,0
0,0.09581150114536285,0
0,0.09581150114536285,0
0,0.09581150114536285,0
0,0.09581150114536285,0
0,0.09581150114536285,0
0,0.09581150114536285,0
0,0.09581150114536285,0
0,0.09581150114536285,0
0,0.09581150114536285,0
0,0.09581150114536285,0
0,0.09581150114536285,0
0,0.09581150114536285,0
0,0.09581150114536285,0
0,0.09581150114536285,0
0,0.09581150114536285,0
0,0.09581150114536285,0
0,0.09581150114536285,0
0,0.09581150114536285,0
0,0.09581150114536285,0
0,0.09581150114536285,0
0,0.09581150114536285,0
0,0.09581150114536285,0
0,0.09581150114536285,0
0,0.09581150114536285,0
0,0.09581150114536285,0
0,0.09581150114536285,0
0,0.09581150114536285,0
0,0.09581150114536285,0
0,0.09581150114536285,0
0,0.09581150114536285,0
0,0.09581150114536285,0
0,0.09581150114536285,0
0,0.09581150114536285,0
0,0.09581150114536285,0
0,0.09581150114536285,0
0,0.09581150114536285,0
0,0.09581150114536285,0
0,0.09581150114536285,0
0,0.09581150114536285,0
0,0.09581150114536285,0
0,0.09581150114536285,0
0,0.09581150114536285,0
0,0.09581150114536285,0
0,0.09581150114536285,0
0,0.09581150114536285,0
0,0.09581150114536285,0
0,0.09581150114536285,0
0,0.09581150114536285,0
0,0.09581150114536285,0
0,0.09581150114536285,0
0,0.09581150114536285,0
0,0.09581150114536285,0
0,0.09581150114536285,0
0,0.09581150114536285,0
0,0.09581150114536285,0
0,0.09581150114536285,0
0,0.09581150114536285,0
0,0.09581150114536285,0
0,0.09581150114536285,0
0,0.09581150114536285,0
0,0.09581150114536285,0
0,0.09581150114536285,0
0,0.09581150114536285,0
0,0.09581150114536285,0
0,0.09581150114536285,0
0,0.09581150114536285,0
0,0.09581150114536285,0
0,0.09581150114536285,0
0,0.09581150114536285,0
0,0.09581150114536285,0
0,0.09581150114536285,0
0,0.09581150114536285,0
0,0.09581150114536285,0
0,0.09581150114536285,0
0,0.09581150114536285,0
0,0.09581150114536285,0
0,0.09581150114536285,0
0,0.09581150114536285,0
0,0.09581150114536285,0
0,0.09581150114536285,0
0,0.09581150114536285,0
0,0.09581150114536285,0
0,0.09581150114536285,0
0,0.09581150114536285,0
0,0.09581150114536285,0
0,0.09581150114536285,0
0,0.09581150114536285,0
0,0.09581150114536285,0
0,0.09581150114536285,0
0,0.09581150114536285,0
0,0.09581150114536285,0
0,0.09581150114536285,0
0,0.09581150114536285,0
0,0.09581150114536285,0
0,0.09581150114536285,0
0,0.09581150114536285,0
0,0.09581150114536285,0
0,0.09581150114536285,0
0,0.09581150114536285,0
0,0.09581150114536285,0
0,0.09581150114536285,0
0,0.09581150114536285,0
0,0.09581150114536285,0
0,0.09581150114536285,0
0,0.09581150114536285,0
0,0.09581150114536285,0
0,0.09581150114536285,0
0,0.09581150114536285,0
0,0.09581150114536285,0
0,0.09581150114536285,0
0,0.09581150114536285,0
0,0.09581150114536285,0
0,0.09581150114536285,0
0,0.09581150114536285,0
0,0.09581150114536285,0
0,0.09581150114536285,0
0,0.09581150114536285,0
0,0.09581150114536285,0
0,0.09581150114536285,0
0,0.09581150114536285,0
0,0.09581150114536285,0
0,0.09581150114536285,0
0,0.09581150114536285,0
0,0.09581150114536285,0
0,0.09581150114536285,0
0,0.09581150114536285,0
0,0.09581150114536285,0
0,0.09581150114536285,0
0,0.09581150114536285,0
0,0.09581150114536285,0
0,0.09581150114536285,0
0,0.09581150114536285,0
0,0.09581150114536285,0
0,0.09581150114536285,0
0,0.09581150114536285,0
0,0.09581150114536285,0
0,0.09581150114536285,0
0,0.09581150114536285,0
0,0.09581150114536285,0
0,0.09581150114536285,0
0,0.09581150114536285,0
0,0.09581150114536285,0
0,0.09581150114536285,0
0,0.09581150114536285,0
0,0.09581150114536285,0
0,0.09581150114536285,0
0,0.09581150114536285,0
0,0.09581150114536285,0
0,0.09581150114536285,0
0,0.09581150114536285,0
0,0.09581150114536285,0
0,0.09581150114536285,0
0,0.09581150114536285,0
0,0.09581150114536285,0
0,0.09581150114536285,0
0,0.09581150114536285,0
0,0.09581150114536285,0
0,0.09581150114536285,0
0,0.09581150114536285,0
0,0.09581150114536285,0
0,0.09581150114536285,0
0,0.09581150114536285,0
0,0.09581150114536285,0
0,0.09581150114536285,0
0,0.09581150114536285,0
0,0.09581150114536285,0
0,0.09581150114536285,0
0,0.09581150114536285,0
0,0.09581150114536285,0
0,0.09581150114536285,0
0,0.09581150114536285,0
0,0.09581150114536285,0
0,0.09581150114536285,0
0,0.09581150114536285,0
0,0.09581150114536285,0
0,0.09581150114536285,0
0,0.09581150114536285,0
0,0.09581150114536285,0
0,0.09581150114536285,0
0,0.09581150114536285,0
0,0.09581150114536285,0
0,0.09581150114536285,0
0,0.09581150114536285,0
0,0.09581150114536285,0
0,0.09581150114536285,0
0,0.09581150114536285,0
0,0.09581150114536285,0
0,0.09581150114536285,0
0,0.09581150114536285,0
0,0.09581150114536285,0
0,0.09581150114536285,0
0,0.09581150114536285,0
0,0.09581150114536285,0
0,0.09581150114536285,0
0,0.09581150114536285,0
0,0.09581150114536285,0
0,0.09581150114536285,0
0,0.09581150114536285,0
0,0.09581150114536285,0
0,0.09581150114536285,0
0,0.09581150114536285,0
0,0.09581150114536285,0
0,0.09581150114536285,0
0,0.09581150114536285,0
0,0.09581150114536285,0
0,0.09581150114536285,0
0,0.09581150114536285,0
0,0.09581150114536285,0
0,0.09581150114536285,0
0,0.09581150114536285,0
0,0.09581150114536285,0
0,0.09581150114536285,0
0,0.09581150114536285,0
0,0.09581150114536285,0
0,0.09581150114536285,0
0,0.09581150114536285,0
0,0.09581150114536285,0
0,0.09581150114536285,0
0,0.09581150114536285,0
0,0.09581150114536285,0
0,0.09581150114536285,0
0,0.09581150114536285,0
0,0.09581150114536285,0
0,0.09581150114536285,0
0,0.09581150114536285,0
0,0.09581150114536285,0
0,0.09581150114536285,0
0,0.09581150114536285,0
0,0.09581150114536285,0
0,0.09581150114536285,0
0,0.09581150114536285,0
0,0.09581150114536285,0
0,0.09581150114536285,0
0,0.09581150114536285,0
0,0.09581150114536285,0
0,0.09581150114536285,0
0,0.09581150114536285,0
0,0.09581150114536285,0
0,0.09581150114536285,0
0,0.09581150114536285,0
0,0.09581150114536285,0
0,0.09581150114536285,0
0,0.09581150114536285,0
0,0.09581150114536285,0
0,0.09581150114536285,0
0,0.09581150114536285,0
0,0.09581150114536285,0
0,0.09581150114536285,0
0,0.09581150114536285,0
0,0.09581150114536285,0
0,0.09581150114536285,0
0,0.09581150114536285,0
0,0.09581150114536285,0
0,0.09581150114536285,0
0,0.09581150114536285,0
0,0.09581150114536285,0
0,0.09581150114536285,0
0,0.09581150114536285,0
0,0.09581150114536285,0
0,0.09581150114536285,0
0,0.09581150114536285,0
0,0.09581150114536285,0
0,0.09581150114536285,0
0,0.09581150114536285,0
0,0.09581150114536285,0
0,0.09581150114536285,0
0,0.09581150114536285,0
0,0.09581150114536285,0
0,0.09581150114536285,0
0,0.09581150114536285,0
0,0.09581150114536285,0
0,0.09581150114536285,0
0,0.09581150114536285,0
0,0.09581150114536285,0
0,0.09581150114536285,0
0,0.09581150114536285,0
0,0.09581150114536285,0
0,0.09581150114536285,0
0,0.09581150114536285,0
0,0.09581150114536285,0
0,0.09581150114536285,0
0,0.09581150114536285,0
0,0.09581150114536285,0
0,0.09581150114536285,0
0,0.09581150114536285,0
0,0.09581150114536285,0
0,0.09581150114536285,0
0,0.09581150114536285,0
0,0.09581150114536285,0
0,0.09581150114536285,0
0,0.09581150114536285,0
0,0.09581150114536285,0
0,0.09581150114536285,0
0,0.09581150114536285,0
0,0.09581150114536285,0
0,0.09581150114536285,0
0,0.09581150114536285,0
0,0.09581150114536285,0
0,0.09581150114536285,0
0,0.09581150114536285,0
0,0.09581150114536285,0
0,0.09581150114536285,0
0,0.09581150114536285,0
0,0.09581150114536285,0
0,0.09581150114536285,0
0,0.09581150114536285,0
0,0.09581150114536285,0
0,0.09581150114536285,0
0,0.09581150114536285,0
0,0.09581150114536285,0
0,0.09581150114536285,0
0,0.09581150114536285,0
0,0.09581150114536285,0
0,0.09581150114536285,0
0,0.09581150114536285,0
0,0.09581150114536285,0
0,0.09581150114536285,0
0,0.09581150114536285,0
0,0.09581150114536285,0
0,0.09581150114536285,0
0,0.09581150114536285,0
0,0.09581150114536285,0
0,0.09581150114536285,0
0,0.09581150114536285,0
0,0.09581150114536285,0
0,0.09581150114536285,0
0,0.09581150114536285,0
0,0.09581150114536285,0
0,0.09581150114536285,0
0,0.09581150114536285,0
0,0.09581150114536285,0
0,0.09581150114536285,0
0,0.09581150114536285,0
0,0.09581150114536285,0
0,0.09581150114536285,0
0,0.09581150114536285,0
0,0.09581150114536285,0
0,0.09581150114536285,0
0,0.09581150114536285,0
0,0.09581150114536285,0
0,0.09581150114536285,0
0,0.09581150114536285,0
0,0.6291838884353638,0
0,0.5741313695907593,0
0,0.5717309713363647,0
0,0.5668166279792786,0
0,0.5609846711158752,0
0,0.5560351610183716,0
0,0.5501806735992432,0
0,0.5379312634468079,0
0,0.5066333413124084,0
0,0.09581150114536285,0
0,0.09581150114536285,0
0,0.09581150114536285,0
0,0.09581150114536285,0
0,0.09581150114536285,0
0,0.09581150114536285,0
0,0.09581150114536285,0
0,0.09581150114536285,0
0,0.09581150114536285,0
0,0.09581150114536285,0
0,0.09581150114536285,0
0,0.09581150114536285,0
0,0.09581150114536285,0
0,0.09581150114536285,0
0,0.09581150114536285,0
0,0.09581150114536285,0
0,0.09581150114536285,0
0,0.09581150114536285,0
0,0.09581150114536285,0
0,0.09581150114536285,0
0,0.09581150114536285,0
0,0.09581150114536285,0
0,0.09581150114536285,0
0,0.09581150114536285,0
0,0.09581150114536285,0
0,0.09581150114536285,0
0,0.09581150114536285,0
0,0.09581150114536285,0
0,0.09581150114536285,0
0,0.09581150114536285,0
0,0.09581150114536285,0
0,0.09581150114536285,0
0,0.09581150114536285,0
0,0.09581150114536285,0
0,0.09581150114536285,0
0,0.09581150114536285,0
0,0.09581150114536285,0
0,0.09581150114536285,0
0,0.09581150114536285,0
0,0.09581150114536285,0
0,0.09581150114536285,0
0,0.09581150114536285,0
0,0.09581150114536285,0
0,0.09581150114536285,0
0,0.09581150114536285,0
0,0.09581150114536285,0
0,0.09581150114536285,0
0,0.09581150114536285,0
0,0.09581150114536285,0
0,0.09581150114536285,0
0,0.09581150114536285,0
0,0.09581150114536285,0
0,0.09581150114536285,0
0,0.09581150114536285,0
0,0.09581150114536285,0
0,0.09581150114536285,0
0,0.09581150114536285,0
0,0.09581150114536285,0
0,0.09581150114536285,0
0,0.09581150114536285,0
0,0.09581150114536285,0
0,0.09581150114536285,0
0,0.09581150114536285,0
0,0.09581150114536285,0
0,0.09581150114536285,0
0,0.09581150114536285,0
0,0.09581150114536285,0
0,0.09581150114536285,0
0,0.09581150114536285,0
0,0.09581150114536285,0
0,0.09581150114536285,0
0,0.09581150114536285,0
0,0.09581150114536285,0
0,0.09581150114536285,0
0,0.09581150114536285,0
0,0.09581150114536285,0
0,0.09581150114536285,0
0,0.09581150114536285,0
0,0.09581150114536285,0
0,0.09581150114536285,0
0,0.09581150114536285,0
0,0.09581150114536285,0
0,0.09581150114536285,0
0,0.09581150114536285,0
0,0.09581150114536285,0
0,0.09581150114536285,0
0,0.09581150114536285,0
0,0.09581150114536285,0
0,0.09581150114536285,0
0,0.09581150114536285,0
0,0.09581150114536285,0
0,0.09581150114536285,0
0,0.09581150114536285,0
0,0.09581150114536285,0
0,0.09581150114536285,0
0,0.09581150114536285,0
0,0.09581150114536285,0
0,0.09581150114536285,0
0,0.09581150114536285,0
0,0.09581150114536285,0
0,0.09581150114536285,0
0,0.09581150114536285,0
0,0.09581150114536285,0
0,0.09581150114536285,0
0,0.09581150114536285,0
0,0.09581150114536285,0
0,0.09581150114536285,0
0,0.09581150114536285,0
0,0.09581150114536285,0
0,0.09581150114536285,0
0,0.09581150114536285,0
0,0.09581150114536285,0
0,0.09581150114536285,0
0,0.09581150114536285,0
0,0.09581150114536285,0
0,0.09581150114536285,0
0,0.09581150114536285,0
0,0.09581150114536285,0
0,0.09581150114536285,0
0,0.09581150114536285,0
0,0.09581150114536285,0
0,0.09581150114536285,0
0,0.09581150114536285,0
0,0.09581150114536285,0
0,0.09581150114536285,0
0,0.09581150114536285,0
0,0.09581150114536285,0
0,0.09581150114536285,0
0,0.09581150114536285,0
0,0.09581150114536285,0
0,0.09581150114536285,0
0,0.09581150114536285,0
0,0.09581150114536285,0
0,0.09581150114536285,0
0,0.09581150114536285,0
0,0.09581150114536285,0
0,0.09581150114536285,0
0,0.09581150114536285,0
0,0.09581150114536285,0
0,0.09581150114536285,0
0,0.09581150114536285,0
0,0.09581150114536285,0
0,0.09581150114536285,0
0,0.09581150114536285,0
0,0.09581150114536285,0
0,0.09581150114536285,0
0,0.09581150114536285,0
0,0.09581150114536285,0
0,0.09581150114536285,0
0,0.09581150114536285,0
0,0.09581150114536285,0
0,0.09581150114536285,0
0,0.09581150114536285,0
0,0.09581150114536285,0
0,0.09581150114536285,0
0,0.09581150114536285,0
0,0.09581150114536285,0
0,0.09581150114536285,0
0,0.09581150114536285,0
0,0.09581150114536285,0
0,0.09581150114536285,0
0,0.09581150114536285,0
0,0.09581150114536285,0
0,0.09581150114536285,0
0,0.09581150114536285,0
0,0.09581150114536285,0
0,0.09581150114536285,0
0,0.09581150114536285,0
0,0.09581150114536285,0
0,0.09581150114536285,0
0,0.09581150114536285,0
0,0.09581150114536285,0
0,0.09581150114536285,0
0,0.09581150114536285,0
0,0.09581150114536285,0
0,0.09581150114536285,0
0,0.09581150114536285,0
0,0.09581150114536285,0
0,0.09581150114536285,0
0,0.09581150114536285,0
0,0.09581150114536285,0
0,0.09581150114536285,0
0,0.09581150114536285,0
0,0.09581150114536285,0
0,0.09581150114536285,0
0,0.09581150114536285,0
0,0.09581150114536285,0
0,0.09581150114536285,0
0,0.09581150114536285,0
0,0.09581150114536285,0
0,0.09581150114536285,0
0,0.09581150114536285,0
0,0.09581150114536285,0
0,0.09581150114536285,0
0,0.09581150114536285,0
0,0.09581150114536285,0
0,0.09581150114536285,0
0,0.09581150114536285,0
0,0.09581150114536285,0
0,0.09581150114536285,0
0,0.09581150114536285,0
0,0.09581150114536285,0
0,0.09581150114536285,0
0,0.09581150114536285,0
0,0.09581150114536285,0
0,0.09581150114536285,0
0,0.09581150114536285,0
0,0.09581150114536285,0
0,0.09581150114536285,0
0,0.09581150114536285,0
0,0.09581150114536285,0
0,0.09581150114536285,0
0,0.09581150114536285,0
0,0.09581150114536285,0
0,0.09581150114536285,0
0,0.09581150114536285,0
0,0.09581150114536285,0
0,0.09581150114536285,0
0,0.09581150114536285,0
0,0.09581150114536285,0
0,0.09581150114536285,0
0,0.09581150114536285,0
0,0.09581150114536285,0
0,0.09581150114536285,0
0,0.09581150114536285,0
0,0.09581150114536285,0
0,0.09581150114536285,0
0,0.09581150114536285,0
0,0.09581150114536285,0
0,0.09581150114536285,0
0,0.09581150114536285,0
0,0.09581150114536285,0
0,0.09581150114536285,0
0,0.09581150114536285,0
0,0.09581150114536285,0
0,0.09581150114536285,0
0,0.09581150114536285,0
0,0.09581150114536285,0
0,0.09581150114536285,0
0,0.09581150114536285,0
0,0.09581150114536285,0
0,0.09581150114536285,0
0,0.09581150114536285,0
0,0.09581150114536285,0
0,0.09581150114536285,0
0,0.09581150114536285,0
0,0.09581150114536285,0
0,0.09581150114536285,0
0,0.09581150114536285,0
0,0.09581150114536285,0
0,0.09581150114536285,0
0,0.09581150114536285,0
0,0.09581150114536285,0
0,0.09581150114536285,0
0,0.09581150114536285,0
0,0.09581150114536285,0
0,0.09581150114536285,0
0,0.09581150114536285,0
0,0.09581150114536285,0
0,0.09581150114536285,0
0,0.09581150114536285,0
0,0.09581150114536285,0
0,0.09581150114536285,0
0,0.09581150114536285,0
0,0.09581150114536285,0
0,0.09581150114536285,0
0,0.09581150114536285,0
0,0.09581150114536285,0
0,0.09581150114536285,0
0,0.09581150114536285,0
0,0.09581150114536285,0
0,0.09581150114536285,0
0,0.09581150114536285,0
0,0.09581150114536285,0
0,0.09581150114536285,0
0,0.09581150114536285,0
0,0.09581150114536285,0
0,0.09581150114536285,0
0,0.09581150114536285,0
0,0.09581150114536285,0
0,0.09581150114536285,0
0,0.09581150114536285,0
0,0.09581150114536285,0
0,0.09581150114536285,0
0,0.09581150114536285,0
0,0.09581150114536285,0
0,0.09581150114536285,0
0,0.09581150114536285,0
0,0.09581150114536285,0
0,0.09581150114536285,0
0,0.09581150114536285,0
0,0.09581150114536285,0
0,0.09581150114536285,0
0,0.09581150114536285,0
0,0.09581150114536285,0
0,0.09581150114536285,0
0,0.09581150114536285,0
0,0.09581150114536285,0
0,0.09581150114536285,0
0,0.09581150114536285,0
0,0.09581150114536285,0
0,0.09581150114536285,0
0,0.09581150114536285,0
0,0.09581150114536285,0
0,0.09581150114536285,0
0,0.09581150114536285,0
0,0.09581150114536285,0
0,0.09581150114536285,0
0,0.09581150114536285,0
0,0.09581150114536285,0
0,0.09581150114536285,0
0,0.09581150114536285,0
0,0.09581150114536285,0
0,0.09581150114536285,0
0,0.09581150114536285,0
0,0.09581150114536285,0
0,0.09581150114536285,0
0,0.09581150114536285,0
0,0.09581150114536285,0
0,0.09581150114536285,0
0,0.09581150114536285,0
0,0.09581150114536285,0
0,0.09581150114536285,0
0,0.09581150114536285,0
0,0.09581150114536285,0
0,0.09581150114536285,0
0,0.09581150114536285,0
0,0.09581150114536285,0
0,0.09581150114536285,0
0,0.09581150114536285,0
0,0.09581150114536285,0
0,0.09581150114536285,0
0,0.09581150114536285,0
0,0.09581150114536285,0
0,0.09581150114536285,0
0,0.09581150114536285,0
0,0.09581150114536285,0
0,0.09581150114536285,0
0,0.09581150114536285,0
0,0.09581150114536285,0
0,0.09581150114536285,0
0,0.09581150114536285,0
0,0.09581150114536285,0
0,0.09581150114536285,0
0,0.09581150114536285,0
0,0.09581150114536285,0
0,0.09581150114536285,0
0,0.09581150114536285,0
0,0.09581150114536285,0
0,0.09581150114536285,0
0,0.09581150114536285,0
0,0.09581150114536285,0
0,0.09581150114536285,0
0,0.09581150114536285,0
0,0.09581150114536285,0
0,0.09581150114536285,0
0,0.09581150114536285,0
0,0.09581150114536285,0
0,0.09581150114536285,0
0,0.09581150114536285,0
0,0.09581150114536285,0
0,0.09581150114536285,0
0,0.09581150114536285,0
0,0.09581150114536285,0
0,0.09581150114536285,0
0,0.09581150114536285,0
0,0.09581150114536285,0
0,0.09581150114536285,0
0,0.09581150114536285,0
0,0.09581150114536285,0
0,0.09581150114536285,0
0,0.09581150114536285,0
0,0.09581150114536285,0
0,0.09581150114536285,0
0,0.09581150114536285,0
0,0.09581150114536285,0
0,0.09581150114536285,0
0,0.09581150114536285,0
0,0.09581150114536285,0
0,0.09581150114536285,0
0,0.09581150114536285,0
0,0.09581150114536285,0
0,0.09581150114536285,0
0,0.09581150114536285,0
0,0.09581150114536285,0
0,0.09581150114536285,0
0,0.09581150114536285,0
0,0.09581150114536285,0
0,0.09581150114536285,0
0,0.09581150114536285,0
0,0.09581150114536285,0
0,0.09581150114536285,0
0,0.09581150114536285,0
0,0.09581150114536285,0
0,0.09581150114536285,0
0,0.09581150114536285,0
0,0.09581150114536285,0
0,0.09581150114536285,0
0,0.09581150114536285,0
0,0.09581150114536285,0
0,0.09581150114536285,0
0,0.09581150114536285,0
0,0.09581150114536285,0
0,0.09581150114536285,0
0,0.09581150114536285,0
0,0.09581150114536285,0
0,0.09581150114536285,0
0,0.09581150114536285,0
0,0.09581150114536285,0
0,0.09581150114536285,0
0,0.09581150114536285,0
0,0.09581150114536285,0
0,0.09581150114536285,0
0,0.09581150114536285,0
0,0.09581150114536285,0
0,0.09581150114536285,0
0,0.09581150114536285,0
0,0.09581150114536285,0
0,0.09581150114536285,0
0,0.09581150114536285,0
0,0.09581150114536285,0
0,0.09581150114536285,0
0,0.09581150114536285,0
0,0.09581150114536285,0
0,0.09581150114536285,0
0,0.09581150114536285,0
0,0.09581150114536285,0
0,0.09581150114536285,0
0,0.09581150114536285,0
0,0.09581150114536285,0
0,0.09581150114536285,0
0,0.09581150114536285,0
0,0.09581150114536285,0
0,0.09581150114536285,0
0,0.09581150114536285,0
0,0.09581150114536285,0
0,0.09581150114536285,0
0,0.09581150114536285,0
0,0.09581150114536285,0
0,0.09581150114536285,0
0,0.09581150114536285,0
0,0.09581150114536285,0
0,0.09581150114536285,0
0,0.09581150114536285,0
0,0.09581150114536285,0
0,0.09581150114536285,0
0,0.09581150114536285,0
0,0.09581150114536285,0
0,0.09581150114536285,0
0,0.09581150114536285,0
0,0.09581150114536285,0
0,0.09581150114536285,0
0,0.09581150114536285,0
0,0.09581150114536285,0
0,0.09581150114536285,0
0,0.09581150114536285,0
0,0.09581150114536285,0
0,0.09581150114536285,0
0,0.09581150114536285,0
0,0.09581150114536285,0
0,0.09581150114536285,0
0,0.09581150114536285,0
0,0.09581150114536285,0
0,0.09581150114536285,0
0,0.09581150114536285,0
0,0.09581150114536285,0
0,0.09581150114536285,0
0,0.09581150114536285,0
0,0.09581150114536285,0
0,0.09581150114536285,0
0,0.09581150114536285,0
0,0.09581150114536285,0
0,0.09581150114536285,0
0,0.09581150114536285,0
0,0.09581150114536285,0
0,0.09581150114536285,0
0,0.09581150114536285,0
0,0.09581150114536285,0
0,0.09581150114536285,0
0,0.09581150114536285,0
0,0.09581150114536285,0
0,0.09581150114536285,0
0,0.09581150114536285,0
0,0.09581150114536285,0
0,0.09581150114536285,0
0,0.09581150114536285,0
0,0.09581150114536285,0
0,0.09581150114536285,0
0,0.09581150114536285,0
0,0.09581150114536285,0
0,0.09581150114536285,0
0,0.09581150114536285,0
0,0.09581150114536285,0
0,0.09581150114536285,0
0,0.09581150114536285,0
0,0.09581150114536285,0
0,0.09581150114536285,0
0,0.09581150114536285,0
0,0.09581150114536285,0
0,0.09581150114536285,0
0,0.09581150114536285,0
0,0.09581150114536285,0
0,0.09581150114536285,0
0,0.09581150114536285,0
0,0.09581150114536285,0
0,0.09581150114536285,0
0,0.09581150114536285,0
0,0.09581150114536285,0
0,0.09581150114536285,0
0,0.09581150114536285,0
0,0.09581150114536285,0
0,0.09581150114536285,0
0,0.09581150114536285,0
0,0.09581150114536285,0
0,0.09581150114536285,0
0,0.09581150114536285,0
0,0.09581150114536285,0
0,0.09581150114536285,0
0,0.09581150114536285,0
0,0.09581150114536285,0
0,0.09581150114536285,0
0,0.09581150114536285,0
0,0.09581150114536285,0
0,0.09581150114536285,0
0,0.09581150114536285,0
0,0.09581150114536285,0
0,0.09581150114536285,0
0,0.09581150114536285,0
0,0.7434166669845581,0
0,0.7469439506530762,0
0,0.7541808485984802,0
0,0.7545438408851624,0
0,0.7282616496086121,0
0,0.6804725527763367,0
0,0.6562877893447876,0
0,0.6852715611457825,0
0,0.7351422905921936,0
0,0.7442667484283447,0
0,0.7101284265518188,0
0,0.6404545903205872,0
0,0.5794359445571899,0
0,0.5981054902076721,0
0,0.6770144104957581,0
0,0.7196396589279175,0
0,0.7175034880638123,0
0,0.6955389380455017,0
0,0.670813798904419,0
0,0.6545332670211792,0
0,0.6471360921859741,0
0,0.5066333413124084,0
0,0.09581150114536285,0
0,0.09581150114536285,0
0,0.09581150114536285,0
0,0.09581150114536285,0
0,0.09581150114536285,0
0,0.09581150114536285,0
0,0.09581150114536285,0
0,0.09581150114536285,0
0,0.09581150114536285,0
0,0.09581150114536285,0
0,0.09581150114536285,0
0,0.09581150114536285,0
0,0.09581150114536285,0
0,0.09581150114536285,0
0,0.09581150114536285,0
0,0.09581150114536285,0
0,0.09581150114536285,0
0,0.09581150114536285,0
0,0.09581150114536285,0
0,0.09581150114536285,0
0,0.09581150114536285,0
0,0.09581150114536285,0
0,0.09581150114536285,0
0,0.09581150114536285,0
0,0.09581150114536285,0
0,0.09581150114536285,0
0,0.09581150114536285,0
0,0.09581150114536285,0
0,0.09581150114536285,0
0,0.09581150114536285,0
0,0.09581150114536285,0
0,0.09581150114536285,0
0,0.09581150114536285,0
0,0.09581150114536285,0
0,0.09581150114536285,0
0,0.09581150114536285,0
0,0.09581150114536285,0
0,0.09581150114536285,0
0,0.09581150114536285,0
0,0.09581150114536285,0
0,0.09581150114536285,0
0,0.09581150114536285,0
0,0.09581150114536285,0
0,0.09581150114536285,0
0,0.09581150114536285,0
0,0.09581150114536285,0
0,0.09581150114536285,0
0,0.09581150114536285,0
0,0.09581150114536285,0
0,0.09581150114536285,0
0,0.09581150114536285,0
0,0.09581150114536285,0
0,0.09581150114536285,0
0,0.09581150114536285,0
0,0.09581150114536285,0
0,0.09581150114536285,0
0,0.09581150114536285,0
0,0.09581150114536285,0
0,0.09581150114536285,0
0,0.09581150114536285,0
0,0.09581150114536285,0
0,0.09581150114536285,0
0,0.09581150114536285,0
0,0.09581150114536285,0
0,0.09581150114536285,0
0,0.09581150114536285,0
0,0.09581150114536285,0
0,0.09581150114536285,0
0,0.09581150114536285,0
0,0.09581150114536285,0
0,0.09581150114536285,0
0,0.09581150114536285,0
0,0.09581150114536285,0
0,0.09581150114536285,0
0,0.09581150114536285,0
0,0.09581150114536285,0
0,0.09581150114536285,0
0,0.09581150114536285,0
0,0.09581150114536285,0
0,0.09581150114536285,0
0,0.09581150114536285,0
0,0.09581150114536285,0
0,0.09581150114536285,0
0,0.09581150114536285,0
0,0.09581150114536285,0
0,0.09581150114536285,0
0,0.09581150114536285,0
0,0.09581150114536285,0
0,0.09581150114536285,0
0,0.09581150114536285,0
0,0.09581150114536285,0
0,0.09581150114536285,0
0,0.09581150114536285,0
0,0.09581150114536285,0
0,0.09581150114536285,0
0,0.09581150114536285,0
0,0.09581150114536285,0
0,0.09581150114536285,0
0,0.09581150114536285,0
0,0.09581150114536285,0
0,0.09581150114536285,0
0,0.09581150114536285,0
0,0.09581150114536285,0
0,0.09581150114536285,0
0,0.09581150114536285,0
0,0.09581150114536285,0
0,0.09581150114536285,0
0,0.09581150114536285,0
0,0.09581150114536285,0
0,0.09581150114536285,0
0,0.09581150114536285,0
0,0.09581150114536285,0
0,0.09581150114536285,0
0,0.09581150114536285,0
0,0.09581150114536285,0
0,0.09581150114536285,0
0,0.09581150114536285,0
0,0.09581150114536285,0
0,0.09581150114536285,0
0,0.09581150114536285,0
0,0.09581150114536285,0
0,0.09581150114536285,0
0,0.09581150114536285,0
0,0.09581150114536285,0
0,0.09581150114536285,0
0,0.09581150114536285,0
0,0.09581150114536285,0
0,0.09581150114536285,0
0,0.09581150114536285,0
0,0.09581150114536285,0
0,0.09581150114536285,0
0,0.09581150114536285,0
0,0.09581150114536285,0
0,0.09581150114536285,0
0,0.09581150114536285,0
0,0.09581150114536285,0
0,0.09581150114536285,0
0,0.09581150114536285,0
0,0.09581150114536285,0
0,0.09581150114536285,0
0,0.09581150114536285,0
0,0.09581150114536285,0
0,0.09581150114536285,0
0,0.09581150114536285,0
0,0.09581150114536285,0
0,0.09581150114536285,0
0,0.09581150114536285,0
0,0.09581150114536285,0
0,0.09581150114536285,0
0,0.09581150114536285,0
0,0.09581150114536285,0
0,0.09581150114536285,0
0,0.09581150114536285,0
0,0.09581150114536285,0
0,0.09581150114536285,0
0,0.09581150114536285,0
0,0.09581150114536285,0
0,0.09581150114536285,0
0,0.09581150114536285,0
0,0.09581150114536285,0
0,0.09581150114536285,0
0,0.09581150114536285,0
0,0.09581150114536285,0
0,0.09581150114536285,0
0,0.09581150114536285,0
0,0.09581150114536285,0
0,0.09581150114536285,0
0,0.09581150114536285,0
0,0.09581150114536285,0
0,0.09581150114536285,0
0,0.09581150114536285,0
0,0.09581150114536285,0
0,0.09581150114536285,0
0,0.09581150114536285,0
0,0.09581150114536285,0
0,0.09581150114536285,0
0,0.09581150114536285,0
0,0.09581150114536285,0
0,0.09581150114536285,0
0,0.09581150114536285,0
0,0.09581150114536285,0
0,0.09581150114536285,0
0,0.09581150114536285,0
0,0.09581150114536285,0
0,0.09581150114536285,0
0,0.09581150114536285,0
0,0.09581150114536285,0
0,0.09581150114536285,0
0,0.09581150114536285,0
0,0.09581150114536285,0
0,0.09581150114536285,0
0,0.09581150114536285,0
0,0.09581150114536285,0
0,0.09581150114536285,0
0,0.09581150114536285,0
0,0.09581150114536285,0
0,0.09581150114536285,0
0,0.09581150114536285,0
0,0.09581150114536285,0
0,0.09581150114536285,0
0,0.09581150114536285,0
0,0.09581150114536285,0
0,0.09581150114536285,0
0,0.09581150114536285,0
0,0.09581150114536285,0
0,0.09581150114536285,0
0,0.09581150114536285,0
0,0.09581150114536285,0
0,0.09581150114536285,0
0,0.09581150114536285,0
0,0.09581150114536285,0
0,0.09581150114536285,0
0,0.09581150114536285,0
0,0.09581150114536285,0
0,0.09581150114536285,0
0,0.09581150114536285,0
0,0.09581150114536285,0
0,0.09581150114536285,0
0,0.09581150114536285,0
0,0.09581150114536285,0
0,0.09581150114536285,0
0,0.09581150114536285,0
0,0.09581150114536285,0
0,0.09581150114536285,0
0,0.09581150114536285,0
0,0.09581150114536285,0
0,0.09581150114536285,0
0,0.09581150114536285,0
0,0.09581150114536285,0
0,0.09581150114536285,0
0,0.09581150114536285,0
0,0.09581150114536285,0
0,0.09581150114536285,0
0,0.09581150114536285,0
0,0.09581150114536285,0
0,0.09581150114536285,0
0,0.09581150114536285,0
0,0.09581150114536285,0
0,0.09581150114536285,0
0,0.09581150114536285,0
0,0.09581150114536285,0
0,0.09581150114536285,0
0,0.09581150114536285,0
0,0.09581150114536285,0
0,0.09581150114536285,0
0,0.09581150114536285,0
0,0.09581150114536285,0
0,0.09581150114536285,0
0,0.09581150114536285,0
0,0.09581150114536285,0
0,0.09581150114536285,0
0,0.09581150114536285,0
0,0.09581150114536285,0
0,0.09581150114536285,0
0,0.09581150114536285,0
0,0.09581150114536285,0
0,0.09581150114536285,0
0,0.09581150114536285,0
0,0.09581150114536285,0
0,0.09581150114536285,0
0,0.09581150114536285,0
0,0.09581150114536285,0
0,0.09581150114536285,0
0,0.09581150114536285,0
0,0.09581150114536285,0
0,0.09581150114536285,0
0,0.09581150114536285,0
0,0.09581150114536285,0
0,0.09581150114536285,0
0,0.09581150114536285,0
0,0.09581150114536285,0
0,0.09581150114536285,0
0,0.09581150114536285,0
0,0.09581150114536285,0
0,0.09581150114536285,0
0,0.09581150114536285,0
0,0.09581150114536285,0
0,0.09581150114536285,0
0,0.09581150114536285,0
0,0.09581150114536285,0
0,0.09581150114536285,0
0,0.09581150114536285,0
0,0.09581150114536285,0
0,0.09581150114536285,0
0,0.09581150114536285,0
0,0.09581150114536285,0
0,0.09581150114536285,0
0,0.09581150114536285,0
0,0.09581150114536285,0
0,0.09581150114536285,0
0,0.09581150114536285,0
0,0.09581150114536285,0
0,0.09581150114536285,0
0,0.09581150114536285,0
0,0.09581150114536285,0
0,0.09581150114536285,0
0,0.09581150114536285,0
0,0.09581150114536285,0
0,0.09581150114536285,0
0,0.09581150114536285,0
0,0.09581150114536285,0
0,0.09581150114536285,0
0,0.09581150114536285,0
0,0.09581150114536285,0
0,0.09581150114536285,0
0,0.09581150114536285,0
0,0.09581150114536285,0
0,0.09581150114536285,0
0,0.09581150114536285,0
0,0.09581150114536285,0
0,0.09581150114536285,0
0,0.09581150114536285,0
0,0.09581150114536285,0
0,0.09581150114536285,0
0,0.09581150114536285,0
0,0.09581150114536285,0
0,0.09581150114536285,0
0,0.09581150114536285,0
0,0.09581150114536285,0
0,0.09581150114536285,0
0,0.09581150114536285,0
0,0.09581150114536285,0
0,0.09581150114536285,0
0,0.09581150114536285,0
0,0.09581150114536285,0
0,0.09581150114536285,0
0,0.09581150114536285,0
0,0.09581150114536285,0
0,0.09581150114536285,0
0,0.09581150114536285,0
0,0.09581150114536285,0
0,0.09581150114536285,0
0,0.09581150114536285,0
0,0.09581150114536285,0
0,0.09581150114536285,0
0,0.09581150114536285,0
0,0.780180811882019,0
0,0.8070617318153381,0
0,0.8127040863037109,0
0,0.8284408450126648,0
0,0.6545332670211792,0
0,0.6471360921859741,0
0,0.5066333413124084,0
0,0.09581150114536285,0
0,0.09581150114536285,0
0,0.09581150114536285,0
1,0.09581150114536285,0
1,0.8923224210739136,0
1,0.981092631816864,1
0,0.9951452612876892,1
0,0.9518149495124817,0
0,0.9369755387306213,0
0,0.8923963904380798,0
0,0.875502347946167,0
0,0.8561097979545593,0
0,0.8288035988807678,0
0,0.7937816381454468,0
0,0.7619220018386841,0
0,0.7508808970451355,0
0,0.7483581304550171,0
0,0.7347349524497986,0
0,0.7090996503829956,0
0,0.6873819231987,0
0,0.7051606774330139,0
0,0.7435102462768555,0
0,0.7629051208496094,0
0,0.7609390020370483,0
0,0.744366466999054,0
0,0.7105529308319092,0
0,0.6809535026550293,0
0,0.7012577056884766,0
0,0.7333018779754639,0
0,0.7370891571044922,0
0,0.722240686416626,0
0,0.6991962790489197,0
0,0.6750218868255615,0
0,0.6503737568855286,0
0,0.5501806735992432,0
0,0.5379312634468079,0
0,0.5066333413124084,0
0,0.09581150114536285,0
0,0.09581150114536285,0
0,0.09581150114536285,0
0,0.09581150114536285,0
0,0.09581150114536285,0
0,0.09581150114536285,0
0,0.09581150114536285,0
0,0.09581150114536285,0
0,0.09581150114536285,0
0,0.09581150114536285,0
0,0.09581150114536285,0
0,0.09581150114536285,0
0,0.09581150114536285,0
0,0.09581150114536285,0
0,0.09581150114536285,0
0,0.09581150114536285,0
0,0.09581150114536285,0
0,0.09581150114536285,0
0,0.09581150114536285,0
0,0.09581150114536285,0
0,0.09581150114536285,0
0,0.09581150114536285,0
0,0.09581150114536285,0
0,0.09581150114536285,0
0,0.09581150114536285,0
0,0.09581150114536285,0
0,0.09581150114536285,0
0,0.09581150114536285,0
0,0.09581150114536285,0
0,0.09581150114536285,0
0,0.09581150114536285,0
0,0.09581150114536285,0
0,0.09581150114536285,0
0,0.09581150114536285,0
0,0.09581150114536285,0
0,0.09581150114536285,0
0,0.09581150114536285,0
0,0.09581150114536285,0
0,0.09581150114536285,0
0,0.09581150114536285,0
0,0.09581150114536285,0
0,0.09581150114536285,0
0,0.09581150114536285,0
0,0.09581150114536285,0
0,0.09581150114536285,0
0,0.09581150114536285,0
0,0.09581150114536285,0
0,0.09581150114536285,0
0,0.09581150114536285,0
0,0.09581150114536285,0
0,0.09581150114536285,0
0,0.09581150114536285,0
0,0.09581150114536285,0
0,0.09581150114536285,0
0,0.09581150114536285,0
0,0.09581150114536285,0
0,0.09581150114536285,0
0,0.09581150114536285,0
0,0.09581150114536285,0
0,0.09581150114536285,0
0,0.09581150114536285,0
0,0.09581150114536285,0
0,0.09581150114536285,0
0,0.09581150114536285,0
0,0.09581150114536285,0
0,0.09581150114536285,0
0,0.09581150114536285,0
0,0.09581150114536285,0
0,0.09581150114536285,0
0,0.09581150114536285,0
0,0.09581150114536285,0
0,0.09581150114536285,0
0,0.09581150114536285,0
0,0.09581150114536285,0
0,0.09581150114536285,0
0,0.09581150114536285,0
0,0.09581150114536285,0
0,0.09581150114536285,0
0,0.09581150114536285,0
0,0.09581150114536285,0
0,0.09581150114536285,0
0,0.09581150114536285,0
0,0.09581150114536285,0
0,0.09581150114536285,0
0,0.09581150114536285,0
0,0.09581150114536285,0
0,0.09581150114536285,0
0,0.09581150114536285,0
0,0.09581150114536285,0
0,0.09581150114536285,0
0,0.09581150114536285,0
0,0.09581150114536285,0
0,0.09581150114536285,0
0,0.09581150114536285,0
0,0.09581150114536285,0
0,0.09581150114536285,0
0,0.09581150114536285,0
0,0.09581150114536285,0
0,0.09581150114536285,0
0,0.09581150114536285,0
0,0.09581150114536285,0
0,0.09581150114536285,0
0,0.09581150114536285,0
0,0.09581150114536285,0
0,0.09581150114536285,0
0,0.09581150114536285,0
0,0.09581150114536285,0
0,0.09581150114536285,0
0,0.09581150114536285,0
0,0.09581150114536285,0
0,0.09581150114536285,0
0,0.09581150114536285,0
0,0.09581150114536285,0
0,0.09581150114536285,0
0,0.09581150114536285,0
0,0.09581150114536285,0
0,0.09581150114536285,0
0,0.09581150114536285,0
0,0.09581150114536285,0
0,0.09581150114536285,0
0,0.09581150114536285,0
0,0.09581150114536285,0
0,0.09581150114536285,0
0,0.09581150114536285,0
0,0.09581150114536285,0
0,0.09581150114536285,0
0,0.09581150114536285,0
0,0.09581150114536285,0
0,0.09581150114536285,0
0,0.09581150114536285,0
0,0.09581150114536285,0
0,0.09581150114536285,0
0,0.09581150114536285,0
0,0.09581150114536285,0
0,0.09581150114536285,0
0,0.7175034880638123,0
0,0.6955389380455017,0
0,0.670813798904419,0
0,0.6545332670211792,0
0,0.6471360921859741,0
0,0.5066333413124084,0
0,0.09581150114536285,0
0,0.09581150114536285,0
0,0.09581150114536285,0
0,0.09581150114536285,0
0,0.09581150114536285,0
0,0.09581150114536285,0
0,0.09581150114536285,0
0,0.09581150114536285,0
0,0.09581150114536285,0
0,0.09581150114536285,0
0,0.09581150114536285,0
0,0.09581150114536285,0
0,0.09581150114536285,0
0,0.09581150114536285,0
0,0.09581150114536285,0
0,0.09581150114536285,0
0,0.09581150114536285,0
0,0.09581150114536285,0
0,0.09581150114536285,0
0,0.09581150114536285,0
0,0.09581150114536285,0
0,0.09581150114536285,0
0,0.09581150114536285,0
0,0.09581150114536285,0
0,0.09581150114536285,0
0,0.09581150114536285,0
0,0.09581150114536285,0
0,0.09581150114536285,0
0,0.09581150114536285,0
0,0.09581150114536285,0
0,0.09581150114536285,0
0,0.09581150114536285,0
0,0.09581150114536285,0
0,0.09581150114536285,0
0,0.09581150114536285,0
0,0.09581150114536285,0
0,0.09581150114536285,0
0,0.09581150114536285,0
0,0.09581150114536285,0
0,0.09581150114536285,0
0,0.09581150114536285,0
0,0.09581150114536285,0
0,0.09581150114536285,0
0,0.09581150114536285,0
0,0.09581150114536285,0
0,0.09581150114536285,0
0,0.09581150114536285,0
0,0.09581150114536285,0
0,0.09581150114536285,0
0,0.09581150114536285,0
0,0.09581150114536285,0
0,0.09581150114536285,0
0,0.09581150114536285,0
0,0.09581150114536285,0
0,0.09581150114536285,0
0,0.09581150114536285,0
0,0.09581150114536285,0
0,0.09581150114536285,0
0,0.09581150114536285,0
0,0.09581150114536285,0
0,0.09581150114536285,0
0,0.09581150114536285,0
0,0.09581150114536285,0
0,0.09581150114536285,0
0,0.09581150114536285,0
0,0.09581150114536285,0
0,0.09581150114536285,0
0,0.09581150114536285,0
0,0.09581150114536285,0
0,0.09581150114536285,0
0,0.09581150114536285,0
0,0.09581150114536285,0
0,0.09581150114536285,0
0,0.09581150114536285,0
0,0.09581150114536285,0
0,0.09581150114536285,0
0,0.09581150114536285,0
0,0.09581150114536285,0
0,0.09581150114536285,0
0,0.09581150114536285,0
0,0.09581150114536285,0
0,0.09581150114536285,0
0,0.09581150114536285,0
0,0.09581150114536285,0
0,0.09581150114536285,0
0,0.09581150114536285,0
0,0.09581150114536285,0
0,0.09581150114536285,0
0,0.09581150114536285,0
0,0.09581150114536285,0
0,0.09581150114536285,0
0,0.09581150114536285,0
0,0.09581150114536285,0
0,0.09581150114536285,0
0,0.09581150114536285,0
0,0.09581150114536285,0
0,0.09581150114536285,0
0,0.09581150114536285,0
0,0.09581150114536285,0
0,0.09581150114536285,0
0,0.09581150114536285,0
0,0.09581150114536285,0
0,0.09581150114536285,0
0,0.09581150114536285,0
0,0.09581150114536285,0
0,0.09581150114536285,0
0,0.09581150114536285,0
0,0.09581150114536285,0
0,0.09581150114536285,0
0,0.09581150114536285,0
0,0.09581150114536285,0
0,0.09581150114536285,0
0,0.09581150114536285,0
0,0.09581150114536285,0
0,0.09581150114536285,0
0,0.09581150114536285,0
0,0.09581150114536285,0
0,0.09581150114536285,0
0,0.09581150114536285,0
0,0.09581150114536285,0
0,0.09581150114536285,0
0,0.09581150114536285,0
0,0.09581150114536285,0
0,0.09581150114536285,0
0,0.09581150114536285,0
0,0.09581150114536285,0
0,0.09581150114536285,0
0,0.09581150114536285,0
0,0.09581150114536285,0
0,0.09581150114536285,0
0,0.09581150114536285,0
0,0.09581150114536285,0
0,0.09581150114536285,0
0,0.09581150114536285,0
0,0.09581150114536285,0
0,0.09581150114536285,0
0,0.09581150114536285,0
0,0.09581150114536285,0
0,0.09581150114536285,0
0,0.09581150114536285,0
0,0.09581150114536285,0
0,0.09581150114536285,0
0,0.09581150114536285,0
0,0.09581150114536285,0
0,0.09581150114536285,0
0,0.09581150114536285,0
0,0.09581150114536285,0
0,0.09581150114536285,0
0,0.09581150114536285,0
0,0.09581150114536285,0
0,0.09581150114536285,0
0,0.09581150114536285,0
0,0.09581150114536285,0
0,0.09581150114536285,0
0,0.09581150114536285,0
0,0.09581150114536285,0
0,0.09581150114536285,0
0,0.09581150114536285,0
0,0.09581150114536285,0
0,0.09581150114536285,0
0,0.09581150114536285,0
0,0.09581150114536285,0
0,0.09581150114536285,0
0,0.09581150114536285,0
0,0.09581150114536285,0
0,0.09581150114536285,0
0,0.09581150114536285,0
0,0.09581150114536285,0
0,0.09581150114536285,0
0,0.09581150114536285,0
0,0.09581150114536285,0
0,0.09581150114536285,0
0,0.09581150114536285,0
0,0.09581150114536285,0
0,0.09581150114536285,0
0,0.09581150114536285,0
0,0.09581150114536285,0
0,0.09581150114536285,0
0,0.09581150114536285,0
0,0.09581150114536285,0
0,0.09581150114536285,0
0,0.09581150114536285,0
0,0.09581150114536285,0
0,0.09581150114536285,0
0,0.09581150114536285,0
0,0.09581150114536285,0
0,0.09581150114536285,0
0,0.09581150114536285,0
0,0.09581150114536285,0
0,0.09581150114536285,0
0,0.09581150114536285,0
0,0.09581150114536285,0
0,0.09581150114536285,0
0,0.09581150114536285,0
0,0.09581150114536285,0
0,0.09581150114536285,0
0,0.09581150114536285,0
0,0.09581150114536285,0
0,0.09581150114536285,0
0,0.09581150114536285,0
0,0.09581150114536285,0
0,0.09581150114536285,0
0,0.09581150114536285,0
0,0.09581150114536285,0
0,0.09581150114536285,0
0,0.09581150114536285,0
0,0.09581150114536285,0
0,0.09581150114536285,0
0,0.09581150114536285,0
0,0.09581150114536285,0
0,0.09581150114536285,0
0,0.09581150114536285,0
0,0.09581150114536285,0
0,0.09581150114536285,0
0,0.09581150114536285,0
0,0.09581150114536285,0
0,0.09581150114536285,0
0,0.09581150114536285,0
0,0.09581150114536285,0
0,0.09581150114536285,0
0,0.09581150114536285,0
0,0.09581150114536285,0
0,0.09581150114536285,0
0,0.09581150114536285,0
0,0.09581150114536285,0
0,0.09581150114536285,0
0,0.09581150114536285,0
0,0.09581150114536285,0
0,0.09581150114536285,0
0,0.09581150114536285,0
0,0.09581150114536285,0
0,0.09581150114536285,0
0,0.09581150114536285,0
0,0.09581150114536285,0
0,0.09581150114536285,0
0,0.09581150114536285,0
0,0.09581150114536285,0
0,0.09581150114536285,0
0,0.09581150114536285,0
0,0.09581150114536285,0
0,0.09581150114536285,0
0,0.09581150114536285,0
0,0.09581150114536285,0
0,0.09581150114536285,0
0,0.09581150114536285,0
0,0.09581150114536285,0
0,0.09581150114536285,0
0,0.09581150114536285,0
0,0.09581150114536285,0
0,0.09581150114536285,0
0,0.09581150114536285,0
0,0.09581150114536285,0
0,0.09581150114536285,0
0,0.09581150114536285,0
0,0.09581150114536285,0
0,0.09581150114536285,0
0,0.09581150114536285,0
0,0.09581150114536285,0
0,0.09581150114536285,0
0,0.09581150114536285,0
0,0.09581150114536285,0
0,0.09581150114536285,0
0,0.09581150114536285,0
0,0.09581150114536285,0
0,0.09581150114536285,0
0,0.09581150114536285,0
0,0.09581150114536285,0
0,0.09581150114536285,0
0,0.09581150114536285,0
0,0.09581150114536285,0
0,0.09581150114536285,0
0,0.09581150114536285,0
0,0.09581150114536285,0
0,0.09581150114536285,0
0,0.09581150114536285,0
0,0.09581150114536285,0
0,0.09581150114536285,0
0,0.09581150114536285,0
0,0.09581150114536285,0
0,0.09581150114536285,0
0,0.09581150114536285,0
0,0.09581150114536285,0
0,0.09581150114536285,0
0,0.09581150114536285,0
0,0.09581150114536285,0
0,0.09581150114536285,0
0,0.09581150114536285,0
0,0.09581150114536285,0
0,0.09581150114536285,0
0,0.09581150114536285,0
0,0.09581150114536285,0
0,0.09581150114536285,0
0,0.09581150114536285,0
0,0.09581150114536285,0
0,0.09581150114536285,0
0,0.09581150114536285,0
0,0.09581150114536285,0
0,0.09581150114536285,0
0,0.09581150114536285,0
0,0.09581150114536285,0
0,0.09581150114536285,0
0,0.09581150114536285,0
0,0.09581150114536285,0
0,0.09581150114536285,0
0,0.09581150114536285,0
0,0.09581150114536285,0
0,0.09581150114536285,0
0,0.09581150114536285,0
0,0.09581150114536285,0
0,0.09581150114536285,0
0,0.09581150114536285,0
0,0.09581150114536285,0
0,0.09581150114536285,0
0,0.09581150114536285,0
0,0.09581150114536285,0
0,0.09581150114536285,0
0,0.09581150114536285,0
0,0.09581150114536285,0
0,0.09581150114536285,0
0,0.09581150114536285,0
0,0.09581150114536285,0
0,0.09581150114536285,0
0,0.09581150114536285,0
0,0.09581150114536285,0
0,0.09581150114536285,0
0,0.09581150114536285,0
0,0.09581150114536285,0
0,0.09581150114536285,0
0,0.09581150114536285,0
0,0.09581150114536285,0
0,0.09581150114536285,0
0,0.09581150114536285,0
0,0.09581150114536285,0
0,0.09581150114536285,0
0,0.09581150114536285,0
0,0.09581150114536285,0
0,0.09581150114536285,0
0,0.09581150114536285,0
0,0.09581150114536285,0
0,0.09581150114536285,0
0,0.09581150114536285,0
0,0.09581150114536285,0
0,0.09581150114536285,0
0,0.09581150114536285,0
0,0.09581150114536285,0
0,0.09581150114536285,0
0,0.09581150114536285,0
0,0.09581150114536285,0
0,0.09581150114536285,0
0,0.09581150114536285,0
0,0.09581150114536285,0
0,0.09581150114536285,0
0,0.09581150114536285,0
0,0.09581150114536285,0
0,0.09581150114536285,0
0,0.09581150114536285,0
0,0.09581150114536285,0
0,0.09581150114536285,0
0,0.09581150114536285,0
0,0.09581150114536285,0
0,0.09581150114536285,0
0,0.09581150114536285,0
0,0.09581150114536285,0
0,0.09581150114536285,0
0,0.09581150114536285,0
0,0.09581150114536285,0
0,0.09581150114536285,0
0,0.09581150114536285,0
0,0.09581150114536285,0
0,0.09581150114536285,0
0,0.09581150114536285,0
0,0.09581150114536285,0
0,0.09581150114536285,0
0,0.09581150114536285,0
0,0.09581150114536285,0
0,0.09581150114536285,0
0,0.09581150114536285,0
0,0.09581150114536285,0
0,0.09581150114536285,0
0,0.09581150114536285,0
0,0.09581150114536285,0
0,0.09581150114536285,0
0,0.09581150114536285,0
0,0.09581150114536285,0
0,0.09581150114536285,0
0,0.09581150114536285,0
0,0.09581150114536285,0
0,0.09581150114536285,0
0,0.09581150114536285,0
0,0.09581150114536285,0
0,0.09581150114536285,0
0,0.09581150114536285,0
0,0.09581150114536285,0
0,0.09581150114536285,0
0,0.09581150114536285,0
0,0.09581150114536285,0
0,0.09581150114536285,0
0,0.09581150114536285,0
0,0.09581150114536285,0
0,0.09581150114536285,0
0,0.09581150114536285,0
0,0.09581150114536285,0
0,0.09581150114536285,0
0,0.09581150114536285,0
0,0.09581150114536285,0
0,0.09581150114536285,0
0,0.09581150114536285,0
0,0.09581150114536285,0
0,0.09581150114536285,0
0,0.09581150114536285,0
0,0.09581150114536285,0
0,0.09581150114536285,0
0,0.09581150114536285,0
0,0.09581150114536285,0
0,0.09581150114536285,0
0,0.09581150114536285,0
0,0.09581150114536285,0
0,0.09581150114536285,0
0,0.09581150114536285,0
0,0.09581150114536285,0
0,0.09581150114536285,0
0,0.09581150114536285,0
0,0.09581150114536285,0
0,0.09581150114536285,0
0,0.09581150114536285,0
0,0.09581150114536285,0
0,0.09581150114536285,0
0,0.09581150114536285,0
0,0.09581150114536285,0
0,0.09581150114536285,0
0,0.09581150114536285,0
0,0.09581150114536285,0
0,0.09581150114536285,0
0,0.09581150114536285,0
0,0.09581150114536285,0
0,0.09581150114536285,0
0,0.09581150114536285,0
0,0.09581150114536285,0
0,0.09581150114536285,0
0,0.09581150114536285,0
0,0.09581150114536285,0
0,0.09581150114536285,0
0,0.09581150114536285,0
0,0.09581150114536285,0
0,0.09581150114536285,0
0,0.09581150114536285,0
0,0.09581150114536285,0
0,0.09581150114536285,0
0,0.09581150114536285,0
0,0.09581150114536285,0
0,0.09581150114536285,0
0,0.09581150114536285,0
0,0.09581150114536285,0
0,0.09581150114536285,0
0,0.09581150114536285,0
0,0.09581150114536285,0
0,0.09581150114536285,0
0,0.09581150114536285,0
0,0.09581150114536285,0
0,0.09581150114536285,0
0,0.09581150114536285,0
0,0.09581150114536285,0
0,0.09581150114536285,0
0,0.09581150114536285,0
0,0.09581150114536285,0
0,0.09581150114536285,0
0,0.09581150114536285,0
0,0.09581150114536285,0
0,0.09581150114536285,0
0,0.09581150114536285,0
0,0.09581150114536285,0
0,0.09581150114536285,0
0,0.09581150114536285,0
0,0.09581150114536285,0
0,0.09581150114536285,0
0,0.09581150114536285,0
0,0.09581150114536285,0
0,0.09581150114536285,0
0,0.09581150114536285,0
0,0.09581150114536285,0
0,0.09581150114536285,0
0,0.09581150114536285,0
0,0.09581150114536285,0
0,0.09581150114536285,0
0,0.09581150114536285,0
0,0.09581150114536285,0
0,0.09581150114536285,0
0,0.09581150114536285,0
0,0.09581150114536285,0
0,0.09581150114536285,0
0,0.09581150114536285,0
0,0.09581150114536285,0
0,0.09581150114536285,0
0,0.09581150114536285,0
0,0.09581150114536285,0
0,0.09581150114536285,0
0,0.09581150114536285,0
0,0.09581150114536285,0
0,0.09581150114536285,0
0,0.09581150114536285,0
0,0.09581150114536285,0
0,0.09581150114536285,0
0,0.09581150114536285,0
0,0.09581150114536285,0
0,0.09581150114536285,0
0,0.09581150114536285,0
0,0.09581150114536285,0
0,0.09581150114536285,0
0,0.09581150114536285,0
0,0.09581150114536285,0
0,0.09581150114536285,0
0,0.09581150114536285,0
0,0.09581150114536285,0
0,0.09581150114536285,0
0,0.09581150114536285,0
0,0.09581150114536285,0
0,0.09581150114536285,0
0,0.09581150114536285,0
0,0.09581150114536285,0
0,0.09581150114536285,0
0,0.09581150114536285,0
0,0.09581150114536285,0
0,0.09581150114536285,0
0,0.09581150114536285,0
0,0.09581150114536285,0
0,0.09581150114536285,0
0,0.09581150114536285,0
0,0.09581150114536285,0
0,0.09581150114536285,0
0,0.09581150114536285,0
0,0.09581150114536285,0
0,0.09581150114536285,0
0,0.09581150114536285,0
0,0.09581150114536285,0
0,0.09581150114536285,0
0,0.09581150114536285,0
0,0.09581150114536285,0
0,0.09581150114536285,0
0,0.09581150114536285,0
0,0.09581150114536285,0
0,0.09581150114536285,0
0,0.09581150114536285,0
0,0.09581150114536285,0
0,0.09581150114536285,0
0,0.09581150114536285,0
0,0.09581150114536285,0
0,0.09581150114536285,0
0,0.09581150114536285,0
0,0.09581150114536285,0
0,0.09581150114536285,0
0,0.09581150114536285,0
0,0.09581150114536285,0
0,0.09581150114536285,0
0,0.09581150114536285,0
0,0.09581150114536285,0
0,0.09581150114536285,0
0,0.09581150114536285,0
0,0.09581150114536285,0
0,0.09581150114536285,0
0,0.09581150114536285,0
0,0.09581150114536285,0
0,0.09581150114536285,0
0,0.09581150114536285,0
0,0.09581150114536285,0
0,0.09581150114536285,0
0,0.09581150114536285,0
0,0.09581150114536285,0
0,0.09581150114536285,0
0,0.09581150114536285,0
0,0.09581150114536285,0
0,0.09581150114536285,0
0,0.09581150114536285,0
0,0.09581150114536285,0
0,0.09581150114536285,0
0,0.09581150114536285,0
0,0.09581150114536285,0
0,0.09581150114536285,0
0,0.09581150114536285,0
0,0.09581150114536285,0
0,0.09581150114536285,0
0,0.09581150114536285,0
0,0.09581150114536285,0
0,0.09581150114536285,0
0,0.09581150114536285,0
0,0.09581150114536285,0
0,0.09581150114536285,0
0,0.09581150114536285,0
0,0.09581150114536285,0
0,0.09581150114536285,0
0,0.09581150114536285,0
0,0.09581150114536285,0
0,0.09581150114536285,0
0,0.09581150114536285,0
0,0.09581150114536285,0
0,0.09581150114536285,0
0,0.09581150114536285,0
0,0.09581150114536285,0
0,0.09581150114536285,0
0,0.09581150114536285,0
0,0.09581150114536285,0
0,0.09581150114536285,0
0,0.09581150114536285,0
0,0.09581150114536285,0
0,0.09581150114536285,0
0,0.09581150114536285,0
0,0.09581150114536285,0
0,0.09581150114536285,0
0,0.09581150114536285,0
0,0.09581150114536285,0
0,0.09581150114536285,0
0,0.09581150114536285,0
0,0.09581150114536285,0
0,0.09581150114536285,0
0,0.09581150114536285,0
0,0.09581150114536285,0
0,0.09581150114536285,0
0,0.09581150114536285,0
0,0.09581150114536285,0
0,0.09581150114536285,0
0,0.09581150114536285,0
0,0.09581150114536285,0
0,0.09581150114536285,0
0,0.09581150114536285,0
0,0.09581150114536285,0
0,0.09581150114536285,0
0,0.09581150114536285,0
0,0.09581150114536285,0
0,0.09581150114536285,0
0,0.09581150114536285,0
0,0.09581150114536285,0
0,0.09581150114536285,0
0,0.09581150114536285,0
0,0.09581150114536285,0
0,0.09581150114536285,0
0,0.09581150114536285,0
0,0.09581150114536285,0
0,0.09581150114536285,0
0,0.09581150114536285,0
0,0.09581150114536285,0
0,0.09581150114536285,0
0,0.09581150114536285,0
0,0.09581150114536285,0
0,0.09581150114536285,0
0,0.09581150114536285,0
0,0.09581150114536285,0
0,0.09581150114536285,0
0,0.09581150114536285,0
0,0.09581150114536285,0
0,0.09581150114536285,0
0,0.09581150114536285,0
0,0.09581150114536285,0
0,0.09581150114536285,0
0,0.09581150114536285,0
0,0.09581150114536285,0
0,0.09581150114536285,0
0,0.09581150114536285,0
0,0.09581150114536285,0
0,0.09581150114536285,0
0,0.09581150114536285,0
0,0.09581150114536285,0
0,0.09581150114536285,0
0,0.09581150114536285,0
0,0.09581150114536285,0
0,0.09581150114536285,0
0,0.09581150114536285,0
0,0.09581150114536285,0
0,0.09581150114536285,0
0,0.09581150114536285,0
0,0.09581150114536285,0
0,0.09581150114536285,0
0,0.09581150114536285,0
0,0.09581150114536285,0
0,0.09581150114536285,0
0,0.09581150114536285,0
0,0.09581150114536285,0
0,0.09581150114536285,0
0,0.09581150114536285,0
0,0.09581150114536285,0
0,0.09581150114536285,0
0,0.09581150114536285,0
0,0.09581150114536285,0
0,0.09581150114536285,0
0,0.09581150114536285,0
0,0.09581150114536285,0
0,0.09581150114536285,0
0,0.09581150114536285,0
0,0.09581150114536285,0
0,0.09581150114536285,0
0,0.09581150114536285,0
0,0.09581150114536285,0
0,0.09581150114536285,0
0,0.09581150114536285,0
0,0.09581150114536285,0
0,0.09581150114536285,0
0,0.09581150114536285,0
0,0.09581150114536285,0
0,0.09581150114536285,0
0,0.09581150114536285,0
0,0.09581150114536285,0
0,0.09581150114536285,0
0,0.09581150114536285,0
0,0.09581150114536285,0
0,0.09581150114536285,0
0,0.09581150114536285,0
0,0.09581150114536285,0
0,0.09581150114536285,0
0,0.09581150114536285,0
0,0.09581150114536285,0
0,0.09581150114536285,0
0,0.09581150114536285,0
0,0.09581150114536285,0
0,0.09581150114536285,0
0,0.09581150114536285,0
0,0.09581150114536285,0
0,0.09581150114536285,0
0,0.09581150114536285,0
0,0.09581150114536285,0
0,0.09581150114536285,0
0,0.09581150114536285,0
0,0.09581150114536285,0
0,0.09581150114536285,0
0,0.09581150114536285,0
0,0.09581150114536285,0
0,0.09581150114536285,0
0,0.09581150114536285,0
0,0.09581150114536285,0
0,0.09581150114536285,0
0,0.09581150114536285,0
0,0.09581150114536285,0
0,0.09581150114536285,0
0,0.09581150114536285,0
0,0.09581150114536285,0
0,0.09581150114536285,0
0,0.09581150114536285,0
0,0.09581150114536285,0
0,0.09581150114536285,0
0,0.09581150114536285,0
0,0.09581150114536285,0
0,0.09581150114536285,0
0,0.09581150114536285,0
0,0.09581150114536285,0
0,0.09581150114536285,0
0,0.09581150114536285,0
0,0.09581150114536285,0
0,0.09581150114536285,0
0,0.09581150114536285,0
0,0.09581150114536285,0
0,0.09581150114536285,0
0,0.09581150114536285,0
0,0.09581150114536285,0
0,0.09581150114536285,0
0,0.09581150114536285,0
0,0.09581150114536285,0
0,0.09581150114536285,0
0,0.09581150114536285,0
0,0.09581150114536285,0
0,0.09581150114536285,0
0,0.09581150114536285,0
0,0.09581150114536285,0
0,0.09581150114536285,0
0,0.09581150114536285,0
0,0.09581150114536285,0
0,0.09581150114536285,0
0,0.09581150114536285,0
0,0.09581150114536285,0
0,0.09581150114536285,0
0,0.09581150114536285,0
0,0.09581150114536285,0
0,0.09581150114536285,0
0,0.09581150114536285,0
0,0.09581150114536285,0
0,0.09581150114536285,0
0,0.09581150114536285,0
0,0.09581150114536285,0
0,0.09581150114536285,0
0,0.09581150114536285,0
0,0.09581150114536285,0
0,0.09581150114536285,0
0,0.09581150114536285,0
0,0.09581150114536285,0
0,0.09581150114536285,0
0,0.09581150114536285,0
0,0.09581150114536285,0
0,0.09581150114536285,0
0,0.09581150114536285,0
0,0.09581150114536285,0
0,0.09581150114536285,0
0,0.09581150114536285,0
0,0.09581150114536285,0
0,0.09581150114536285,0
0,0.09581150114536285,0
0,0.09581150114536285,0
0,0.09581150114536285,0
0,0.09581150114536285,0
0,0.09581150114536285,0
0,0.09581150114536285,0
0,0.09581150114536285,0
0,0.09581150114536285,0
0,0.09581150114536285,0
0,0.09581150114536285,0
0,0.09581150114536285,0
0,0.09581150114536285,0
0,0.09581150114536285,0
0,0.09581150114536285,0
0,0.09581150114536285,0
0,0.09581150114536285,0
0,0.09581150114536285,0
0,0.09581150114536285,0
0,0.09581150114536285,0
0,0.09581150114536285,0
0,0.09581150114536285,0
0,0.09581150114536285,0
0,0.09581150114536285,0
0,0.09581150114536285,0
0,0.09581150114536285,0
0,0.09581150114536285,0
0,0.09581150114536285,0
0,0.09581150114536285,0
0,0.09581150114536285,0
0,0.09581150114536285,0
0,0.09581150114536285,0
0,0.09581150114536285,0
0,0.09581150114536285,0
0,0.09581150114536285,0
0,0.09581150114536285,0
0,0.09581150114536285,0
0,0.09581150114536285,0
0,0.09581150114536285,0
0,0.09581150114536285,0
0,0.09581150114536285,0
0,0.09581150114536285,0
0,0.09581150114536285,0
0,0.09581150114536285,0
0,0.09581150114536285,0
0,0.09581150114536285,0
0,0.09581150114536285,0
0,0.09581150114536285,0
0,0.09581150114536285,0
0,0.09581150114536285,0
0,0.09581150114536285,0
0,0.09581150114536285,0
0,0.09581150114536285,0
0,0.09581150114536285,0
0,0.09581150114536285,0
0,0.09581150114536285,0
0,0.09581150114536285,0
0,0.09581150114536285,0
0,0.09581150114536285,0
0,0.09581150114536285,0
0,0.09581150114536285,0
0,0.09581150114536285,0
0,0.09581150114536285,0
0,0.09581150114536285,0
0,0.09581150114536285,0
0,0.09581150114536285,0
0,0.09581150114536285,0
0,0.09581150114536285,0
0,0.09581150114536285,0
0,0.09581150114536285,0
0,0.09581150114536285,0
0,0.09581150114536285,0
0,0.09581150114536285,0
0,0.09581150114536285,0
0,0.09581150114536285,0
0,0.09581150114536285,0
0,0.09581150114536285,0
0,0.09581150114536285,0
0,0.09581150114536285,0
0,0.09581150114536285,0
0,0.09581150114536285,0
0,0.09581150114536285,0
0,0.09581150114536285,0
0,0.09581150114536285,0
0,0.09581150114536285,0
0,0.09581150114536285,0
0,0.09581150114536285,0
0,0.09581150114536285,0
0,0.09581150114536285,0
0,0.09581150114536285,0
0,0.09581150114536285,0
0,0.09581150114536285,0
0,0.09581150114536285,0
0,0.09581150114536285,0
0,0.09581150114536285,0
0,0.09581150114536285,0
0,0.09581150114536285,0
0,0.09581150114536285,0
0,0.09581150114536285,0
0,0.09581150114536285,0
0,0.09581150114536285,0
0,0.09581150114536285,0
0,0.09581150114536285,0
0,0.09581150114536285,0
0,0.09581150114536285,0
0,0.09581150114536285,0
0,0.09581150114536285,0
0,0.09581150114536285,0
0,0.09581150114536285,0
0,0.09581150114536285,0
0,0.09581150114536285,0
0,0.09581150114536285,0
0,0.09581150114536285,0
0,0.09581150114536285,0
0,0.09581150114536285,0
0,0.09581150114536285,0
0,0.09581150114536285,0
0,0.09581150114536285,0
0,0.09581150114536285,0
0,0.09581150114536285,0
0,0.09581150114536285,0
0,0.09581150114536285,0
0,0.09581150114536285,0
0,0.09581150114536285,0
0,0.09581150114536285,0
0,0.09581150114536285,0
0,0.09581150114536285,0
0,0.09581150114536285,0
0,0.09581150114536285,0
0,0.09581150114536285,0
0,0.09581150114536285,0
0,0.09581150114536285,0
0,0.09581150114536285,0
0,0.09581150114536285,0
0,0.09581150114536285,0
0,0.09581150114536285,0
0,0.09581150114536285,0
0,0.09581150114536285,0
0,0.09581150114536285,0
0,0.09581150114536285,0
0,0.09581150114536285,0
0,0.09581150114536285,0
0,0.09581150114536285,0
0,0.09581150114536285,0
0,0.09581150114536285,0
0,0.09581150114536285,0
0,0.09581150114536285,0
0,0.09581150114536285,0
0,0.09581150114536285,0
0,0.09581150114536285,0
0,0.09581150114536285,0
0,0.09581150114536285,0
0,0.09581150114536285,0
0,0.09581150114536285,0
0,0.09581150114536285,0
0,0.09581150114536285,0
0,0.09581150114536285,0
0,0.09581150114536285,0
0,0.09581150114536285,0
0,0.09581150114536285,0
0,0.09581150114536285,0
0,0.09581150114536285,0
0,0.09581150114536285,0
0,0.09581150114536285,0
0,0.09581150114536285,0
0,0.09581150114536285,0
0,0.09581150114536285,0
0,0.09581150114536285,0
0,0.09581150114536285,0
0,0.09581150114536285,0
0,0.09581150114536285,0
0,0.09581150114536285,0
0,0.09581150114536285,0
0,0.09581150114536285,0
0,0.09581150114536285,0
0,0.09581150114536285,0
0,0.09581150114536285,0
0,0.09581150114536285,0
0,0.09581150114536285,0
0,0.09581150114536285,0
0,0.09581150114536285,0
0,0.09581150114536285,0
0,0.09581150114536285,0
0,0.09581150114536285,0
0,0.09581150114536285,0
0,0.09581150114536285,0
0,0.09581150114536285,0
0,0.09581150114536285,0
0,0.09581150114536285,0
0,0.09581150114536285,0
0,0.09581150114536285,0
0,0.09581150114536285,0
0,0.09581150114536285,0
0,0.09581150114536285,0
0,0.09581150114536285,0
0,0.09581150114536285,0
0,0.09581150114536285,0
0,0.09581150114536285,0
0,0.09581150114536285,0
0,0.09581150114536285,0
0,0.09581150114536285,0
0,0.09581150114536285,0
0,0.09581150114536285,0
0,0.09581150114536285,0
0,0.09581150114536285,0
0,0.09581150114536285,0
0,0.09581150114536285,0
0,0.09581150114536285,0
0,0.09581150114536285,0
0,0.09581150114536285,0
0,0.09581150114536285,0
0,0.09581150114536285,0
0,0.09581150114536285,0
0,0.09581150114536285,0
0,0.09581150114536285,0
0,0.09581150114536285,0
0,0.09581150114536285,0
0,0.09581150114536285,0
0,0.09581150114536285,0
0,0.09581150114536285,0
0,0.09581150114536285,0
0,0.09581150114536285,0
0,0.09581150114536285,0
0,0.09581150114536285,0
0,0.09581150114536285,0
0,0.09581150114536285,0
0,0.09581150114536285,0
0,0.09581150114536285,0
0,0.09581150114536285,0
0,0.09581150114536285,0
0,0.09581150114536285,0
0,0.09581150114536285,0
0,0.09581150114536285,0
0,0.09581150114536285,0
0,0.09581150114536285,0
0,0.09581150114536285,0
0,0.09581150114536285,0
0,0.09581150114536285,0
0,0.09581150114536285,0
0,0.09581150114536285,0
0,0.09581150114536285,0
0,0.09581150114536285,0
0,0.09581150114536285,0
0,0.09581150114536285,0
0,0.09581150114536285,0
0,0.09581150114536285,0
0,0.09581150114536285,0
0,0.09581150114536285,0
0,0.09581150114536285,0
0,0.09581150114536285,0
0,0.09581150114536285,0
0,0.09581150114536285,0
0,0.09581150114536285,0
0,0.09581150114536285,0
0,0.09581150114536285,0
0,0.09581150114536285,0
0,0.09581150114536285,0
0,0.09581150114536285,0
0,0.09581150114536285,0
0,0.09581150114536285,0
0,0.09581150114536285,0
0,0.09581150114536285,0
0,0.09581150114536285,0
0,0.09581150114536285,0
0,0.09581150114536285,0
0,0.09581150114536285,0
0,0.09581150114536285,0
0,0.09581150114536285,0
0,0.09581150114536285,0
0,0.09581150114536285,0
0,0.09581150114536285,0
0,0.09581150114536285,0
0,0.09581150114536285,0
0,0.09581150114536285,0
0,0.09581150114536285,0
0,0.09581150114536285,0
0,0.09581150114536285,0
0,0.09581150114536285,0
0,0.09581150114536285,0
0,0.09581150114536285,0
0,0.09581150114536285,0
0,0.09581150114536285,0
0,0.09581150114536285,0
0,0.09581150114536285,0
0,0.09581150114536285,0
0,0.09581150114536285,0
0,0.09581150114536285,0
0,0.09581150114536285,0
0,0.09581150114536285,0
0,0.09581150114536285,0
0,0.09581150114536285,0
0,0.09581150114536285,0
0,0.09581150114536285,0
0,0.09581150114536285,0
0,0.09581150114536285,0
0,0.09581150114536285,0
0,0.09581150114536285,0
0,0.09581150114536285,0
0,0.09581150114536285,0
0,0.09581150114536285,0
0,0.09581150114536285,0
0,0.09581150114536285,0
0,0.09581150114536285,0
0,0.09581150114536285,0
0,0.09581150114536285,0
0,0.09581150114536285,0
0,0.09581150114536285,0
0,0.09581150114536285,0
0,0.09581150114536285,0
0,0.09581150114536285,0
0,0.09581150114536285,0
0,0.09581150114536285,0
0,0.09581150114536285,0
0,0.09581150114536285,0
0,0.09581150114536285,0
0,0.09581150114536285,0
0,0.09581150114536285,0
0,0.09581150114536285,0
0,0.09581150114536285,0
0,0.09581150114536285,0
0,0.09581150114536285,0
0,0.09581150114536285,0
0,0.09581150114536285,0
0,0.09581150114536285,0
0,0.09581150114536285,0
0,0.09581150114536285,0
0,0.09581150114536285,0
0,0.09581150114536285,0
0,0.09581150114536285,0
0,0.09581150114536285,0
0,0.09581150114536285,0
0,0.09581150114536285,0
0,0.09581150114536285,0
0,0.09581150114536285,0
0,0.09581150114536285,0
0,0.09581150114536285,0
0,0.09581150114536285,0
0,0.09581150114536285,0
0,0.09581150114536285,0
0,0.09581150114536285,0
0,0.09581150114536285,0
0,0.09581150114536285,0
0,0.09581150114536285,0
0,0.09581150114536285,0
0,0.09581150114536285,0
0,0.09581150114536285,0
0,0.09581150114536285,0
0,0.09581150114536285,0
0,0.09581150114536285,0
0,0.09581150114536285,0
0,0.09581150114536285,0
0,0.09581150114536285,0
0,0.09581150114536285,0
0,0.09581150114536285,0
0,0.09581150114536285,0
0,0.09581150114536285,0
0,0.09581150114536285,0
0,0.09581150114536285,0
0,0.09581150114536285,0
0,0.09581150114536285,0
0,0.09581150114536285,0
0,0.09581150114536285,0
0,0.09581150114536285,0
0,0.09581150114536285,0
0,0.09581150114536285,0
0,0.09581150114536285,0
0,0.09581150114536285,0
0,0.09581150114536285,0
0,0.09581150114536285,0
0,0.09581150114536285,0
0,0.09581150114536285,0
0,0.09581150114536285,0
0,0.09581150114536285,0
0,0.09581150114536285,0
0,0.09581150114536285,0
0,0.09581150114536285,0
0,0.09581150114536285,0
0,0.09581150114536285,0
0,0.09581150114536285,0
0,0.09581150114536285,0
0,0.09581150114536285,0
0,0.09581150114536285,0
0,0.09581150114536285,0
0,0.09581150114536285,0
0,0.09581150114536285,0
0,0.09581150114536285,0
0,0.09581150114536285,0
0,0.09581150114536285,0
0,0.09581150114536285,0
0,0.09581150114536285,0
0,0.09581150114536285,0
0,0.09581150114536285,0
0,0.09581150114536285,0
0,0.09581150114536285,0
0,0.09581150114536285,0
0,0.09581150114536285,0
0,0.09581150114536285,0
0,0.09581150114536285,0
0,0.09581150114536285,0
0,0.09581150114536285,0
0,0.09581150114536285,0
0,0.09581150114536285,0
0,0.09581150114536285,0
0,0.09581150114536285,0
0,0.09581150114536285,0
0,0.09581150114536285,0
0,0.09581150114536285,0
0,0.09581150114536285,0
0,0.09581150114536285,0
0,0.09581150114536285,0
0,0.09581150114536285,0
0,0.09581150114536285,0
0,0.09581150114536285,0
0,0.09581150114536285,0
0,0.09581150114536285,0
0,0.09581150114536285,0
0,0.09581150114536285,0
0,0.09581150114536285,0
0,0.09581150114536285,0
0,0.09581150114536285,0
0,0.09581150114536285,0
0,0.09581150114536285,0
0,0.09581150114536285,0
0,0.09581150114536285,0
0,0.09581150114536285,0
0,0.09581150114536285,0
0,0.09581150114536285,0
0,0.09581150114536285,0
0,0.09581150114536285,0
0,0.09581150114536285,0
0,0.09581150114536285,0
0,0.09581150114536285,0
0,0.09581150114536285,0
0,0.09581150114536285,0
0,0.09581150114536285,0
0,0.09581150114536285,0
0,0.09581150114536285,0
0,0.09581150114536285,0
0,0.09581150114536285,0
0,0.09581150114536285,0
0,0.09581150114536285,0
0,0.09581150114536285,0
0,0.09581150114536285,0
0,0.09581150114536285,0
0,0.09581150114536285,0
0,0.09581150114536285,0
0,0.09581150114536285,0
0,0.09581150114536285,0
0,0.09581150114536285,0
0,0.09581150114536285,0
0,0.09581150114536285,0
0,0.09581150114536285,0
0,0.09581150114536285,0
0,0.09581150114536285,0
0,0.09581150114536285,0
0,0.09581150114536285,0
0,0.09581150114536285,0
0,0.09581150114536285,0
0,0.09581150114536285,0
0,0.09581150114536285,0
0,0.09581150114536285,0
0,0.09581150114536285,0
0,0.09581150114536285,0
0,0.09581150114536285,0
0,0.09581150114536285,0
0,0.09581150114536285,0
0,0.09581150114536285,0
0,0.09581150114536285,0
0,0.09581150114536285,0
0,0.09581150114536285,0
0,0.09581150114536285,0
0,0.09581150114536285,0
0,0.09581150114536285,0
0,0.09581150114536285,0
0,0.09581150114536285,0
0,0.09581150114536285,0
0,0.09581150114536285,0
0,0.09581150114536285,0
0,0.09581150114536285,0
0,0.09581150114536285,0
0,0.09581150114536285,0
0,0.09581150114536285,0
0,0.09581150114536285,0
0,0.09581150114536285,0
0,0.09581150114536285,0
0,0.09581150114536285,0
0,0.09581150114536285,0
0,0.09581150114536285,0
0,0.09581150114536285,0
0,0.09581150114536285,0
0,0.09581150114536285,0
0,0.09581150114536285,0
0,0.09581150114536285,0
0,0.09581150114536285,0
0,0.09581150114536285,0
0,0.09581150114536285,0
0,0.09581150114536285,0
0,0.09581150114536285,0
0,0.09581150114536285,0
0,0.09581150114536285,0
0,0.09581150114536285,0
0,0.09581150114536285,0
0,0.09581150114536285,0
0,0.09581150114536285,0
0,0.09581150114536285,0
0,0.09581150114536285,0
0,0.09581150114536285,0
0,0.09581150114536285,0
0,0.09581150114536285,0
0,0.09581150114536285,0
0,0.09581150114536285,0
0,0.09581150114536285,0
0,0.09581150114536285,0
0,0.09581150114536285,0
0,0.09581150114536285,0
0,0.09581150114536285,0
0,0.09581150114536285,0
0,0.09581150114536285,0
0,0.09581150114536285,0
0,0.09581150114536285,0
0,0.09581150114536285,0
0,0.09581150114536285,0
0,0.09581150114536285,0
0,0.09581150114536285,0
0,0.09581150114536285,0
0,0.09581150114536285,0
0,0.09581150114536285,0
0,0.09581150114536285,0
0,0.09581150114536285,0
0,0.09581150114536285,0
0,0.09581150114536285,0
0,0.09581150114536285,0
0,0.09581150114536285,0
0,0.09581150114536285,0
0,0.09581150114536285,0
0,0.09581150114536285,0
0,0.09581150114536285,0
0,0.09581150114536285,0
0,0.09581150114536285,0
0,0.09581150114536285,0
0,0.09581150114536285,0
0,0.09581150114536285,0
0,0.09581150114536285,0
0,0.09581150114536285,0
0,0.09581150114536285,0
0,0.09581150114536285,0
0,0.09581150114536285,0
0,0.09581150114536285,0
0,0.09581150114536285,0
0,0.09581150114536285,0
0,0.09581150114536285,0
0,0.09581150114536285,0
0,0.09581150114536285,0
0,0.09581150114536285,0
0,0.09581150114536285,0
0,0.09581150114536285,0
0,0.09581150114536285,0
0,0.09581150114536285,0
0,0.09581150114536285,0
0,0.09581150114536285,0
0,0.09581150114536285,0
0,0.09581150114536285,0
0,0.09581150114536285,0
0,0.09581150114536285,0
0,0.09581150114536285,0
0,0.09581150114536285,0
0,0.09581150114536285,0
1,0.09581150114536285,0
0,0.8923224210739136,0
0,0.8895574808120728,0
0,0.883767306804657,0
0,0.8632813096046448,0
0,0.8468464016914368,0
0,0.8307079672813416,0
0,0.8125883340835571,0
0,0.7851958274841309,0
0,0.7540867328643799,0
0,0.7434166669845581,0
0,0.7469439506530762,0
0,0.7541808485984802,0
0,0.7545438408851624,0
0,0.7282616496086121,0
0,0.6804725527763367,0
0,0.6562877893447876,0
0,0.6852715611457825,0
0,0.7351422905921936,0
0,0.7442667484283447,0
0,0.7101284265518188,0
0,0.6404545903205872,0
0,0.5794359445571899,0
0,0.5981054902076721,0
0,0.6770144104957581,0
0,0.7196396589279175,0
0,0.7175034880638123,0
0,0.6955389380455017,0
0,0.670813798904419,0
0,0.6545332670211792,0
0,0.6471360921859741,0
0,0.5066333413124084,0
0,0.09581150114536285,0
0,0.09581150114536285,0
0,0.09581150114536285,0
0,0.09581150114536285,0
0,0.09581150114536285,0
0,0.09581150114536285,0
0,0.09581150114536285,0
0,0.09581150114536285,0
0,0.09581150114536285,0
0,0.09581150114536285,0
0,0.09581150114536285,0
0,0.09581150114536285,0
0,0.09581150114536285,0
0,0.09581150114536285,0
0,0.09581150114536285,0
0,0.09581150114536285,0
0,0.09581150114536285,0
0,0.09581150114536285,0
0,0.09581150114536285,0
0,0.09581150114536285,0
0,0.09581150114536285,0
0,0.09581150114536285,0
0,0.09581150114536285,0
0,0.09581150114536285,0
0,0.09581150114536285,0
0,0.09581150114536285,0
0,0.09581150114536285,0
0,0.09581150114536285,0
0,0.09581150114536285,0
0,0.09581150114536285,0
0,0.09581150114536285,0
0,0.09581150114536285,0
0,0.09581150114536285,0
0,0.09581150114536285,0
0,0.09581150114536285,0
0,0.09581150114536285,0
0,0.09581150114536285,0
0,0.09581150114536285,0
0,0.09581150114536285,0
0,0.09581150114536285,0
0,0.09581150114536285,0
0,0.09581150114536285,0
0,0.09581150114536285,0
0,0.09581150114536285,0
0,0.09581150114536285,0
0,0.09581150114536285,0
0,0.09581150114536285,0
0,0.09581150114536285,0
0,0.09581150114536285,0
0,0.09581150114536285,0
0,0.09581150114536285,0
0,0.09581150114536285,0
0,0.09581150114536285,0
0,0.09581150114536285,0
0,0.09581150114536285,0
0,0.09581150114536285,0
0,0.09581150114536285,0
0,0.09581150114536285,0
0,0.09581150114536285,0
0,0.09581150114536285,0
0,0.09581150114536285,0
0,0.09581150114536285,0
0,0.09581150114536285,0
0,0.09581150114536285,0
0,0.09581150114536285,0
0,0.09581150114536285,0
0,0.09581150114536285,0
0,0.09581150114536285,0
0,0.09581150114536285,0
0,0.09581150114536285,0
0,0.09581150114536285,0
0,0.09581150114536285,0
0,0.09581150114536285,0
0,0.09581150114536285,0
0,0.09581150114536285,0
0,0.09581150114536285,0
0,0.09581150114536285,0
0,0.09581150114536285,0
0,0.09581150114536285,0
0,0.09581150114536285,0
0,0.09581150114536285,0
0,0.09581150114536285,0
0,0.09581150114536285,0
0,0.09581150114536285,0
0,0.09581150114536285,0
0,0.09581150114536285,0
0,0.09581150114536285,0
0,0.09581150114536285,0
0,0.09581150114536285,0
0,0.09581150114536285,0
0,0.09581150114536285,0
0,0.09581150114536285,0
0,0.09581150114536285,0
0,0.09581150114536285,0
0,0.09581150114536285,0
0,0.09581150114536285,0
0,0.09581150114536285,0
0,0.09581150114536285,0
0,0.09581150114536285,0
0,0.09581150114536285,0
0,0.09581150114536285,0
0,0.09581150114536285,0
0,0.09581150114536285,0
0,0.09581150114536285,0
0,0.09581150114536285,0
0,0.09581150114536285,0
0,0.09581150114536285,0
0,0.09581150114536285,0
0,0.09581150114536285,0
0,0.09581150114536285,0
0,0.09581150114536285,0
0,0.09581150114536285,0
0,0.09581150114536285,0
0,0.09581150114536285,0
0,0.09581150114536285,0
0,0.09581150114536285,0
0,0.09581150114536285,0
0,0.09581150114536285,0
0,0.09581150114536285,0
0,0.09581150114536285,0
0,0.09581150114536285,0
0,0.09581150114536285,0
0,0.09581150114536285,0
0,0.09581150114536285,0
0,0.09581150114536285,0
0,0.09581150114536285,0
0,0.09581150114536285,0
0,0.09581150114536285,0
0,0.09581150114536285,0
0,0.09581150114536285,0
0,0.09581150114536285,0
0,0.09581150114536285,0
0,0.09581150114536285,0
0,0.09581150114536285,0
0,0.09581150114536285,0
0,0.09581150114536285,0
0,0.09581150114536285,0
0,0.09581150114536285,0
0,0.09581150114536285,0
0,0.09581150114536285,0
0,0.09581150114536285,0
0,0.09581150114536285,0
0,0.09581150114536285,0
0,0.09581150114536285,0
0,0.09581150114536285,0
0,0.09581150114536285,0
0,0.09581150114536285,0
0,0.09581150114536285,0
0,0.09581150114536285,0
0,0.09581150114536285,0
0,0.09581150114536285,0
0,0.09581150114536285,0
0,0.09581150114536285,0
0,0.09581150114536285,0
0,0.09581150114536285,0
0,0.09581150114536285,0
0,0.09581150114536285,0
0,0.09581150114536285,0
0,0.09581150114536285,0
0,0.09581150114536285,0
0,0.09581150114536285,0
0,0.09581150114536285,0
0,0.09581150114536285,0
0,0.09581150114536285,0
0,0.09581150114536285,0
0,0.09581150114536285,0
0,0.09581150114536285,0
0,0.09581150114536285,0
0,0.09581150114536285,0
0,0.09581150114536285,0
0,0.09581150114536285,0
0,0.09581150114536285,0
0,0.09581150114536285,0
0,0.09581150114536285,0
0,0.09581150114536285,0
0,0.09581150114536285,0
0,0.09581150114536285,0
0,0.09581150114536285,0
0,0.09581150114536285,0
0,0.09581150114536285,0
0,0.09581150114536285,0
0,0.09581150114536285,0
0,0.09581150114536285,0
0,0.09581150114536285,0
0,0.09581150114536285,0
0,0.09581150114536285,0
0,0.09581150114536285,0
0,0.09581150114536285,0
0,0.09581150114536285,0
0,0.09581150114536285,0
0,0.09581150114536285,0
0,0.09581150114536285,0
0,0.09581150114536285,0
0,0.09581150114536285,0
0,0.09581150114536285,0
0,0.09581150114536285,0
0,0.09581150114536285,0
0,0.09581150114536285,0
0,0.09581150114536285,0
0,0.09581150114536285,0
0,0.09581150114536285,0
0,0.09581150114536285,0
0,0.09581150114536285,0
0,0.09581150114536285,0
0,0.09581150114536285,0
0,0.09581150114536285,0
0,0.09581150114536285,0
0,0.09581150114536285,0
0,0.09581150114536285,0
0,0.09581150114536285,0
0,0.09581150114536285,0
0,0.09581150114536285,0
0,0.09581150114536285,0
0,0.09581150114536285,0
0,0.09581150114536285,0
0,0.09581150114536285,0
0,0.09581150114536285,0
0,0.09581150114536285,0
0,0.09581150114536285,0
0,0.09581150114536285,0
0,0.09581150114536285,0
0,0.09581150114536285,0
0,0.09581150114536285,0
0,0.09581150114536285,0
0,0.09581150114536285,0
0,0.09581150114536285,0
0,0.09581150114536285,0
0,0.09581150114536285,0
0,0.09581150114536285,0
0,0.09581150114536285,0
0,0.09581150114536285,0
0,0.09581150114536285,0
0,0.09581150114536285,0
0,0.09581150114536285,0
0,0.09581150114536285,0
0,0.09581150114536285,0
0,0.09581150114536285,0
0,0.09581150114536285,0
0,0.09581150114536285,0
0,0.09581150114536285,0
0,0.09581150114536285,0
0,0.09581150114536285,0
0,0.09581150114536285,0
0,0.09581150114536285,0
0,0.09581150114536285,0
0,0.09581150114536285,0
0,0.09581150114536285,0
0,0.09581150114536285,0
0,0.09581150114536285,0
0,0.09581150114536285,0
0,0.09581150114536285,0
0,0.09581150114536285,0
0,0.09581150114536285,0
0,0.09581150114536285,0
0,0.09581150114536285,0
0,0.09581150114536285,0
0,0.09581150114536285,0
0,0.09581150114536285,0
0,0.09581150114536285,0
0,0.09581150114536285,0
0,0.09581150114536285,0
0,0.09581150114536285,0
0,0.09581150114536285,0
0,0.09581150114536285,0
0,0.09581150114536285,0
0,0.09581150114536285,0
0,0.09581150114536285,0
0,0.09581150114536285,0
0,0.09581150114536285,0
0,0.09581150114536285,0
0,0.09581150114536285,0
0,0.09581150114536285,0
0,0.09581150114536285,0
0,0.09581150114536285,0
0,0.09581150114536285,0
0,0.09581150114536285,0
0,0.09581150114536285,0
0,0.09581150114536285,0
0,0.09581150114536285,0
0,0.09581150114536285,0
0,0.09581150114536285,0
0,0.09581150114536285,0
0,0.09581150114536285,0
0,0.09581150114536285,0
0,0.09581150114536285,0
0,0.09581150114536285,0
0,0.09581150114536285,0
0,0.09581150114536285,0
0,0.09581150114536285,0
0,0.09581150114536285,0
0,0.09581150114536285,0
0,0.09581150114536285,0
0,0.09581150114536285,0
0,0.09581150114536285,0
0,0.09581150114536285,0
0,0.09581150114536285,0
0,0.09581150114536285,0
0,0.09581150114536285,0
0,0.09581150114536285,0
0,0.09581150114536285,0
0,0.09581150114536285,0
0,0.09581150114536285,0
0,0.09581150114536285,0
0,0.09581150114536285,0
0,0.09581150114536285,0
0,0.09581150114536285,0
0,0.09581150114536285,0
0,0.09581150114536285,0
0,0.09581150114536285,0
0,0.09581150114536285,0
0,0.09581150114536285,0
0,0.09581150114536285,0
0,0.09581150114536285,0
0,0.09581150114536285,0
0,0.09581150114536285,0
0,0.09581150114536285,0
0,0.09581150114536285,0
0,0.09581150114536285,0
0,0.09581150114536285,0
0,0.09581150114536285,0
0,0.09581150114536285,0
0,0.09581150114536285,0
0,0.09581150114536285,0
0,0.09581150114536285,0
0,0.09581150114536285,0
0,0.09581150114536285,0
0,0.09581150114536285,0
0,0.09581150114536285,0
0,0.09581150114536285,0
0,0.09581150114536285,0
0,0.09581150114536285,0
0,0.09581150114536285,0
0,0.09581150114536285,0
0,0.09581150114536285,0
0,0.09581150114536285,0
0,0.09581150114536285,0
0,0.09581150114536285,0
0,0.09581150114536285,0
0,0.09581150114536285,0
0,0.09581150114536285,0
0,0.09581150114536285,0
0,0.09581150114536285,0
0,0.09581150114536285,0
0,0.09581150114536285,0
0,0.09581150114536285,0
0,0.09581150114536285,0
0,0.09581150114536285,0
0,0.09581150114536285,0
0,0.09581150114536285,0
0,0.09581150114536285,0
0,0.09581150114536285,0
0,0.09581150114536285,0
0,0.09581150114536285,0
0,0.09581150114536285,0
0,0.09581150114536285,0
0,0.09581150114536285,0
0,0.09581150114536285,0
0,0.09581150114536285,0
0,0.09581150114536285,0
0,0.09581150114536285,0
0,0.09581150114536285,0
0,0.09581150114536285,0
0,0.09581150114536285,0
0,0.09581150114536285,0
0,0.09581150114536285,0
0,0.09581150114536285,0
0,0.09581150114536285,0
0,0.09581150114536285,0
0,0.09581150114536285,0
0,0.09581150114536285,0
0,0.09581150114536285,0
0,0.09581150114536285,0
0,0.09581150114536285,0
0,0.09581150114536285,0
0,0.09581150114536285,0
0,0.09581150114536285,0
0,0.09581150114536285,0
0,0.09581150114536285,0
0,0.09581150114536285,0
0,0.09581150114536285,0
0,0.09581150114536285,0
0,0.09581150114536285,0
0,0.09581150114536285,0
0,0.09581150114536285,0
0,0.09581150114536285,0
0,0.09581150114536285,0
0,0.09581150114536285,0
0,0.09581150114536285,0
0,0.09581150114536285,0
0,0.09581150114536285,0
0,0.09581150114536285,0
0,0.09581150114536285,0
0,0.09581150114536285,0
0,0.09581150114536285,0
0,0.09581150114536285,0
0,0.09581150114536285,0
0,0.9235305190086365,0
0,0.927104651927948,0
0,0.930184006690979,0
0,0.9297143220901489,0
0,0.9209095239639282,0
0,0.9068878889083862,0
0,0.9164611101150513,0
0,0.8306185007095337,0
0,0.8338979482650757,0
0,0.833530843257904,0
0,0.8150328397750854,0
0,0.8261767029762268,0
0,0.851604700088501,0
0,0.8632586598396301,0
0,0.8654024600982666,0
0,0.8430675268173218,0
0,0.7997050285339355,0
0,0.7809391021728516,0
0,0.8068917989730835,0
0,0.8333566188812256,0
0,0.8456149697303772,0
0,0.8669882416725159,0
0,0.6932235360145569,0
0,0.6733537912368774,0
0,0.6551180481910706,0
0,0.5379312634468079,0
0,0.5066333413124084,0
0,0.09581150114536285,0
0,0.09581150114536285,0
0,0.09581150114536285,0
0,0.09581150114536285,0
0,0.09581150114536285,0
0,0.09581150114536285,0
0,0.09581150114536285,0
0,0.09581150114536285,0
0,0.09581150114536285,0
0,0.09581150114536285,0
0,0.09581150114536285,0
0,0.09581150114536285,0
0,0.09581150114536285,0
0,0.09581150114536285,0
0,0.09581150114536285,0
0,0.09581150114536285,0
0,0.09581150114536285,0
0,0.09581150114536285,0
0,0.09581150114536285,0
0,0.09581150114536285,0
0,0.09581150114536285,0
0,0.09581150114536285,0
0,0.09581150114536285,0
0,0.09581150114536285,0
0,0.09581150114536285,0
0,0.09581150114536285,0
0,0.09581150114536285,0
0,0.09581150114536285,0
0,0.09581150114536285,0
0,0.09581150114536285,0
0,0.09581150114536285,0
0,0.09581150114536285,0
0,0.09581150114536285,0
0,0.09581150114536285,0
0,0.09581150114536285,0
0,0.09581150114536285,0
0,0.09581150114536285,0
0,0.09581150114536285,0
0,0.09581150114536285,0
0,0.09581150114536285,0
0,0.09581150114536285,0
0,0.09581150114536285,0
0,0.09581150114536285,0
0,0.09581150114536285,0
0,0.09581150114536285,0
0,0.09581150114536285,0
0,0.09581150114536285,0
0,0.09581150114536285,0
0,0.09581150114536285,0
0,0.09581150114536285,0
0,0.09581150114536285,0
0,0.09581150114536285,0
0,0.09581150114536285,0
0,0.09581150114536285,0
0,0.09581150114536285,0
0,0.09581150114536285,0
0,0.09581150114536285,0
0,0.09581150114536285,0
0,0.09581150114536285,0
0,0.09581150114536285,0
0,0.09581150114536285,0
0,0.09581150114536285,0
0,0.09581150114536285,0
0,0.09581150114536285,0
0,0.09581150114536285,0
0,0.09581150114536285,0
0,0.09581150114536285,0
0,0.09581150114536285,0
0,0.09581150114536285,0
0,0.09581150114536285,0
0,0.09581150114536285,0
0,0.09581150114536285,0
0,0.09581150114536285,0
0,0.09581150114536285,0
0,0.09581150114536285,0
0,0.09581150114536285,0
0,0.09581150114536285,0
0,0.09581150114536285,0
0,0.09581150114536285,0
0,0.09581150114536285,0
0,0.09581150114536285,0
0,0.09581150114536285,0
0,0.09581150114536285,0
0,0.09581150114536285,0
0,0.09581150114536285,0
0,0.09581150114536285,0
0,0.09581150114536285,0
0,0.09581150114536285,0
0,0.09581150114536285,0
0,0.09581150114536285,0
0,0.09581150114536285,0
0,0.09581150114536285,0
0,0.09581150114536285,0
0,0.09581150114536285,0
0,0.09581150114536285,0
0,0.09581150114536285,0
0,0.09581150114536285,0
0,0.09581150114536285,0
0,0.09581150114536285,0
0,0.09581150114536285,0
0,0.09581150114536285,0
0,0.09581150114536285,0
0,0.09581150114536285,0
0,0.09581150114536285,0
0,0.09581150114536285,0
0,0.09581150114536285,0
0,0.09581150114536285,0
0,0.09581150114536285,0
0,0.09581150114536285,0
0,0.09581150114536285,0
0,0.09581150114536285,0
0,0.09581150114536285,0
0,0.09581150114536285,0
0,0.09581150114536285,0
0,0.09581150114536285,0
0,0.09581150114536285,0
0,0.09581150114536285,0
0,0.09581150114536285,0
0,0.09581150114536285,0
0,0.09581150114536285,0
0,0.09581150114536285,0
0,0.09581150114536285,0
0,0.09581150114536285,0
0,0.09581150114536285,0
0,0.09581150114536285,0
0,0.09581150114536285,0
0,0.09581150114536285,0
0,0.09581150114536285,0
0,0.09581150114536285,0
0,0.09581150114536285,0
0,0.09581150114536285,0
0,0.09581150114536285,0
0,0.09581150114536285,0
0,0.09581150114536285,0
0,0.09581150114536285,0
0,0.09581150114536285,0
0,0.09581150114536285,0
0,0.09581150114536285,0
0,0.09581150114536285,0
0,0.09581150114536285,0
0,0.09581150114536285,0
0,0.09581150114536285,0
0,0.09581150114536285,0
0,0.09581150114536285,0
0,0.09581150114536285,0
0,0.09581150114536285,0
0,0.09581150114536285,0
0,0.09581150114536285,0
0,0.09581150114536285,0
0,0.09581150114536285,0
0,0.09581150114536285,0
0,0.09581150114536285,0
0,0.09581150114536285,0
0,0.09581150114536285,0
0,0.09581150114536285,0
0,0.09581150114536285,0
0,0.09581150114536285,0
0,0.09581150114536285,0
0,0.09581150114536285,0
0,0.09581150114536285,0
0,0.09581150114536285,0
0,0.09581150114536285,0
0,0.09581150114536285,0
0,0.09581150114536285,0
0,0.09581150114536285,0
0,0.09581150114536285,0
0,0.09581150114536285,0
0,0.09581150114536285,0
0,0.09581150114536285,0
0,0.09581150114536285,0
0,0.09581150114536285,0
0,0.09581150114536285,0
0,0.09581150114536285,0
0,0.09581150114536285,0
0,0.09581150114536285,0
0,0.09581150114536285,0
0,0.09581150114536285,0
0,0.09581150114536285,0
0,0.09581150114536285,0
0,0.09581150114536285,0
0,0.09581150114536285,0
0,0.09581150114536285,0
0,0.09581150114536285,0
0,0.09581150114536285,0
0,0.09581150114536285,0
0,0.09581150114536285,0
0,0.09581150114536285,0
0,0.09581150114536285,0
0,0.09581150114536285,0
0,0.09581150114536285,0
0,0.09581150114536285,0
0,0.09581150114536285,0
0,0.09581150114536285,0
0,0.09581150114536285,0
0,0.09581150114536285,0
0,0.09581150114536285,0
0,0.09581150114536285,0
0,0.09581150114536285,0
0,0.09581150114536285,0
0,0.09581150114536285,0
0,0.09581150114536285,0
0,0.09581150114536285,0
0,0.09581150114536285,0
0,0.09581150114536285,0
0,0.09581150114536285,0
0,0.09581150114536285,0
0,0.09581150114536285,0
0,0.09581150114536285,0
0,0.09581150114536285,0
0,0.09581150114536285,0
0,0.09581150114536285,0
0,0.09581150114536285,0
0,0.09581150114536285,0
0,0.09581150114536285,0
0,0.09581150114536285,0
0,0.09581150114536285,0
0,0.09581150114536285,0
0,0.09581150114536285,0
0,0.09581150114536285,0
0,0.09581150114536285,0
0,0.09581150114536285,0
0,0.09581150114536285,0
0,0.09581150114536285,0
0,0.09581150114536285,0
0,0.09581150114536285,0
0,0.09581150114536285,0
0,0.09581150114536285,0
0,0.09581150114536285,0
0,0.09581150114536285,0
0,0.09581150114536285,0
0,0.09581150114536285,0
0,0.09581150114536285,0
0,0.09581150114536285,0
0,0.09581150114536285,0
0,0.09581150114536285,0
0,0.09581150114536285,0
0,0.09581150114536285,0
0,0.09581150114536285,0
0,0.09581150114536285,0
0,0.09581150114536285,0
0,0.09581150114536285,0
0,0.09581150114536285,0
0,0.09581150114536285,0
0,0.09581150114536285,0
0,0.09581150114536285,0
0,0.09581150114536285,0
0,0.09581150114536285,0
0,0.09581150114536285,0
0,0.09581150114536285,0
0,0.09581150114536285,0
0,0.09581150114536285,0
0,0.09581150114536285,0
0,0.09581150114536285,0
0,0.09581150114536285,0
0,0.09581150114536285,0
0,0.09581150114536285,0
0,0.09581150114536285,0
0,0.09581150114536285,0
0,0.09581150114536285,0
0,0.09581150114536285,0
0,0.09581150114536285,0
0,0.09581150114536285,0
0,0.09581150114536285,0
0,0.09581150114536285,0
0,0.09581150114536285,0
0,0.09581150114536285,0
0,0.09581150114536285,0
0,0.09581150114536285,0
0,0.09581150114536285,0
0,0.09581150114536285,0
0,0.09581150114536285,0
0,0.09581150114536285,0
0,0.09581150114536285,0
0,0.09581150114536285,0
0,0.09581150114536285,0
0,0.09581150114536285,0
0,0.09581150114536285,0
0,0.09581150114536285,0
0,0.09581150114536285,0
0,0.09581150114536285,0
0,0.09581150114536285,0
0,0.09581150114536285,0
0,0.09581150114536285,0
0,0.09581150114536285,0
0,0.09581150114536285,0
0,0.09581150114536285,0
0,0.09581150114536285,0
0,0.09581150114536285,0
0,0.09581150114536285,0
0,0.09581150114536285,0
0,0.09581150114536285,0
0,0.09581150114536285,0
0,0.09581150114536285,0
0,0.09581150114536285,0
0,0.09581150114536285,0
0,0.09581150114536285,0
0,0.09581150114536285,0
0,0.09581150114536285,0
0,0.09581150114536285,0
0,0.09581150114536285,0
0,0.09581150114536285,0
0,0.09581150114536285,0
0,0.09581150114536285,0
0,0.09581150114536285,0
0,0.09581150114536285,0
0,0.09581150114536285,0
0,0.09581150114536285,0
0,0.09581150114536285,0
0,0.09581150114536285,0
0,0.09581150114536285,0
0,0.09581150114536285,0
0,0.09581150114536285,0
0,0.09581150114536285,0
0,0.09581150114536285,0
0,0.09581150114536285,0
0,0.09581150114536285,0
0,0.09581150114536285,0
0,0.09581150114536285,0
0,0.09581150114536285,0
0,0.09581150114536285,0
0,0.09581150114536285,0
0,0.09581150114536285,0
0,0.09581150114536285,0
0,0.09581150114536285,0
0,0.09581150114536285,0
0,0.09581150114536285,0
0,0.09581150114536285,0
0,0.09581150114536285,0
0,0.09581150114536285,0
0,0.09581150114536285,0
0,0.09581150114536285,0
0,0.6770144104957581,0
0,0.7196396589279175,0
0,0.7175034880638123,0
0,0.6955389380455017,0
0,0.670813798904419,0
0,0.6545332670211792,0
0,0.6471360921859741,0
0,0.5066333413124084,0
0,0.09581150114536285,0
0,0.09581150114536285,0
0,0.09581150114536285,0
0,0.09581150114536285,0
0,0.09581150114536285,0
0,0.09581150114536285,0
0,0.09581150114536285,0
0,0.09581150114536285,0
0,0.09581150114536285,0
0,0.09581150114536285,0
0,0.09581150114536285,0
0,0.09581150114536285,0
0,0.09581150114536285,0
0,0.09581150114536285,0
0,0.09581150114536285,0
0,0.09581150114536285,0
0,0.09581150114536285,0
0,0.09581150114536285,0
0,0.09581150114536285,0
0,0.09581150114536285,0
0,0.09581150114536285,0
0,0.09581150114536285,0
0,0.09581150114536285,0
0,0.09581150114536285,0
0,0.09581150114536285,0
0,0.09581150114536285,0
0,0.09581150114536285,0
0,0.09581150114536285,0
0,0.09581150114536285,0
0,0.09581150114536285,0
0,0.09581150114536285,0
0,0.09581150114536285,0
0,0.09581150114536285,0
0,0.09581150114536285,0
0,0.09581150114536285,0
0,0.09581150114536285,0
0,0.09581150114536285,0
0,0.09581150114536285,0
0,0.09581150114536285,0
0,0.09581150114536285,0
0,0.09581150114536285,0
0,0.09581150114536285,0
0,0.09581150114536285,0
0,0.09581150114536285,0
0,0.09581150114536285,0
0,0.09581150114536285,0
0,0.09581150114536285,0
0,0.09581150114536285,0
0,0.09581150114536285,0
0,0.09581150114536285,0
0,0.09581150114536285,0
0,0.09581150114536285,0
0,0.09581150114536285,0
0,0.09581150114536285,0
0,0.09581150114536285,0
0,0.09581150114536285,0
0,0.09581150114536285,0
0,0.09581150114536285,0
0,0.09581150114536285,0
0,0.09581150114536285,0
0,0.09581150114536285,0
0,0.09581150114536285,0
0,0.09581150114536285,0
0,0.09581150114536285,0
0,0.09581150114536285,0
0,0.09581150114536285,0
0,0.09581150114536285,0
0,0.09581150114536285,0
0,0.09581150114536285,0
0,0.09581150114536285,0
0,0.09581150114536285,0
0,0.09581150114536285,0
0,0.09581150114536285,0
0,0.09581150114536285,0
0,0.09581150114536285,0
0,0.09581150114536285,0
0,0.09581150114536285,0
0,0.09581150114536285,0
0,0.09581150114536285,0
0,0.09581150114536285,0
0,0.09581150114536285,0
0,0.09581150114536285,0
0,0.09581150114536285,0
0,0.09581150114536285,0
0,0.09581150114536285,0
0,0.09581150114536285,0
0,0.09581150114536285,0
0,0.09581150114536285,0
0,0.09581150114536285,0
0,0.09581150114536285,0
0,0.09581150114536285,0
0,0.09581150114536285,0
0,0.09581150114536285,0
0,0.09581150114536285,0
0,0.09581150114536285,0
0,0.09581150114536285,0
0,0.09581150114536285,0
0,0.09581150114536285,0
0,0.09581150114536285,0
0,0.09581150114536285,0
0,0.09581150114536285,0
0,0.09581150114536285,0
0,0.09581150114536285,0
0,0.09581150114536285,0
0,0.09581150114536285,0
0,0.09581150114536285,0
0,0.09581150114536285,0
0,0.09581150114536285,0
0,0.09581150114536285,0
0,0.09581150114536285,0
0,0.09581150114536285,0
0,0.09581150114536285,0
0,0.09581150114536285,0
0,0.09581150114536285,0
0,0.09581150114536285,0
0,0.09581150114536285,0
0,0.09581150114536285,0
0,0.09581150114536285,0
0,0.09581150114536285,0
0,0.09581150114536285,0
0,0.09581150114536285,0
0,0.09581150114536285,0
0,0.09581150114536285,0
0,0.09581150114536285,0
0,0.09581150114536285,0
0,0.09581150114536285,0
0,0.09581150114536285,0
0,0.09581150114536285,0
0,0.09581150114536285,0
0,0.09581150114536285,0
0,0.09581150114536285,0
0,0.09581150114536285,0
0,0.09581150114536285,0
0,0.09581150114536285,0
0,0.09581150114536285,0
0,0.09581150114536285,0
0,0.09581150114536285,0
0,0.09581150114536285,0
0,0.09581150114536285,0
0,0.09581150114536285,0
0,0.09581150114536285,0
0,0.09581150114536285,0
0,0.09581150114536285,0
0,0.09581150114536285,0
0,0.09581150114536285,0
0,0.09581150114536285,0
0,0.09581150114536285,0
0,0.09581150114536285,0
0,0.09581150114536285,0
0,0.09581150114536285,0
0,0.09581150114536285,0
0,0.09581150114536285,0
0,0.09581150114536285,0
0,0.09581150114536285,0
0,0.09581150114536285,0
0,0.09581150114536285,0
0,0.09581150114536285,0
0,0.09581150114536285,0
0,0.09581150114536285,0
0,0.09581150114536285,0
0,0.09581150114536285,0
0,0.09581150114536285,0
0,0.09581150114536285,0
0,0.09581150114536285,0
0,0.09581150114536285,0
0,0.09581150114536285,0
0,0.09581150114536285,0
0,0.09581150114536285,0
0,0.09581150114536285,0
0,0.09581150114536285,0
0,0.09581150114536285,0
0,0.5066333413124084,0
0,0.09581150114536285,0
0,0.09581150114536285,0
0,0.09581150114536285,0
0,0.09581150114536285,0
0,0.09581150114536285,0
0,0.09581150114536285,0
0,0.09581150114536285,0
0,0.09581150114536285,0
0,0.09581150114536285,0
0,0.09581150114536285,0
0,0.09581150114536285,0
0,0.09581150114536285,0
0,0.09581150114536285,0
0,0.09581150114536285,0
0,0.09581150114536285,0
0,0.09581150114536285,0
0,0.09581150114536285,0
0,0.09581150114536285,0
0,0.09581150114536285,0
0,0.09581150114536285,0
0,0.09581150114536285,0
0,0.09581150114536285,0
0,0.09581150114536285,0
0,0.09581150114536285,0
0,0.09581150114536285,0
0,0.09581150114536285,0
0,0.09581150114536285,0
0,0.09581150114536285,0
0,0.09581150114536285,0
0,0.09581150114536285,0
0,0.09581150114536285,0
0,0.09581150114536285,0
0,0.09581150114536285,0
0,0.09581150114536285,0
0,0.09581150114536285,0
0,0.09581150114536285,0
0,0.09581150114536285,0
0,0.09581150114536285,0
0,0.09581150114536285,0
0,0.09581150114536285,0
0,0.09581150114536285,0
0,0.09581150114536285,0
0,0.09581150114536285,0
0,0.09581150114536285,0
0,0.09581150114536285,0
0,0.09581150114536285,0
0,0.09581150114536285,0
0,0.09581150114536285,0
0,0.09581150114536285,0
0,0.09581150114536285,0
0,0.09581150114536285,0
0,0.09581150114536285,0
0,0.09581150114536285,0
0,0.09581150114536285,0
0,0.09581150114536285,0
0,0.09581150114536285,0
0,0.09581150114536285,0
0,0.09581150114536285,0
0,0.09581150114536285,0
0,0.09581150114536285,0
0,0.09581150114536285,0
0,0.09581150114536285,0
0,0.09581150114536285,0
0,0.09581150114536285,0
0,0.09581150114536285,0
0,0.09581150114536285,0
0,0.09581150114536285,0
0,0.09581150114536285,0
0,0.09581150114536285,0
0,0.09581150114536285,0
0,0.09581150114536285,0
0,0.09581150114536285,0
0,0.09581150114536285,0
0,0.09581150114536285,0
0,0.09581150114536285,0
0,0.09581150114536285,0
0,0.09581150114536285,0
0,0.09581150114536285,0
0,0.09581150114536285,0
0,0.09581150114536285,0
0,0.09581150114536285,0
0,0.09581150114536285,0
0,0.09581150114536285,0
0,0.09581150114536285,0
0,0.09581150114536285,0
0,0.09581150114536285,0
0,0.09581150114536285,0
0,0.09581150114536285,0
0,0.09581150114536285,0
0,0.09581150114536285,0
0,0.09581150114536285,0
0,0.09581150114536285,0
0,0.09581150114536285,0
0,0.09581150114536285,0
0,0.09581150114536285,0
0,0.09581150114536285,0
0,0.09581150114536285,0
0,0.09581150114536285,0
0,0.09581150114536285,0
0,0.09581150114536285,0
0,0.09581150114536285,0
0,0.09581150114536285,0
0,0.09581150114536285,0
0,0.09581150114536285,0
0,0.09581150114536285,0
0,0.09581150114536285,0
0,0.09581150114536285,0
0,0.09581150114536285,0
0,0.09581150114536285,0
0,0.09581150114536285,0
0,0.09581150114536285,0
0,0.09581150114536285,0
0,0.09581150114536285,0
0,0.09581150114536285,0
0,0.09581150114536285,0
0,0.09581150114536285,0
0,0.09581150114536285,0
0,0.09581150114536285,0
0,0.09581150114536285,0
0,0.09581150114536285,0
0,0.09581150114536285,0
0,0.09581150114536285,0
0,0.09581150114536285,0
0,0.09581150114536285,0
0,0.09581150114536285,0
0,0.09581150114536285,0
0,0.09581150114536285,0
0,0.09581150114536285,0
0,0.09581150114536285,0
0,0.09581150114536285,0
0,0.09581150114536285,0
0,0.09581150114536285,0
0,0.09581150114536285,0
0,0.09581150114536285,0
0,0.09581150114536285,0
0,0.09581150114536285,0
0,0.09581150114536285,0
0,0.09581150114536285,0
0,0.09581150114536285,0
0,0.09581150114536285,0
0,0.09581150114536285,0
0,0.09581150114536285,0
0,0.09581150114536285,0
0,0.09581150114536285,0
0,0.09581150114536285,0
0,0.09581150114536285,0
0,0.09581150114536285,0
0,0.09581150114536285,0
0,0.09581150114536285,0
0,0.09581150114536285,0
0,0.09581150114536285,0
0,0.09581150114536285,0
0,0.09581150114536285,0
0,0.09581150114536285,0
0,0.09581150114536285,0
0,0.09581150114536285,0
0,0.09581150114536285,0
0,0.09581150114536285,0
0,0.09581150114536285,0
0,0.09581150114536285,0
0,0.09581150114536285,0
0,0.09581150114536285,0
0,0.09581150114536285,0
0,0.09581150114536285,0
0,0.09581150114536285,0
0,0.09581150114536285,0
0,0.09581150114536285,0
0,0.09581150114536285,0
0,0.09581150114536285,0
0,0.09581150114536285,0
0,0.09581150114536285,0
0,0.09581150114536285,0
0,0.09581150114536285,0
0,0.09581150114536285,0
0,0.09581150114536285,0
0,0.09581150114536285,0
0,0.09581150114536285,0
0,0.09581150114536285,0
0,0.09581150114536285,0
0,0.09581150114536285,0
0,0.09581150114536285,0
0,0.09581150114536285,0
0,0.09581150114536285,0
0,0.09581150114536285,0
0,0.09581150114536285,0
0,0.09581150114536285,0
0,0.09581150114536285,0
0,0.09581150114536285,0
0,0.09581150114536285,0
0,0.09581150114536285,0
0,0.09581150114536285,0
0,0.09581150114536285,0
0,0.09581150114536285,0
0,0.09581150114536285,0
0,0.09581150114536285,0
0,0.09581150114536285,0
0,0.09581150114536285,0
0,0.09581150114536285,0
0,0.09581150114536285,0
0,0.09581150114536285,0
0,0.09581150114536285,0
0,0.09581150114536285,0
0,0.09581150114536285,0
0,0.09581150114536285,0
0,0.09581150114536285,0
0,0.09581150114536285,0
0,0.09581150114536285,0
0,0.09581150114536285,0
0,0.09581150114536285,0
0,0.09581150114536285,0
0,0.09581150114536285,0
0,0.09581150114536285,0
0,0.09581150114536285,0
0,0.09581150114536285,0
0,0.09581150114536285,0
0,0.09581150114536285,0
0,0.09581150114536285,0
0,0.09581150114536285,0
0,0.09581150114536285,0
0,0.09581150114536285,0
0,0.09581150114536285,0
0,0.09581150114536285,0
0,0.09581150114536285,0
0,0.09581150114536285,0
0,0.09581150114536285,0
0,0.09581150114536285,0
0,0.09581150114536285,0
0,0.09581150114536285,0
0,0.09581150114536285,0
0,0.09581150114536285,0
0,0.09581150114536285,0
0,0.09581150114536285,0
0,0.09581150114536285,0
0,0.09581150114536285,0
0,0.09581150114536285,0
0,0.09581150114536285,0
0,0.09581150114536285,0
0,0.09581150114536285,0
0,0.09581150114536285,0
0,0.09581150114536285,0
0,0.09581150114536285,0
0,0.09581150114536285,0
0,0.09581150114536285,0
0,0.09581150114536285,0
0,0.09581150114536285,0
0,0.09581150114536285,0
0,0.09581150114536285,0
0,0.09581150114536285,0
0,0.09581150114536285,0
0,0.09581150114536285,0
0,0.09581150114536285,0
0,0.09581150114536285,0
0,0.09581150114536285,0
0,0.09581150114536285,0
0,0.09581150114536285,0
0,0.09581150114536285,0
0,0.09581150114536285,0
0,0.09581150114536285,0
0,0.09581150114536285,0
0,0.09581150114536285,0
0,0.09581150114536285,0
0,0.09581150114536285,0
0,0.09581150114536285,0
0,0.09581150114536285,0
0,0.09581150114536285,0
0,0.09581150114536285,0
0,0.09581150114536285,0
0,0.09581150114536285,0
0,0.09581150114536285,0
0,0.09581150114536285,0
0,0.09581150114536285,0
0,0.09581150114536285,0
0,0.09581150114536285,0
0,0.09581150114536285,0
0,0.09581150114536285,0
0,0.09581150114536285,0
0,0.09581150114536285,0
0,0.09581150114536285,0
0,0.09581150114536285,0
0,0.09581150114536285,0
0,0.09581150114536285,0
0,0.09581150114536285,0
0,0.09581150114536285,0
0,0.09581150114536285,0
0,0.09581150114536285,0
0,0.09581150114536285,0
0,0.09581150114536285,0
0,0.09581150114536285,0
0,0.09581150114536285,0
0,0.09581150114536285,0
0,0.09581150114536285,0
0,0.09581150114536285,0
0,0.09581150114536285,0
0,0.09581150114536285,0
0,0.09581150114536285,0
0,0.09581150114536285,0
0,0.09581150114536285,0
0,0.09581150114536285,0
0,0.09581150114536285,0
0,0.09581150114536285,0
0,0.09581150114536285,0
0,0.09581150114536285,0
0,0.09581150114536285,0
0,0.09581150114536285,0
0,0.09581150114536285,0
0,0.09581150114536285,0
0,0.09581150114536285,0
0,0.09581150114536285,0
0,0.09581150114536285,0
0,0.09581150114536285,0
0,0.09581150114536285,0
0,0.09581150114536285,0
0,0.09581150114536285,0
0,0.09581150114536285,0
0,0.09581150114536285,0
0,0.09581150114536285,0
0,0.09581150114536285,0
0,0.09581150114536285,0
0,0.09581150114536285,0
0,0.09581150114536285,0
0,0.09581150114536285,0
0,0.09581150114536285,0
0,0.09581150114536285,0
0,0.09581150114536285,0
0,0.09581150114536285,0
0,0.09581150114536285,0
0,0.09581150114536285,0
0,0.09581150114536285,0
0,0.09581150114536285,0
0,0.09581150114536285,0
0,0.09581150114536285,0
0,0.09581150114536285,0
0,0.09581150114536285,0
0,0.09581150114536285,0
0,0.09581150114536285,0
0,0.09581150114536285,0
0,0.09581150114536285,0
0,0.09581150114536285,0
0,0.09581150114536285,0
0,0.09581150114536285,0
0,0.09581150114536285,0
0,0.09581150114536285,0
0,0.09581150114536285,0
0,0.09581150114536285,0
0,0.09581150114536285,0
0,0.09581150114536285,0
0,0.09581150114536285,0
0,0.09581150114536285,0
0,0.09581150114536285,0
0,0.09581150114536285,0
0,0.09581150114536285,0
0,0.09581150114536285,0
0,0.09581150114536285,0
0,0.09581150114536285,0
0,0.09581150114536285,0
0,0.09581150114536285,0
0,0.09581150114536285,0
0,0.09581150114536285,0
0,0.09581150114536285,0
0,0.09581150114536285,0
0,0.09581150114536285,0
0,0.09581150114536285,0
0,0.09581150114536285,0
0,0.09581150114536285,0
0,0.09581150114536285,0
0,0.09581150114536285,0
0,0.09581150114536285,0
0,0.09581150114536285,0
0,0.09581150114536285,0
0,0.09581150114536285,0
0,0.09581150114536285,0
0,0.09581150114536285,0
0,0.09581150114536285,0
0,0.09581150114536285,0
0,0.09581150114536285,0
0,0.09581150114536285,0
0,0.09581150114536285,0
0,0.09581150114536285,0
0,0.09581150114536285,0
0,0.09581150114536285,0
0,0.09581150114536285,0
0,0.09581150114536285,0
0,0.09581150114536285,0
0,0.09581150114536285,0
0,0.09581150114536285,0
0,0.09581150114536285,0
0,0.09581150114536285,0
0,0.09581150114536285,0
0,0.09581150114536285,0
0,0.09581150114536285,0
0,0.09581150114536285,0
0,0.09581150114536285,0
0,0.09581150114536285,0
0,0.09581150114536285,0
0,0.09581150114536285,0
0,0.09581150114536285,0
0,0.09581150114536285,0
0,0.09581150114536285,0
0,0.09581150114536285,0
0,0.09581150114536285,0
0,0.09581150114536285,0
0,0.09581150114536285,0
0,0.09581150114536285,0
0,0.09581150114536285,0
0,0.09581150114536285,0
0,0.09581150114536285,0
0,0.09581150114536285,0
0,0.09581150114536285,0
0,0.09581150114536285,0
0,0.09581150114536285,0
0,0.09581150114536285,0
0,0.09581150114536285,0
0,0.09581150114536285,0
0,0.09581150114536285,0
0,0.09581150114536285,0
0,0.09581150114536285,0
0,0.09581150114536285,0
0,0.09581150114536285,0
0,0.09581150114536285,0
0,0.09581150114536285,0
0,0.09581150114536285,0
0,0.09581150114536285,0
0,0.09581150114536285,0
0,0.09581150114536285,0
0,0.09581150114536285,0
0,0.09581150114536285,0
0,0.09581150114536285,0
0,0.09581150114536285,0
0,0.09581150114536285,0
0,0.09581150114536285,0
0,0.09581150114536285,0
0,0.09581150114536285,0
0,0.09581150114536285,0
0,0.09581150114536285,0
0,0.09581150114536285,0
0,0.09581150114536285,0
0,0.09581150114536285,0
0,0.09581150114536285,0
0,0.09581150114536285,0
0,0.09581150114536285,0
0,0.09581150114536285,0
0,0.09581150114536285,0
0,0.09581150114536285,0
0,0.09581150114536285,0
0,0.09581150114536285,0
0,0.09581150114536285,0
0,0.09581150114536285,0
0,0.09581150114536285,0
0,0.09581150114536285,0
0,0.09581150114536285,0
0,0.09581150114536285,0
0,0.09581150114536285,0
0,0.09581150114536285,0
0,0.09581150114536285,0
0,0.09581150114536285,0
0,0.09581150114536285,0
0,0.09581150114536285,0
0,0.09581150114536285,0
0,0.09581150114536285,0
0,0.09581150114536285,0
0,0.09581150114536285,0
0,0.09581150114536285,0
0,0.09581150114536285,0
0,0.09581150114536285,0
0,0.09581150114536285,0
0,0.09581150114536285,0
0,0.09581150114536285,0
0,0.09581150114536285,0
0,0.09581150114536285,0
0,0.09581150114536285,0
0,0.09581150114536285,0
0,0.09581150114536285,0
0,0.09581150114536285,0
0,0.09581150114536285,0
0,0.09581150114536285,0
0,0.09581150114536285,0
0,0.09581150114536285,0
0,0.09581150114536285,0
0,0.09581150114536285,0
0,0.09581150114536285,0
0,0.09581150114536285,0
0,0.09581150114536285,0
0,0.09581150114536285,0
0,0.09581150114536285,0
0,0.09581150114536285,0
0,0.09581150114536285,0
0,0.09581150114536285,0
0,0.09581150114536285,0
0,0.09581150114536285,0
0,0.09581150114536285,0
0,0.09581150114536285,0
0,0.09581150114536285,0
0,0.09581150114536285,0
0,0.09581150114536285,0
0,0.09581150114536285,0
0,0.09581150114536285,0
0,0.09581150114536285,0
0,0.09581150114536285,0
0,0.09581150114536285,0
0,0.09581150114536285,0
0,0.09581150114536285,0
0,0.09581150114536285,0
0,0.09581150114536285,0
0,0.09581150114536285,0
0,0.09581150114536285,0
0,0.09581150114536285,0
0,0.09581150114536285,0
0,0.09581150114536285,0
0,0.09581150114536285,0
0,0.09581150114536285,0
0,0.09581150114536285,0
0,0.09581150114536285,0
0,0.09581150114536285,0
0,0.09581150114536285,0
0,0.09581150114536285,0
0,0.09581150114536285,0
0,0.09581150114536285,0
0,0.09581150114536285,0
0,0.09581150114536285,0
0,0.09581150114536285,0
0,0.09581150114536285,0
0,0.09581150114536285,0
0,0.09581150114536285,0
0,0.09581150114536285,0
0,0.09581150114536285,0
0,0.09581150114536285,0
0,0.09581150114536285,0
0,0.09581150114536285,0
0,0.09581150114536285,0
0,0.09581150114536285,0
0,0.09581150114536285,0
0,0.09581150114536285,0
0,0.09581150114536285,0
0,0.09581150114536285,0
0,0.09581150114536285,0
0,0.09581150114536285,0
0,0.09581150114536285,0
0,0.09581150114536285,0
0,0.09581150114536285,0
0,0.09581150114536285,0
0,0.09581150114536285,0
0,0.09581150114536285,0
0,0.09581150114536285,0
0,0.09581150114536285,0
0,0.09581150114536285,0
0,0.09581150114536285,0
0,0.09581150114536285,0
0,0.09581150114536285,0
0,0.09581150114536285,0
0,0.09581150114536285,0
0,0.09581150114536285,0
0,0.09581150114536285,0
0,0.09581150114536285,0
0,0.09581150114536285,0
0,0.09581150114536285,0
0,0.09581150114536285,0
0,0.09581150114536285,0
0,0.09581150114536285,0
0,0.09581150114536285,0
0,0.09581150114536285,0
0,0.09581150114536285,0
0,0.09581150114536285,0
0,0.09581150114536285,0
0,0.09581150114536285,0
0,0.09581150114536285,0
0,0.09581150114536285,0
0,0.09581150114536285,0
0,0.09581150114536285,0
0,0.09581150114536285,0
0,0.09581150114536285,0
0,0.09581150114536285,0
0,0.09581150114536285,0
0,0.09581150114536285,0
0,0.09581150114536285,0
0,0.09581150114536285,0
0,0.09581150114536285,0
0,0.09581150114536285,0
0,0.09581150114536285,0
0,0.09581150114536285,0
0,0.09581150114536285,0
0,0.09581150114536285,0
0,0.09581150114536285,0
0,0.09581150114536285,0
0,0.09581150114536285,0
0,0.09581150114536285,0
0,0.09581150114536285,0
0,0.09581150114536285,0
0,0.09581150114536285,0
0,0.09581150114536285,0
0,0.09581150114536285,0
0,0.09581150114536285,0
0,0.09581150114536285,0
0,0.09581150114536285,0
0,0.09581150114536285,0
0,0.09581150114536285,0
0,0.09581150114536285,0
0,0.09581150114536285,0
0,0.09581150114536285,0
0,0.09581150114536285,0
0,0.09581150114536285,0
0,0.09581150114536285,0
0,0.09581150114536285,0
0,0.09581150114536285,0
0,0.09581150114536285,0
0,0.09581150114536285,0
0,0.09581150114536285,0
0,0.09581150114536285,0
0,0.09581150114536285,0
0,0.09581150114536285,0
0,0.09581150114536285,0
0,0.09581150114536285,0
0,0.09581150114536285,0
0,0.09581150114536285,0
0,0.09581150114536285,0
0,0.09581150114536285,0
0,0.09581150114536285,0
0,0.09581150114536285,0
0,0.09581150114536285,0
0,0.09581150114536285,0
0,0.09581150114536285,0
0,0.09581150114536285,0
0,0.09581150114536285,0
0,0.09581150114536285,0
0,0.09581150114536285,0
0,0.09581150114536285,0
0,0.09581150114536285,0
0,0.09581150114536285,0
0,0.09581150114536285,0
0,0.09581150114536285,0
0,0.09581150114536285,0
0,0.09581150114536285,0
0,0.09581150114536285,0
0,0.09581150114536285,0
0,0.09581150114536285,0
0,0.09581150114536285,0
0,0.09581150114536285,0
0,0.09581150114536285,0
0,0.09581150114536285,0
0,0.09581150114536285,0
0,0.09581150114536285,0
0,0.09581150114536285,0
0,0.09581150114536285,0
0,0.09581150114536285,0
0,0.09581150114536285,0
0,0.09581150114536285,0
0,0.09581150114536285,0
0,0.09581150114536285,0
0,0.09581150114536285,0
0,0.09581150114536285,0
0,0.09581150114536285,0
0,0.09581150114536285,0
0,0.09581150114536285,0
0,0.09581150114536285,0
0,0.09581150114536285,0
0,0.09581150114536285,0
0,0.09581150114536285,0
0,0.09581150114536285,0
0,0.09581150114536285,0
0,0.09581150114536285,0
0,0.09581150114536285,0
0,0.09581150114536285,0
0,0.09581150114536285,0
0,0.09581150114536285,0
0,0.09581150114536285,0
0,0.09581150114536285,0
0,0.09581150114536285,0
0,0.09581150114536285,0
0,0.09581150114536285,0
0,0.09581150114536285,0
0,0.09581150114536285,0
0,0.09581150114536285,0
0,0.09581150114536285,0
0,0.09581150114536285,0
0,0.09581150114536285,0
0,0.09581150114536285,0
0,0.09581150114536285,0
0,0.09581150114536285,0
0,0.09581150114536285,0
0,0.09581150114536285,0
0,0.09581150114536285,0
0,0.09581150114536285,0
0,0.09581150114536285,0
0,0.09581150114536285,0
0,0.09581150114536285,0
0,0.09581150114536285,0
0,0.09581150114536285,0
0,0.09581150114536285,0
0,0.09581150114536285,0
0,0.09581150114536285,0
0,0.09581150114536285,0
0,0.09581150114536285,0
0,0.09581150114536285,0
0,0.09581150114536285,0
0,0.09581150114536285,0
0,0.09581150114536285,0
0,0.09581150114536285,0
0,0.09581150114536285,0
0,0.09581150114536285,0
0,0.09581150114536285,0
0,0.09581150114536285,0
0,0.09581150114536285,0
0,0.09581150114536285,0
0,0.09581150114536285,0
0,0.09581150114536285,0
0,0.09581150114536285,0
0,0.09581150114536285,0
0,0.09581150114536285,0
0,0.09581150114536285,0
0,0.09581150114536285,0
0,0.09581150114536285,0
0,0.09581150114536285,0
0,0.09581150114536285,0
0,0.09581150114536285,0
0,0.09581150114536285,0
0,0.09581150114536285,0
0,0.09581150114536285,0
0,0.09581150114536285,0
0,0.09581150114536285,0
0,0.09581150114536285,0
0,0.09581150114536285,0
0,0.09581150114536285,0
0,0.09581150114536285,0
0,0.09581150114536285,0
0,0.09581150114536285,0
0,0.09581150114536285,0
0,0.09581150114536285,0
0,0.09581150114536285,0
0,0.09581150114536285,0
0,0.09581150114536285,0
0,0.09581150114536285,0
0,0.09581150114536285,0
0,0.09581150114536285,0
0,0.09581150114536285,0
0,0.09581150114536285,0
0,0.09581150114536285,0
0,0.09581150114536285,0
0,0.09581150114536285,0
0,0.09581150114536285,0
0,0.09581150114536285,0
0,0.09581150114536285,0
0,0.09581150114536285,0
0,0.09581150114536285,0
0,0.09581150114536285,0
0,0.09581150114536285,0
0,0.09581150114536285,0
0,0.09581150114536285,0
0,0.09581150114536285,0
0,0.09581150114536285,0
0,0.09581150114536285,0
0,0.09581150114536285,0
0,0.09581150114536285,0
0,0.09581150114536285,0
0,0.09581150114536285,0
0,0.09581150114536285,0
0,0.09581150114536285,0
0,0.09581150114536285,0
0,0.09581150114536285,0
0,0.09581150114536285,0
0,0.09581150114536285,0
0,0.09581150114536285,0
0,0.09581150114536285,0
0,0.09581150114536285,0
0,0.09581150114536285,0
0,0.09581150114536285,0
0,0.09581150114536285,0
0,0.09581150114536285,0
0,0.09581150114536285,0
0,0.09581150114536285,0
0,0.09581150114536285,0
0,0.09581150114536285,0
0,0.09581150114536285,0
0,0.09581150114536285,0
0,0.09581150114536285,0
0,0.09581150114536285,0
0,0.09581150114536285,0
0,0.09581150114536285,0
0,0.09581150114536285,0
0,0.09581150114536285,0
0,0.09581150114536285,0
0,0.09581150114536285,0
0,0.09581150114536285,0
0,0.09581150114536285,0
0,0.09581150114536285,0
0,0.09581150114536285,0
0,0.09581150114536285,0
0,0.09581150114536285,0
0,0.09581150114536285,0
0,0.09581150114536285,0
0,0.09581150114536285,0
0,0.09581150114536285,0
0,0.09581150114536285,0
0,0.09581150114536285,0
0,0.09581150114536285,0
0,0.09581150114536285,0
0,0.09581150114536285,0
0,0.09581150114536285,0
0,0.09581150114536285,0
0,0.09581150114536285,0
0,0.09581150114536285,0
0,0.09581150114536285,0
0,0.09581150114536285,0
0,0.09581150114536285,0
0,0.09581150114536285,0
0,0.09581150114536285,0
0,0.09581150114536285,0
0,0.09581150114536285,0
0,0.09581150114536285,0
0,0.09581150114536285,0
0,0.09581150114536285,0
0,0.09581150114536285,0
0,0.09581150114536285,0
0,0.09581150114536285,0
0,0.09581150114536285,0
0,0.09581150114536285,0
0,0.09581150114536285,0
0,0.09581150114536285,0
0,0.09581150114536285,0
0,0.09581150114536285,0
0,0.09581150114536285,0
0,0.09581150114536285,0
0,0.09581150114536285,0
0,0.09581150114536285,0
0,0.09581150114536285,0
0,0.09581150114536285,0
0,0.09581150114536285,0
0,0.09581150114536285,0
0,0.09581150114536285,0
0,0.09581150114536285,0
0,0.09581150114536285,0
0,0.09581150114536285,0
0,0.09581150114536285,0
0,0.09581150114536285,0
0,0.09581150114536285,0
0,0.09581150114536285,0
0,0.09581150114536285,0
0,0.09581150114536285,0
0,0.09581150114536285,0
0,0.09581150114536285,0
0,0.09581150114536285,0
0,0.09581150114536285,0
0,0.09581150114536285,0
0,0.09581150114536285,0
0,0.09581150114536285,0
0,0.09581150114536285,0
0,0.09581150114536285,0
0,0.09581150114536285,0
0,0.09581150114536285,0
0,0.09581150114536285,0
0,0.09581150114536285,0
0,0.09581150114536285,0
0,0.09581150114536285,0
0,0.09581150114536285,0
0,0.09581150114536285,0
0,0.09581150114536285,0
0,0.09581150114536285,0
0,0.09581150114536285,0
0,0.09581150114536285,0
0,0.09581150114536285,0
0,0.09581150114536285,0
0,0.09581150114536285,0
0,0.09581150114536285,0
0,0.09581150114536285,0
0,0.09581150114536285,0
0,0.09581150114536285,0
0,0.09581150114536285,0
0,0.09581150114536285,0
0,0.09581150114536285,0
0,0.09581150114536285,0
0,0.09581150114536285,0
0,0.09581150114536285,0
0,0.09581150114536285,0
0,0.09581150114536285,0
0,0.09581150114536285,0
0,0.09581150114536285,0
0,0.09581150114536285,0
0,0.09581150114536285,0
0,0.09581150114536285,0
0,0.09581150114536285,0
0,0.09581150114536285,0
0,0.09581150114536285,0
0,0.09581150114536285,0
0,0.09581150114536285,0
0,0.09581150114536285,0
0,0.09581150114536285,0
0,0.09581150114536285,0
0,0.09581150114536285,0
0,0.09581150114536285,0
0,0.09581150114536285,0
0,0.09581150114536285,0
0,0.09581150114536285,0
0,0.09581150114536285,0
0,0.09581150114536285,0
0,0.09581150114536285,0
0,0.09581150114536285,0
0,0.09581150114536285,0
0,0.09581150114536285,0
0,0.09581150114536285,0
0,0.09581150114536285,0
0,0.09581150114536285,0
0,0.09581150114536285,0
0,0.09581150114536285,0
0,0.09581150114536285,0
0,0.09581150114536285,0
0,0.09581150114536285,0
0,0.09581150114536285,0
0,0.09581150114536285,0
0,0.09581150114536285,0
0,0.09581150114536285,0
0,0.09581150114536285,0
0,0.09581150114536285,0
0,0.09581150114536285,0
0,0.09581150114536285,0
0,0.09581150114536285,0
0,0.09581150114536285,0
0,0.09581150114536285,0
0,0.09581150114536285,0
0,0.09581150114536285,0
0,0.09581150114536285,0
0,0.09581150114536285,0
0,0.09581150114536285,0
0,0.09581150114536285,0
0,0.09581150114536285,0
0,0.09581150114536285,0
0,0.09581150114536285,0
0,0.09581150114536285,0
0,0.09581150114536285,0
0,0.09581150114536285,0
0,0.09581150114536285,0
0,0.09581150114536285,0
0,0.09581150114536285,0
0,0.09581150114536285,0
0,0.09581150114536285,0
0,0.09581150114536285,0
0,0.09581150114536285,0
0,0.09581150114536285,0
0,0.09581150114536285,0
0,0.09581150114536285,0
0,0.09581150114536285,0
0,0.09581150114536285,0
0,0.09581150114536285,0
0,0.09581150114536285,0
0,0.09581150114536285,0
0,0.09581150114536285,0
0,0.09581150114536285,0
0,0.09581150114536285,0
0,0.09581150114536285,0
0,0.09581150114536285,0
0,0.09581150114536285,0
0,0.09581150114536285,0
0,0.09581150114536285,0
0,0.09581150114536285,0
0,0.09581150114536285,0
0,0.09581150114536285,0
0,0.09581150114536285,0
0,0.09581150114536285,0
0,0.09581150114536285,0
0,0.09581150114536285,0
0,0.09581150114536285,0
0,0.09581150114536285,0
0,0.09581150114536285,0
0,0.09581150114536285,0
0,0.09581150114536285,0
0,0.09581150114536285,0
0,0.09581150114536285,0
0,0.09581150114536285,0
0,0.09581150114536285,0
0,0.09581150114536285,0
0,0.09581150114536285,0
0,0.09581150114536285,0
0,0.09581150114536285,0
0,0.09581150114536285,0
0,0.09581150114536285,0
0,0.09581150114536285,0
0,0.09581150114536285,0
0,0.09581150114536285,0
0,0.09581150114536285,0
0,0.09581150114536285,0
0,0.09581150114536285,0
0,0.09581150114536285,0
0,0.09581150114536285,0
0,0.09581150114536285,0
0,0.09581150114536285,0
0,0.09581150114536285,0
0,0.09581150114536285,0
0,0.09581150114536285,0
0,0.09581150114536285,0
0,0.09581150114536285,0
0,0.09581150114536285,0
0,0.09581150114536285,0
0,0.09581150114536285,0
0,0.09581150114536285,0
0,0.09581150114536285,0
0,0.09581150114536285,0
0,0.09581150114536285,0
0,0.09581150114536285,0
0,0.09581150114536285,0
0,0.09581150114536285,0
0,0.09581150114536285,0
0,0.09581150114536285,0
0,0.09581150114536285,0
0,0.09581150114536285,0
0,0.09581150114536285,0
0,0.09581150114536285,0
0,0.09581150114536285,0
0,0.09581150114536285,0
0,0.09581150114536285,0
0,0.09581150114536285,0
0,0.09581150114536285,0
0,0.09581150114536285,0
0,0.09581150114536285,0
0,0.09581150114536285,0
0,0.09581150114536285,0
0,0.09581150114536285,0
0,0.09581150114536285,0
0,0.09581150114536285,0
0,0.09581150114536285,0
0,0.09581150114536285,0
0,0.09581150114536285,0
0,0.09581150114536285,0
0,0.09581150114536285,0
0,0.09581150114536285,0
0,0.09581150114536285,0
0,0.09581150114536285,0
0,0.09581150114536285,0
0,0.09581150114536285,0
0,0.09581150114536285,0
0,0.09581150114536285,0
0,0.09581150114536285,0
0,0.09581150114536285,0
0,0.09581150114536285,0
0,0.09581150114536285,0
0,0.09581150114536285,0
0,0.09581150114536285,0
0,0.09581150114536285,0
0,0.09581150114536285,0
0,0.09581150114536285,0
0,0.09581150114536285,0
0,0.09581150114536285,0
0,0.09581150114536285,0
0,0.09581150114536285,0
0,0.09581150114536285,0
0,0.09581150114536285,0
0,0.09581150114536285,0
0,0.09581150114536285,0
0,0.09581150114536285,0
0,0.09581150114536285,0
0,0.09581150114536285,0
0,0.09581150114536285,0
0,0.09581150114536285,0
0,0.09581150114536285,0
0,0.09581150114536285,0
0,0.09581150114536285,0
0,0.09581150114536285,0
0,0.09581150114536285,0
0,0.09581150114536285,0
0,0.09581150114536285,0
0,0.09581150114536285,0
0,0.09581150114536285,0
0,0.09581150114536285,0
0,0.09581150114536285,0
0,0.09581150114536285,0
0,0.09581150114536285,0
0,0.09581150114536285,0
0,0.09581150114536285,0
0,0.09581150114536285,0
0,0.09581150114536285,0
0,0.09581150114536285,0
0,0.09581150114536285,0
0,0.09581150114536285,0
0,0.09581150114536285,0
0,0.09581150114536285,0
0,0.09581150114536285,0
0,0.09581150114536285,0
0,0.09581150114536285,0
0,0.09581150114536285,0
0,0.09581150114536285,0
0,0.09581150114536285,0
0,0.09581150114536285,0
0,0.09581150114536285,0
0,0.09581150114536285,0
0,0.09581150114536285,0
0,0.09581150114536285,0
0,0.09581150114536285,0
0,0.09581150114536285,0
0,0.09581150114536285,0
0,0.09581150114536285,0
0,0.09581150114536285,0
0,0.09581150114536285,0
0,0.09581150114536285,0
0,0.09581150114536285,0
0,0.09581150114536285,0
0,0.09581150114536285,0
0,0.09581150114536285,0
0,0.09581150114536285,0
0,0.09581150114536285,0
0,0.09581150114536285,0
0,0.09581150114536285,0
0,0.09581150114536285,0
0,0.09581150114536285,0
0,0.09581150114536285,0
0,0.09581150114536285,0
0,0.09581150114536285,0
0,0.09581150114536285,0
0,0.09581150114536285,0
0,0.09581150114536285,0
0,0.09581150114536285,0
0,0.09581150114536285,0
0,0.09581150114536285,0
0,0.09581150114536285,0
0,0.09581150114536285,0
0,0.09581150114536285,0
0,0.09581150114536285,0
0,0.09581150114536285,0
0,0.09581150114536285,0
0,0.09581150114536285,0
0,0.09581150114536285,0
0,0.09581150114536285,0
0,0.09581150114536285,0
0,0.09581150114536285,0
0,0.09581150114536285,0
0,0.09581150114536285,0
0,0.09581150114536285,0
0,0.09581150114536285,0
0,0.09581150114536285,0
0,0.09581150114536285,0
0,0.09581150114536285,0
0,0.09581150114536285,0
0,0.09581150114536285,0
0,0.09581150114536285,0
0,0.09581150114536285,0
0,0.09581150114536285,0
0,0.09581150114536285,0
0,0.09581150114536285,0
0,0.09581150114536285,0
0,0.09581150114536285,0
0,0.09581150114536285,0
0,0.09581150114536285,0
0,0.09581150114536285,0
0,0.09581150114536285,0
0,0.09581150114536285,0
0,0.09581150114536285,0
0,0.09581150114536285,0
0,0.09581150114536285,0
0,0.09581150114536285,0
0,0.09581150114536285,0
0,0.09581150114536285,0
0,0.09581150114536285,0
0,0.09581150114536285,0
0,0.09581150114536285,0
0,0.09581150114536285,0
0,0.09581150114536285,0
0,0.09581150114536285,0
0,0.09581150114536285,0
0,0.09581150114536285,0
0,0.09581150114536285,0
0,0.09581150114536285,0
0,0.09581150114536285,0
0,0.09581150114536285,0
0,0.09581150114536285,0
0,0.09581150114536285,0
0,0.09581150114536285,0
0,0.09581150114536285,0
0,0.09581150114536285,0
0,0.09581150114536285,0
0,0.09581150114536285,0
0,0.09581150114536285,0
0,0.09581150114536285,0
0,0.09581150114536285,0
0,0.09581150114536285,0
0,0.09581150114536285,0
0,0.09581150114536285,0
0,0.09581150114536285,0
0,0.09581150114536285,0
0,0.09581150114536285,0
0,0.09581150114536285,0
0,0.09581150114536285,0
0,0.09581150114536285,0
0,0.09581150114536285,0
0,0.09581150114536285,0
0,0.09581150114536285,0
0,0.09581150114536285,0
0,0.09581150114536285,0
0,0.09581150114536285,0
0,0.09581150114536285,0
0,0.09581150114536285,0
0,0.09581150114536285,0
0,0.09581150114536285,0
0,0.09581150114536285,0
0,0.09581150114536285,0
0,0.09581150114536285,0
0,0.09581150114536285,0
0,0.09581150114536285,0
0,0.09581150114536285,0
0,0.09581150114536285,0
0,0.09581150114536285,0
0,0.09581150114536285,0
0,0.09581150114536285,0
0,0.09581150114536285,0
0,0.09581150114536285,0
0,0.09581150114536285,0
0,0.09581150114536285,0
0,0.09581150114536285,0
0,0.09581150114536285,0
0,0.09581150114536285,0
0,0.09581150114536285,0
0,0.09581150114536285,0
0,0.09581150114536285,0
0,0.09581150114536285,0
0,0.09581150114536285,0
0,0.09581150114536285,0
0,0.09581150114536285,0
0,0.09581150114536285,0
0,0.09581150114536285,0
0,0.09581150114536285,0
0,0.09581150114536285,0
0,0.09581150114536285,0
0,0.09581150114536285,0
0,0.09581150114536285,0
0,0.09581150114536285,0
0,0.09581150114536285,0
0,0.09581150114536285,0
0,0.09581150114536285,0
0,0.09581150114536285,0
0,0.09581150114536285,0
0,0.09581150114536285,0
0,0.09581150114536285,0
0,0.09581150114536285,0
0,0.09581150114536285,0
0,0.09581150114536285,0
0,0.09581150114536285,0
0,0.09581150114536285,0
0,0.09581150114536285,0
0,0.09581150114536285,0
0,0.09581150114536285,0
0,0.09581150114536285,0
0,0.09581150114536285,0
0,0.09581150114536285,0
0,0.09581150114536285,0
0,0.09581150114536285,0
0,0.09581150114536285,0
0,0.09581150114536285,0
0,0.09581150114536285,0
0,0.09581150114536285,0
0,0.09581150114536285,0
0,0.09581150114536285,0
0,0.09581150114536285,0
0,0.09581150114536285,0
0,0.09581150114536285,0
0,0.09581150114536285,0
0,0.09581150114536285,0
0,0.09581150114536285,0
0,0.09581150114536285,0
0,0.09581150114536285,0
0,0.09581150114536285,0
0,0.09581150114536285,0
0,0.09581150114536285,0
0,0.09581150114536285,0
0,0.09581150114536285,0
0,0.09581150114536285,0
0,0.09581150114536285,0
0,0.09581150114536285,0
0,0.09581150114536285,0
0,0.09581150114536285,0
0,0.09581150114536285,0
0,0.09581150114536285,0
0,0.09581150114536285,0
0,0.09581150114536285,0
0,0.09581150114536285,0
0,0.09581150114536285,0
0,0.09581150114536285,0
0,0.09581150114536285,0
0,0.09581150114536285,0
0,0.09581150114536285,0
0,0.09581150114536285,0
0,0.09581150114536285,0
0,0.09581150114536285,0
0,0.09581150114536285,0
0,0.09581150114536285,0
0,0.09581150114536285,0
0,0.09581150114536285,0
0,0.09581150114536285,0
0,0.09581150114536285,0
0,0.09581150114536285,0
0,0.09581150114536285,0
0,0.09581150114536285,0
0,0.09581150114536285,0
0,0.09581150114536285,0
0,0.09581150114536285,0
0,0.09581150114536285,0
0,0.09581150114536285,0
0,0.09581150114536285,0
0,0.09581150114536285,0
0,0.09581150114536285,0
0,0.09581150114536285,0
0,0.09581150114536285,0
0,0.09581150114536285,0
0,0.09581150114536285,0
0,0.09581150114536285,0
0,0.09581150114536285,0
0,0.09581150114536285,0
0,0.09581150114536285,0
0,0.09581150114536285,0
0,0.09581150114536285,0
0,0.09581150114536285,0
0,0.09581150114536285,0
0,0.09581150114536285,0
0,0.09581150114536285,0
0,0.09581150114536285,0
0,0.09581150114536285,0
0,0.09581150114536285,0
0,0.09581150114536285,0
0,0.09581150114536285,0
0,0.09581150114536285,0
0,0.09581150114536285,0
0,0.09581150114536285,0
0,0.09581150114536285,0
0,0.09581150114536285,0
0,0.09581150114536285,0
0,0.09581150114536285,0
0,0.09581150114536285,0
0,0.09581150114536285,0
0,0.09581150114536285,0
0,0.09581150114536285,0
0,0.09581150114536285,0
0,0.09581150114536285,0
0,0.09581150114536285,0
0,0.09581150114536285,0
0,0.09581150114536285,0
0,0.09581150114536285,0
0,0.09581150114536285,0
0,0.09581150114536285,0
0,0.09581150114536285,0
0,0.09581150114536285,0
0,0.09581150114536285,0
0,0.09581150114536285,0
0,0.09581150114536285,0
0,0.09581150114536285,0
0,0.09581150114536285,0
0,0.09581150114536285,0
0,0.09581150114536285,0
0,0.09581150114536285,0
0,0.09581150114536285,0
0,0.09581150114536285,0
0,0.09581150114536285,0
0,0.09581150114536285,0
0,0.09581150114536285,0
0,0.09581150114536285,0
0,0.09581150114536285,0
0,0.09581150114536285,0
0,0.09581150114536285,0
0,0.09581150114536285,0
0,0.09581150114536285,0
0,0.09581150114536285,0
0,0.09581150114536285,0
0,0.09581150114536285,0
0,0.09581150114536285,0
0,0.09581150114536285,0
0,0.09581150114536285,0
0,0.09581150114536285,0
0,0.09581150114536285,0
0,0.09581150114536285,0
0,0.09581150114536285,0
0,0.09581150114536285,0
0,0.09581150114536285,0
0,0.09581150114536285,0
0,0.09581150114536285,0
0,0.09581150114536285,0
0,0.09581150114536285,0
0,0.09581150114536285,0
0,0.09581150114536285,0
0,0.09581150114536285,0
0,0.09581150114536285,0
0,0.09581150114536285,0
0,0.09581150114536285,0
0,0.09581150114536285,0
0,0.09581150114536285,0
0,0.09581150114536285,0
0,0.09581150114536285,0
0,0.09581150114536285,0
0,0.09581150114536285,0
0,0.09581150114536285,0
0,0.09581150114536285,0
0,0.09581150114536285,0
0,0.09581150114536285,0
0,0.09581150114536285,0
0,0.09581150114536285,0
0,0.09581150114536285,0
0,0.09581150114536285,0
0,0.09581150114536285,0
0,0.09581150114536285,0
0,0.09581150114536285,0
0,0.09581150114536285,0
0,0.09581150114536285,0
0,0.09581150114536285,0
0,0.09581150114536285,0
0,0.09581150114536285,0
0,0.09581150114536285,0
0,0.09581150114536285,0
0,0.09581150114536285,0
0,0.09581150114536285,0
0,0.09581150114536285,0
0,0.09581150114536285,0
0,0.09581150114536285,0
0,0.09581150114536285,0
0,0.09581150114536285,0
0,0.09581150114536285,0
0,0.09581150114536285,0
0,0.09581150114536285,0
0,0.09581150114536285,0
0,0.09581150114536285,0
0,0.09581150114536285,0
0,0.09581150114536285,0
0,0.09581150114536285,0
0,0.09581150114536285,0
0,0.09581150114536285,0
0,0.09581150114536285,0
0,0.09581150114536285,0
0,0.09581150114536285,0
0,0.09581150114536285,0
0,0.09581150114536285,0
0,0.09581150114536285,0
0,0.09581150114536285,0
0,0.09581150114536285,0
0,0.09581150114536285,0
0,0.09581150114536285,0
0,0.09581150114536285,0
0,0.09581150114536285,0
0,0.09581150114536285,0
0,0.09581150114536285,0
0,0.09581150114536285,0
0,0.09581150114536285,0
0,0.09581150114536285,0
0,0.09581150114536285,0
0,0.09581150114536285,0
0,0.09581150114536285,0
0,0.09581150114536285,0
0,0.09581150114536285,0
0,0.09581150114536285,0
0,0.09581150114536285,0
0,0.09581150114536285,0
0,0.09581150114536285,0
0,0.09581150114536285,0
0,0.09581150114536285,0
0,0.09581150114536285,0
0,0.09581150114536285,0
0,0.09581150114536285,0
0,0.09581150114536285,0
0,0.09581150114536285,0
0,0.09581150114536285,0
0,0.09581150114536285,0
0,0.09581150114536285,0
0,0.09581150114536285,0
0,0.09581150114536285,0
0,0.09581150114536285,0
0,0.09581150114536285,0
0,0.09581150114536285,0
0,0.09581150114536285,0
0,0.09581150114536285,0
0,0.09581150114536285,0
0,0.09581150114536285,0
0,0.09581150114536285,0
0,0.09581150114536285,0
0,0.09581150114536285,0
0,0.09581150114536285,0
0,0.09581150114536285,0
0,0.09581150114536285,0
0,0.09581150114536285,0
0,0.09581150114536285,0
0,0.09581150114536285,0
0,0.09581150114536285,0
0,0.09581150114536285,0
0,0.09581150114536285,0
0,0.09581150114536285,0
0,0.09581150114536285,0
0,0.09581150114536285,0
0,0.09581150114536285,0
0,0.09581150114536285,0
0,0.09581150114536285,0
0,0.09581150114536285,0
0,0.09581150114536285,0
0,0.09581150114536285,0
0,0.09581150114536285,0
0,0.09581150114536285,0
0,0.09581150114536285,0
0,0.09581150114536285,0
0,0.09581150114536285,0
0,0.09581150114536285,0
0,0.09581150114536285,0
0,0.09581150114536285,0
0,0.09581150114536285,0
0,0.09581150114536285,0
0,0.09581150114536285,0
0,0.09581150114536285,0
0,0.09581150114536285,0
0,0.09581150114536285,0
0,0.09581150114536285,0
0,0.09581150114536285,0
0,0.09581150114536285,0
0,0.09581150114536285,0
0,0.09581150114536285,0
0,0.09581150114536285,0
0,0.09581150114536285,0
0,0.09581150114536285,0
0,0.09581150114536285,0
0,0.09581150114536285,0
0,0.09581150114536285,0
0,0.09581150114536285,0
0,0.09581150114536285,0
0,0.09581150114536285,0
0,0.09581150114536285,0
0,0.09581150114536285,0
0,0.09581150114536285,0
0,0.09581150114536285,0
0,0.09581150114536285,0
0,0.09581150114536285,0
0,0.09581150114536285,0
0,0.09581150114536285,0
0,0.09581150114536285,0
0,0.09581150114536285,0
0,0.09581150114536285,0
0,0.09581150114536285,0
0,0.09581150114536285,0
0,0.09581150114536285,0
0,0.09581150114536285,0
0,0.09581150114536285,0
0,0.09581150114536285,0
0,0.09581150114536285,0
0,0.09581150114536285,0
0,0.09581150114536285,0
0,0.09581150114536285,0
0,0.09581150114536285,0
0,0.09581150114536285,0
0,0.09581150114536285,0
0,0.09581150114536285,0
0,0.09581150114536285,0
0,0.09581150114536285,0
0,0.09581150114536285,0
0,0.09581150114536285,0
0,0.09581150114536285,0
0,0.09581150114536285,0
0,0.09581150114536285,0
0,0.09581150114536285,0
0,0.09581150114536285,0
0,0.09581150114536285,0
0,0.09581150114536285,0
0,0.09581150114536285,0
0,0.09581150114536285,0
0,0.09581150114536285,0
0,0.09581150114536285,0
0,0.09581150114536285,0
0,0.09581150114536285,0
0,0.09581150114536285,0
0,0.09581150114536285,0
0,0.09581150114536285,0
0,0.09581150114536285,0
0,0.09581150114536285,0
0,0.09581150114536285,0
0,0.09581150114536285,0
0,0.09581150114536285,0
0,0.09581150114536285,0
0,0.09581150114536285,0
0,0.09581150114536285,0
0,0.09581150114536285,0
0,0.09581150114536285,0
0,0.09581150114536285,0
0,0.09581150114536285,0
0,0.09581150114536285,0
0,0.09581150114536285,0
0,0.09581150114536285,0
0,0.09581150114536285,0
0,0.09581150114536285,0
0,0.09581150114536285,0
0,0.09581150114536285,0
0,0.09581150114536285,0
0,0.09581150114536285,0
0,0.09581150114536285,0
0,0.09581150114536285,0
0,0.09581150114536285,0
0,0.09581150114536285,0
0,0.09581150114536285,0
0,0.09581150114536285,0
0,0.09581150114536285,0
0,0.09581150114536285,0
0,0.09581150114536285,0
0,0.09581150114536285,0
0,0.09581150114536285,0
0,0.09581150114536285,0
0,0.09581150114536285,0
0,0.09581150114536285,0
0,0.09581150114536285,0
0,0.09581150114536285,0
0,0.09581150114536285,0
0,0.09581150114536285,0
0,0.09581150114536285,0
0,0.09581150114536285,0
0,0.09581150114536285,0
0,0.09581150114536285,0
0,0.09581150114536285,0
0,0.09581150114536285,0
0,0.09581150114536285,0
0,0.09581150114536285,0
0,0.09581150114536285,0
0,0.09581150114536285,0
0,0.09581150114536285,0
0,0.09581150114536285,0
0,0.09581150114536285,0
0,0.09581150114536285,0
0,0.09581150114536285,0
0,0.09581150114536285,0
0,0.09581150114536285,0
0,0.09581150114536285,0
0,0.09581150114536285,0
0,0.09581150114536285,0
0,0.09581150114536285,0
0,0.09581150114536285,0
0,0.09581150114536285,0
0,0.09581150114536285,0
0,0.09581150114536285,0
0,0.09581150114536285,0
0,0.09581150114536285,0
0,0.09581150114536285,0
0,0.09581150114536285,0
0,0.09581150114536285,0
0,0.09581150114536285,0
0,0.09581150114536285,0
0,0.09581150114536285,0
0,0.09581150114536285,0
0,0.09581150114536285,0
0,0.09581150114536285,0
0,0.09581150114536285,0
0,0.09581150114536285,0
0,0.09581150114536285,0
0,0.09581150114536285,0
0,0.09581150114536285,0
0,0.09581150114536285,0
0,0.09581150114536285,0
0,0.09581150114536285,0
0,0.09581150114536285,0
0,0.09581150114536285,0
0,0.09581150114536285,0
0,0.09581150114536285,0
0,0.09581150114536285,0
0,0.09581150114536285,0
0,0.09581150114536285,0
0,0.09581150114536285,0
0,0.09581150114536285,0
0,0.09581150114536285,0
0,0.09581150114536285,0
0,0.09581150114536285,0
0,0.09581150114536285,0
0,0.09581150114536285,0
0,0.09581150114536285,0
0,0.09581150114536285,0
0,0.09581150114536285,0
0,0.09581150114536285,0
0,0.09581150114536285,0
0,0.09581150114536285,0
0,0.09581150114536285,0
0,0.09581150114536285,0
0,0.09581150114536285,0
0,0.09581150114536285,0
0,0.09581150114536285,0
0,0.09581150114536285,0
0,0.09581150114536285,0
0,0.09581150114536285,0
0,0.09581150114536285,0
0,0.09581150114536285,0
0,0.09581150114536285,0
0,0.09581150114536285,0
0,0.09581150114536285,0
0,0.09581150114536285,0
0,0.09581150114536285,0
0,0.09581150114536285,0
0,0.09581150114536285,0
0,0.09581150114536285,0
0,0.09581150114536285,0
0,0.09581150114536285,0
0,0.09581150114536285,0
0,0.09581150114536285,0
0,0.09581150114536285,0
0,0.09581150114536285,0
0,0.09581150114536285,0
0,0.09581150114536285,0
0,0.09581150114536285,0
0,0.09581150114536285,0
0,0.09581150114536285,0
0,0.09581150114536285,0
0,0.09581150114536285,0
0,0.09581150114536285,0
0,0.09581150114536285,0
0,0.09581150114536285,0
0,0.09581150114536285,0
0,0.09581150114536285,0
0,0.09581150114536285,0
0,0.09581150114536285,0
0,0.09581150114536285,0
0,0.09581150114536285,0
0,0.09581150114536285,0
0,0.09581150114536285,0
0,0.09581150114536285,0
0,0.09581150114536285,0
0,0.09581150114536285,0
0,0.09581150114536285,0
0,0.09581150114536285,0
0,0.09581150114536285,0
0,0.09581150114536285,0
0,0.09581150114536285,0
0,0.09581150114536285,0
0,0.09581150114536285,0
0,0.09581150114536285,0
0,0.09581150114536285,0
0,0.09581150114536285,0
0,0.09581150114536285,0
0,0.09581150114536285,0
0,0.09581150114536285,0
0,0.09581150114536285,0
0,0.09581150114536285,0
0,0.09581150114536285,0
0,0.09581150114536285,0
0,0.09581150114536285,0
0,0.09581150114536285,0
0,0.09581150114536285,0
0,0.09581150114536285,0
0,0.09581150114536285,0
0,0.09581150114536285,0
0,0.09581150114536285,0
0,0.09581150114536285,0
0,0.09581150114536285,0
0,0.09581150114536285,0
0,0.09581150114536285,0
0,0.09581150114536285,0
0,0.09581150114536285,0
0,0.09581150114536285,0
0,0.09581150114536285,0
0,0.09581150114536285,0
0,0.09581150114536285,0
0,0.09581150114536285,0
0,0.09581150114536285,0
0,0.09581150114536285,0
0,0.09581150114536285,0
0,0.09581150114536285,0
0,0.09581150114536285,0
0,0.09581150114536285,0
0,0.09581150114536285,0
0,0.09581150114536285,0
0,0.09581150114536285,0
0,0.09581150114536285,0
0,0.09581150114536285,0
0,0.09581150114536285,0
0,0.09581150114536285,0
0,0.09581150114536285,0
0,0.09581150114536285,0
0,0.09581150114536285,0
0,0.09581150114536285,0
0,0.09581150114536285,0
0,0.09581150114536285,0
0,0.09581150114536285,0
0,0.09581150114536285,0
0,0.09581150114536285,0
0,0.09581150114536285,0
0,0.09581150114536285,0
0,0.09581150114536285,0
0,0.09581150114536285,0
0,0.09581150114536285,0
0,0.09581150114536285,0
0,0.09581150114536285,0
0,0.09581150114536285,0
0,0.09581150114536285,0
0,0.09581150114536285,0
0,0.09581150114536285,0
0,0.09581150114536285,0
0,0.09581150114536285,0
0,0.09581150114536285,0
0,0.09581150114536285,0
0,0.09581150114536285,0
0,0.09581150114536285,0
0,0.09581150114536285,0
0,0.09581150114536285,0
0,0.09581150114536285,0
0,0.09581150114536285,0
0,0.09581150114536285,0
0,0.09581150114536285,0
0,0.09581150114536285,0
0,0.09581150114536285,0
0,0.09581150114536285,0
0,0.09581150114536285,0
0,0.09581150114536285,0
0,0.09581150114536285,0
0,0.09581150114536285,0
0,0.09581150114536285,0
0,0.09581150114536285,0
0,0.09581150114536285,0
0,0.09581150114536285,0
0,0.09581150114536285,0
0,0.09581150114536285,0
0,0.09581150114536285,0
0,0.09581150114536285,0
0,0.09581150114536285,0
0,0.09581150114536285,0
0,0.09581150114536285,0
0,0.09581150114536285,0
0,0.09581150114536285,0
0,0.09581150114536285,0
0,0.09581150114536285,0
0,0.09581150114536285,0
0,0.09581150114536285,0
0,0.09581150114536285,0
0,0.09581150114536285,0
0,0.09581150114536285,0
0,0.09581150114536285,0
0,0.09581150114536285,0
0,0.09581150114536285,0
0,0.09581150114536285,0
0,0.09581150114536285,0
0,0.09581150114536285,0
0,0.09581150114536285,0
0,0.09581150114536285,0
0,0.09581150114536285,0
0,0.09581150114536285,0
0,0.09581150114536285,0
0,0.09581150114536285,0
0,0.09581150114536285,0
0,0.09581150114536285,0
0,0.09581150114536285,0
0,0.09581150114536285,0
0,0.09581150114536285,0
0,0.09581150114536285,0
0,0.09581150114536285,0
0,0.09581150114536285,0
0,0.09581150114536285,0
0,0.09581150114536285,0
0,0.09581150114536285,0
0,0.09581150114536285,0
0,0.09581150114536285,0
0,0.09581150114536285,0
0,0.09581150114536285,0
0,0.09581150114536285,0
0,0.09581150114536285,0
0,0.09581150114536285,0
0,0.09581150114536285,0
0,0.09581150114536285,0
0,0.09581150114536285,0
0,0.09581150114536285,0
0,0.09581150114536285,0
0,0.09581150114536285,0
0,0.09581150114536285,0
0,0.09581150114536285,0
0,0.09581150114536285,0
0,0.09581150114536285,0
0,0.09581150114536285,0
0,0.09581150114536285,0
0,0.09581150114536285,0
0,0.09581150114536285,0
0,0.09581150114536285,0
0,0.09581150114536285,0
0,0.09581150114536285,0
0,0.09581150114536285,0
0,0.09581150114536285,0
0,0.09581150114536285,0
0,0.09581150114536285,0
0,0.09581150114536285,0
0,0.09581150114536285,0
0,0.09581150114536285,0
0,0.09581150114536285,0
0,0.09581150114536285,0
0,0.09581150114536285,0
0,0.09581150114536285,0
0,0.09581150114536285,0
0,0.09581150114536285,0
0,0.09581150114536285,0
0,0.09581150114536285,0
0,0.09581150114536285,0
0,0.09581150114536285,0
0,0.09581150114536285,0
0,0.09581150114536285,0
0,0.09581150114536285,0
0,0.09581150114536285,0
0,0.09581150114536285,0
0,0.09581150114536285,0
0,0.09581150114536285,0
0,0.09581150114536285,0
0,0.09581150114536285,0
0,0.09581150114536285,0
0,0.09581150114536285,0
0,0.09581150114536285,0
0,0.09581150114536285,0
0,0.09581150114536285,0
0,0.09581150114536285,0
0,0.09581150114536285,0
0,0.09581150114536285,0
0,0.09581150114536285,0
0,0.09581150114536285,0
0,0.09581150114536285,0
0,0.09581150114536285,0
0,0.09581150114536285,0
0,0.09581150114536285,0
0,0.09581150114536285,0
0,0.09581150114536285,0
0,0.09581150114536285,0
0,0.09581150114536285,0
0,0.09581150114536285,0
0,0.09581150114536285,0
0,0.09581150114536285,0
0,0.09581150114536285,0
0,0.09581150114536285,0
0,0.09581150114536285,0
0,0.09581150114536285,0
0,0.09581150114536285,0
0,0.09581150114536285,0
0,0.09581150114536285,0
0,0.09581150114536285,0
0,0.09581150114536285,0
0,0.09581150114536285,0
0,0.09581150114536285,0
0,0.09581150114536285,0
0,0.09581150114536285,0
0,0.09581150114536285,0
0,0.09581150114536285,0
0,0.09581150114536285,0
0,0.09581150114536285,0
0,0.09581150114536285,0
0,0.09581150114536285,0
0,0.09581150114536285,0
0,0.09581150114536285,0
0,0.09581150114536285,0
0,0.09581150114536285,0
0,0.09581150114536285,0
0,0.09581150114536285,0
0,0.09581150114536285,0
0,0.09581150114536285,0
0,0.09581150114536285,0
0,0.09581150114536285,0
0,0.09581150114536285,0
0,0.09581150114536285,0
0,0.09581150114536285,0
0,0.09581150114536285,0
0,0.09581150114536285,0
0,0.09581150114536285,0
0,0.09581150114536285,0
0,0.09581150114536285,0
0,0.09581150114536285,0
0,0.09581150114536285,0
0,0.09581150114536285,0
0,0.09581150114536285,0
0,0.09581150114536285,0
0,0.09581150114536285,0
0,0.09581150114536285,0
0,0.09581150114536285,0
0,0.09581150114536285,0
0,0.09581150114536285,0
0,0.09581150114536285,0
0,0.09581150114536285,0
0,0.09581150114536285,0
0,0.09581150114536285,0
0,0.09581150114536285,0
0,0.09581150114536285,0
0,0.09581150114536285,0
0,0.09581150114536285,0
0,0.09581150114536285,0
0,0.09581150114536285,0
0,0.09581150114536285,0
0,0.09581150114536285,0
0,0.09581150114536285,0
0,0.09581150114536285,0
0,0.09581150114536285,0
0,0.09581150114536285,0
0,0.09581150114536285,0
0,0.09581150114536285,0
0,0.09581150114536285,0
0,0.09581150114536285,0
0,0.09581150114536285,0
0,0.09581150114536285,0
0,0.09581150114536285,0
0,0.09581150114536285,0
0,0.09581150114536285,0
0,0.09581150114536285,0
0,0.09581150114536285,0
0,0.09581150114536285,0
0,0.09581150114536285,0
0,0.09581150114536285,0
0,0.09581150114536285,0
0,0.09581150114536285,0
0,0.09581150114536285,0
0,0.09581150114536285,0
0,0.09581150114536285,0
0,0.09581150114536285,0
0,0.09581150114536285,0
0,0.09581150114536285,0
0,0.09581150114536285,0
0,0.09581150114536285,0
0,0.09581150114536285,0
0,0.09581150114536285,0
0,0.09581150114536285,0
0,0.09581150114536285,0
0,0.09581150114536285,0
0,0.09581150114536285,0
0,0.09581150114536285,0
0,0.09581150114536285,0
0,0.09581150114536285,0
0,0.09581150114536285,0
0,0.09581150114536285,0
0,0.09581150114536285,0
0,0.09581150114536285,0
0,0.09581150114536285,0
0,0.09581150114536285,0
0,0.09581150114536285,0
0,0.09581150114536285,0
0,0.09581150114536285,0
0,0.09581150114536285,0
0,0.09581150114536285,0
0,0.09581150114536285,0
0,0.09581150114536285,0
0,0.09581150114536285,0
0,0.09581150114536285,0
0,0.09581150114536285,0
0,0.09581150114536285,0
0,0.09581150114536285,0
0,0.09581150114536285,0
0,0.09581150114536285,0
0,0.09581150114536285,0
0,0.09581150114536285,0
0,0.09581150114536285,0
0,0.09581150114536285,0
0,0.09581150114536285,0
0,0.09581150114536285,0
0,0.09581150114536285,0
0,0.09581150114536285,0
0,0.09581150114536285,0
0,0.09581150114536285,0
0,0.09581150114536285,0
0,0.09581150114536285,0
0,0.09581150114536285,0
0,0.09581150114536285,0
0,0.09581150114536285,0
0,0.09581150114536285,0
0,0.09581150114536285,0
0,0.09581150114536285,0
0,0.09581150114536285,0
0,0.09581150114536285,0
0,0.09581150114536285,0
0,0.09581150114536285,0
0,0.09581150114536285,0
0,0.09581150114536285,0
0,0.09581150114536285,0
0,0.09581150114536285,0
0,0.09581150114536285,0
0,0.09581150114536285,0
0,0.09581150114536285,0
0,0.09581150114536285,0
0,0.09581150114536285,0
0,0.09581150114536285,0
0,0.09581150114536285,0
0,0.09581150114536285,0
0,0.09581150114536285,0
0,0.09581150114536285,0
0,0.09581150114536285,0
0,0.09581150114536285,0
0,0.09581150114536285,0
0,0.09581150114536285,0
0,0.09581150114536285,0
0,0.09581150114536285,0
0,0.09581150114536285,0
0,0.09581150114536285,0
0,0.09581150114536285,0
0,0.09581150114536285,0
0,0.09581150114536285,0
0,0.09581150114536285,0
0,0.09581150114536285,0
0,0.09581150114536285,0
0,0.09581150114536285,0
0,0.09581150114536285,0
0,0.09581150114536285,0
0,0.09581150114536285,0
0,0.09581150114536285,0
0,0.09581150114536285,0
0,0.09581150114536285,0
0,0.09581150114536285,0
0,0.09581150114536285,0
0,0.09581150114536285,0
0,0.09581150114536285,0
0,0.09581150114536285,0
0,0.09581150114536285,0
0,0.09581150114536285,0
0,0.09581150114536285,0
0,0.09581150114536285,0
0,0.09581150114536285,0
0,0.09581150114536285,0
0,0.09581150114536285,0
0,0.09581150114536285,0
0,0.09581150114536285,0
0,0.09581150114536285,0
0,0.09581150114536285,0
0,0.09581150114536285,0
0,0.09581150114536285,0
0,0.09581150114536285,0
0,0.09581150114536285,0
0,0.09581150114536285,0
0,0.09581150114536285,0
0,0.09581150114536285,0
0,0.09581150114536285,0
0,0.09581150114536285,0
0,0.09581150114536285,0
0,0.09581150114536285,0
0,0.09581150114536285,0
0,0.09581150114536285,0
0,0.09581150114536285,0
0,0.09581150114536285,0
0,0.09581150114536285,0
0,0.09581150114536285,0
0,0.09581150114536285,0
0,0.09581150114536285,0
0,0.09581150114536285,0
0,0.09581150114536285,0
0,0.09581150114536285,0
0,0.09581150114536285,0
0,0.09581150114536285,0
0,0.09581150114536285,0
0,0.09581150114536285,0
0,0.09581150114536285,0
0,0.09581150114536285,0
0,0.09581150114536285,0
0,0.09581150114536285,0
0,0.09581150114536285,0
0,0.09581150114536285,0
0,0.09581150114536285,0
0,0.09581150114536285,0
0,0.09581150114536285,0
0,0.09581150114536285,0
0,0.09581150114536285,0
0,0.09581150114536285,0
0,0.09581150114536285,0
0,0.09581150114536285,0
0,0.09581150114536285,0
0,0.09581150114536285,0
0,0.09581150114536285,0
0,0.09581150114536285,0
0,0.09581150114536285,0
0,0.09581150114536285,0
0,0.09581150114536285,0
0,0.09581150114536285,0
0,0.09581150114536285,0
0,0.09581150114536285,0
0,0.09581150114536285,0
0,0.09581150114536285,0
0,0.09581150114536285,0
0,0.09581150114536285,0
0,0.09581150114536285,0
0,0.09581150114536285,0
0,0.09581150114536285,0
0,0.09581150114536285,0
0,0.09581150114536285,0
0,0.09581150114536285,0
0,0.09581150114536285,0
0,0.09581150114536285,0
0,0.09581150114536285,0
0,0.09581150114536285,0
0,0.09581150114536285,0
0,0.09581150114536285,0
0,0.09581150114536285,0
0,0.09581150114536285,0
0,0.09581150114536285,0
0,0.09581150114536285,0
0,0.09581150114536285,0
0,0.09581150114536285,0
0,0.09581150114536285,0
0,0.09581150114536285,0
0,0.09581150114536285,0
0,0.09581150114536285,0
0,0.09581150114536285,0
0,0.09581150114536285,0
0,0.09581150114536285,0
0,0.09581150114536285,0
0,0.09581150114536285,0
0,0.09581150114536285,0
0,0.09581150114536285,0
0,0.09581150114536285,0
0,0.09581150114536285,0
0,0.09581150114536285,0
0,0.09581150114536285,0
0,0.09581150114536285,0
0,0.09581150114536285,0
0,0.09581150114536285,0
0,0.09581150114536285,0
0,0.09581150114536285,0
0,0.09581150114536285,0
0,0.09581150114536285,0
0,0.09581150114536285,0
0,0.09581150114536285,0
0,0.09581150114536285,0
0,0.09581150114536285,0
0,0.09581150114536285,0
0,0.09581150114536285,0
0,0.09581150114536285,0
0,0.09581150114536285,0
0,0.09581150114536285,0
0,0.09581150114536285,0
0,0.09581150114536285,0
0,0.09581150114536285,0
0,0.09581150114536285,0
0,0.09581150114536285,0
0,0.09581150114536285,0
0,0.09581150114536285,0
0,0.09581150114536285,0
0,0.09581150114536285,0
0,0.09581150114536285,0
0,0.09581150114536285,0
0,0.09581150114536285,0
0,0.09581150114536285,0
0,0.09581150114536285,0
0,0.09581150114536285,0
0,0.09581150114536285,0
0,0.09581150114536285,0
0,0.09581150114536285,0
0,0.09581150114536285,0
0,0.09581150114536285,0
0,0.09581150114536285,0
0,0.09581150114536285,0
0,0.09581150114536285,0
0,0.09581150114536285,0
0,0.09581150114536285,0
0,0.09581150114536285,0
0,0.09581150114536285,0
0,0.09581150114536285,0
0,0.09581150114536285,0
0,0.09581150114536285,0
0,0.09581150114536285,0
0,0.09581150114536285,0
0,0.09581150114536285,0
0,0.09581150114536285,0
0,0.09581150114536285,0
0,0.09581150114536285,0
0,0.09581150114536285,0
0,0.09581150114536285,0
0,0.09581150114536285,0
0,0.09581150114536285,0
0,0.09581150114536285,0
0,0.09581150114536285,0
0,0.09581150114536285,0
0,0.09581150114536285,0
0,0.09581150114536285,0
0,0.09581150114536285,0
0,0.09581150114536285,0
0,0.09581150114536285,0
0,0.09581150114536285,0
0,0.09581150114536285,0
0,0.09581150114536285,0
0,0.09581150114536285,0
0,0.09581150114536285,0
0,0.09581150114536285,0
0,0.09581150114536285,0
0,0.09581150114536285,0
0,0.09581150114536285,0
0,0.09581150114536285,0
0,0.09581150114536285,0
0,0.09581150114536285,0
0,0.09581150114536285,0
0,0.09581150114536285,0
0,0.09581150114536285,0
0,0.09581150114536285,0
0,0.09581150114536285,0
0,0.09581150114536285,0
0,0.09581150114536285,0
0,0.09581150114536285,0
0,0.09581150114536285,0
0,0.09581150114536285,0
0,0.09581150114536285,0
0,0.09581150114536285,0
0,0.09581150114536285,0
0,0.09581150114536285,0
0,0.09581150114536285,0
0,0.09581150114536285,0
0,0.09581150114536285,0
0,0.09581150114536285,0
0,0.09581150114536285,0
0,0.09581150114536285,0
0,0.09581150114536285,0
0,0.09581150114536285,0
0,0.09581150114536285,0
0,0.09581150114536285,0
0,0.09581150114536285,0
0,0.09581150114536285,0
0,0.09581150114536285,0
0,0.09581150114536285,0
0,0.09581150114536285,0
0,0.09581150114536285,0
0,0.09581150114536285,0
0,0.09581150114536285,0
0,0.09581150114536285,0
0,0.09581150114536285,0
0,0.09581150114536285,0
0,0.09581150114536285,0
0,0.09581150114536285,0
0,0.09581150114536285,0
0,0.09581150114536285,0
0,0.09581150114536285,0
0,0.09581150114536285,0
0,0.09581150114536285,0
0,0.09581150114536285,0
0,0.09581150114536285,0
0,0.09581150114536285,0
0,0.09581150114536285,0
0,0.09581150114536285,0
0,0.09581150114536285,0
0,0.09581150114536285,0
0,0.09581150114536285,0
0,0.09581150114536285,0
0,0.09581150114536285,0
0,0.09581150114536285,0
0,0.09581150114536285,0
0,0.09581150114536285,0
0,0.09581150114536285,0
0,0.09581150114536285,0
0,0.09581150114536285,0
0,0.09581150114536285,0
0,0.09581150114536285,0
0,0.09581150114536285,0
0,0.09581150114536285,0
0,0.09581150114536285,0
0,0.09581150114536285,0
0,0.09581150114536285,0
0,0.09581150114536285,0
0,0.09581150114536285,0
0,0.09581150114536285,0
0,0.09581150114536285,0
0,0.09581150114536285,0
0,0.09581150114536285,0
0,0.09581150114536285,0
0,0.09581150114536285,0
0,0.09581150114536285,0
0,0.09581150114536285,0
0,0.09581150114536285,0
0,0.09581150114536285,0
0,0.09581150114536285,0
0,0.09581150114536285,0
0,0.09581150114536285,0
0,0.09581150114536285,0
0,0.09581150114536285,0
0,0.09581150114536285,0
0,0.09581150114536285,0
0,0.09581150114536285,0
0,0.09581150114536285,0
0,0.09581150114536285,0
0,0.09581150114536285,0
0,0.09581150114536285,0
0,0.09581150114536285,0
0,0.09581150114536285,0
0,0.09581150114536285,0
0,0.09581150114536285,0
0,0.09581150114536285,0
0,0.09581150114536285,0
0,0.09581150114536285,0
0,0.09581150114536285,0
0,0.09581150114536285,0
0,0.09581150114536285,0
0,0.09581150114536285,0
0,0.09581150114536285,0
0,0.09581150114536285,0
0,0.09581150114536285,0
0,0.09581150114536285,0
0,0.09581150114536285,0
0,0.09581150114536285,0
0,0.09581150114536285,0
0,0.09581150114536285,0
0,0.09581150114536285,0
0,0.09581150114536285,0
0,0.09581150114536285,0
0,0.09581150114536285,0
0,0.09581150114536285,0
0,0.09581150114536285,0
0,0.09581150114536285,0
0,0.09581150114536285,0
0,0.09581150114536285,0
0,0.09581150114536285,0
0,0.09581150114536285,0
0,0.09581150114536285,0
0,0.09581150114536285,0
0,0.09581150114536285,0
0,0.09581150114536285,0
0,0.09581150114536285,0
0,0.09581150114536285,0
0,0.09581150114536285,0
0,0.09581150114536285,0
0,0.09581150114536285,0
0,0.09581150114536285,0
0,0.09581150114536285,0
0,0.09581150114536285,0
0,0.09581150114536285,0
0,0.09581150114536285,0
0,0.09581150114536285,0
0,0.09581150114536285,0
0,0.09581150114536285,0
0,0.09581150114536285,0
0,0.09581150114536285,0
0,0.09581150114536285,0
0,0.09581150114536285,0
0,0.09581150114536285,0
0,0.09581150114536285,0
0,0.09581150114536285,0
0,0.09581150114536285,0
0,0.09581150114536285,0
0,0.09581150114536285,0
0,0.09581150114536285,0
0,0.09581150114536285,0
0,0.09581150114536285,0
0,0.09581150114536285,0
0,0.09581150114536285,0
0,0.09581150114536285,0
0,0.09581150114536285,0
0,0.09581150114536285,0
0,0.09581150114536285,0
0,0.09581150114536285,0
0,0.09581150114536285,0
0,0.09581150114536285,0
0,0.09581150114536285,0
0,0.09581150114536285,0
0,0.09581150114536285,0
0,0.09581150114536285,0
0,0.09581150114536285,0
0,0.09581150114536285,0
0,0.09581150114536285,0
0,0.09581150114536285,0
0,0.09581150114536285,0
0,0.09581150114536285,0
0,0.09581150114536285,0
0,0.09581150114536285,0
0,0.09581150114536285,0
0,0.09581150114536285,0
0,0.09581150114536285,0
0,0.09581150114536285,0
0,0.09581150114536285,0
0,0.09581150114536285,0
0,0.09581150114536285,0
0,0.09581150114536285,0
0,0.09581150114536285,0
0,0.09581150114536285,0
0,0.09581150114536285,0
0,0.09581150114536285,0
0,0.09581150114536285,0
0,0.09581150114536285,0
0,0.09581150114536285,0
0,0.09581150114536285,0
0,0.09581150114536285,0
0,0.09581150114536285,0
0,0.09581150114536285,0
0,0.09581150114536285,0
0,0.09581150114536285,0
0,0.09581150114536285,0
0,0.09581150114536285,0
0,0.09581150114536285,0
0,0.09581150114536285,0
0,0.09581150114536285,0
0,0.09581150114536285,0
0,0.09581150114536285,0
0,0.09581150114536285,0
0,0.09581150114536285,0
0,0.09581150114536285,0
0,0.09581150114536285,0
0,0.09581150114536285,0
0,0.09581150114536285,0
0,0.09581150114536285,0
0,0.09581150114536285,0
0,0.09581150114536285,0
0,0.09581150114536285,0
0,0.09581150114536285,0
0,0.09581150114536285,0
0,0.09581150114536285,0
0,0.09581150114536285,0
0,0.09581150114536285,0
0,0.09581150114536285,0
0,0.09581150114536285,0
0,0.09581150114536285,0
0,0.09581150114536285,0
0,0.09581150114536285,0
0,0.09581150114536285,0
0,0.09581150114536285,0
0,0.09581150114536285,0
0,0.09581150114536285,0
0,0.09581150114536285,0
0,0.09581150114536285,0
0,0.09581150114536285,0
0,0.09581150114536285,0
0,0.09581150114536285,0
0,0.09581150114536285,0
0,0.09581150114536285,0
0,0.09581150114536285,0
0,0.09581150114536285,0
0,0.09581150114536285,0
0,0.09581150114536285,0
0,0.09581150114536285,0
0,0.09581150114536285,0
0,0.09581150114536285,0
0,0.09581150114536285,0
0,0.09581150114536285,0
0,0.09581150114536285,0
0,0.09581150114536285,0
0,0.09581150114536285,0
0,0.09581150114536285,0
0,0.09581150114536285,0
0,0.09581150114536285,0
0,0.09581150114536285,0
0,0.09581150114536285,0
0,0.09581150114536285,0
0,0.09581150114536285,0
0,0.09581150114536285,0
0,0.09581150114536285,0
0,0.09581150114536285,0
0,0.09581150114536285,0
0,0.09581150114536285,0
0,0.09581150114536285,0
0,0.09581150114536285,0
0,0.09581150114536285,0
0,0.09581150114536285,0
0,0.09581150114536285,0
0,0.09581150114536285,0
0,0.09581150114536285,0
0,0.09581150114536285,0
0,0.09581150114536285,0
0,0.09581150114536285,0
0,0.09581150114536285,0
0,0.09581150114536285,0
0,0.09581150114536285,0
0,0.09581150114536285,0
0,0.09581150114536285,0
0,0.09581150114536285,0
0,0.09581150114536285,0
0,0.09581150114536285,0
0,0.09581150114536285,0
0,0.09581150114536285,0
0,0.09581150114536285,0
0,0.09581150114536285,0
0,0.09581150114536285,0
0,0.09581150114536285,0
0,0.09581150114536285,0
0,0.09581150114536285,0
0,0.09581150114536285,0
0,0.09581150114536285,0
0,0.09581150114536285,0
0,0.09581150114536285,0
0,0.09581150114536285,0
0,0.09581150114536285,0
0,0.09581150114536285,0
0,0.09581150114536285,0
0,0.09581150114536285,0
0,0.09581150114536285,0
0,0.09581150114536285,0
0,0.09581150114536285,0
0,0.09581150114536285,0
0,0.09581150114536285,0
0,0.09581150114536285,0
0,0.09581150114536285,0
0,0.09581150114536285,0
0,0.09581150114536285,0
0,0.09581150114536285,0
0,0.09581150114536285,0
0,0.09581150114536285,0
0,0.09581150114536285,0
0,0.09581150114536285,0
0,0.09581150114536285,0
0,0.09581150114536285,0
0,0.09581150114536285,0
0,0.09581150114536285,0
0,0.09581150114536285,0
0,0.09581150114536285,0
0,0.09581150114536285,0
0,0.09581150114536285,0
0,0.09581150114536285,0
0,0.09581150114536285,0
0,0.09581150114536285,0
0,0.09581150114536285,0
0,0.09581150114536285,0
0,0.09581150114536285,0
0,0.09581150114536285,0
0,0.09581150114536285,0
0,0.09581150114536285,0
0,0.09581150114536285,0
0,0.09581150114536285,0
0,0.09581150114536285,0
0,0.09581150114536285,0
0,0.09581150114536285,0
0,0.09581150114536285,0
0,0.09581150114536285,0
0,0.09581150114536285,0
0,0.09581150114536285,0
0,0.09581150114536285,0
0,0.09581150114536285,0
0,0.09581150114536285,0
0,0.09581150114536285,0
0,0.09581150114536285,0
0,0.09581150114536285,0
0,0.09581150114536285,0
0,0.09581150114536285,0
0,0.09581150114536285,0
0,0.09581150114536285,0
0,0.09581150114536285,0
0,0.09581150114536285,0
0,0.09581150114536285,0
0,0.09581150114536285,0
0,0.09581150114536285,0
0,0.09581150114536285,0
0,0.09581150114536285,0
0,0.09581150114536285,0
0,0.09581150114536285,0
0,0.09581150114536285,0
0,0.09581150114536285,0
0,0.09581150114536285,0
0,0.09581150114536285,0
0,0.09581150114536285,0
0,0.09581150114536285,0
0,0.09581150114536285,0
0,0.09581150114536285,0
0,0.09581150114536285,0
0,0.09581150114536285,0
0,0.09581150114536285,0
0,0.09581150114536285,0
0,0.09581150114536285,0
0,0.09581150114536285,0
0,0.09581150114536285,0
0,0.09581150114536285,0
0,0.09581150114536285,0
0,0.09581150114536285,0
0,0.09581150114536285,0
0,0.09581150114536285,0
0,0.09581150114536285,0
0,0.09581150114536285,0
0,0.09581150114536285,0
0,0.09581150114536285,0
0,0.09581150114536285,0
0,0.09581150114536285,0
0,0.09581150114536285,0
0,0.09581150114536285,0
0,0.09581150114536285,0
0,0.09581150114536285,0
0,0.09581150114536285,0
0,0.09581150114536285,0
0,0.09581150114536285,0
0,0.09581150114536285,0
0,0.09581150114536285,0
0,0.09581150114536285,0
0,0.09581150114536285,0
0,0.09581150114536285,0
0,0.09581150114536285,0
0,0.09581150114536285,0
0,0.09581150114536285,0
0,0.09581150114536285,0
0,0.09581150114536285,0
0,0.09581150114536285,0
0,0.09581150114536285,0
0,0.09581150114536285,0
0,0.09581150114536285,0
0,0.09581150114536285,0
0,0.09581150114536285,0
0,0.09581150114536285,0
0,0.09581150114536285,0
0,0.09581150114536285,0
0,0.09581150114536285,0
0,0.09581150114536285,0
0,0.09581150114536285,0
0,0.09581150114536285,0
0,0.09581150114536285,0
0,0.09581150114536285,0
0,0.09581150114536285,0
0,0.09581150114536285,0
0,0.09581150114536285,0
0,0.09581150114536285,0
0,0.09581150114536285,0
0,0.09581150114536285,0
0,0.09581150114536285,0
0,0.09581150114536285,0
0,0.09581150114536285,0
0,0.09581150114536285,0
0,0.09581150114536285,0
0,0.09581150114536285,0
0,0.09581150114536285,0
0,0.09581150114536285,0
0,0.09581150114536285,0
0,0.09581150114536285,0
0,0.09581150114536285,0
0,0.09581150114536285,0
0,0.09581150114536285,0
0,0.09581150114536285,0
0,0.09581150114536285,0
0,0.09581150114536285,0
0,0.09581150114536285,0
0,0.09581150114536285,0
0,0.09581150114536285,0
0,0.09581150114536285,0
0,0.09581150114536285,0
0,0.09581150114536285,0
0,0.09581150114536285,0
0,0.09581150114536285,0
0,0.09581150114536285,0
0,0.09581150114536285,0
0,0.09581150114536285,0
0,0.09581150114536285,0
0,0.09581150114536285,0
0,0.09581150114536285,0
0,0.09581150114536285,0
0,0.09581150114536285,0
0,0.09581150114536285,0
0,0.09581150114536285,0
0,0.09581150114536285,0
0,0.09581150114536285,0
0,0.09581150114536285,0
0,0.09581150114536285,0
0,0.09581150114536285,0
0,0.09581150114536285,0
0,0.09581150114536285,0
0,0.09581150114536285,0
0,0.09581150114536285,0
0,0.09581150114536285,0
0,0.09581150114536285,0
0,0.09581150114536285,0
0,0.09581150114536285,0
0,0.09581150114536285,0
0,0.09581150114536285,0
0,0.09581150114536285,0
0,0.09581150114536285,0
0,0.09581150114536285,0
0,0.09581150114536285,0
0,0.09581150114536285,0
0,0.09581150114536285,0
0,0.09581150114536285,0
0,0.09581150114536285,0
0,0.09581150114536285,0
0,0.09581150114536285,0
0,0.09581150114536285,0
0,0.09581150114536285,0
0,0.09581150114536285,0
0,0.09581150114536285,0
0,0.09581150114536285,0
0,0.09581150114536285,0
0,0.09581150114536285,0
0,0.09581150114536285,0
0,0.09581150114536285,0
0,0.09581150114536285,0
0,0.09581150114536285,0
0,0.09581150114536285,0
0,0.09581150114536285,0
0,0.09581150114536285,0
0,0.09581150114536285,0
0,0.09581150114536285,0
0,0.09581150114536285,0
0,0.09581150114536285,0
0,0.09581150114536285,0
0,0.09581150114536285,0
0,0.09581150114536285,0
0,0.09581150114536285,0
0,0.09581150114536285,0
0,0.09581150114536285,0
0,0.09581150114536285,0
0,0.09581150114536285,0
0,0.09581150114536285,0
0,0.09581150114536285,0
0,0.09581150114536285,0
0,0.09581150114536285,0
0,0.09581150114536285,0
0,0.09581150114536285,0
0,0.09581150114536285,0
0,0.09581150114536285,0
0,0.09581150114536285,0
0,0.09581150114536285,0
0,0.09581150114536285,0
0,0.09581150114536285,0
0,0.09581150114536285,0
0,0.09581150114536285,0
0,0.09581150114536285,0
0,0.09581150114536285,0
0,0.09581150114536285,0
0,0.09581150114536285,0
0,0.09581150114536285,0
0,0.09581150114536285,0
0,0.09581150114536285,0
0,0.09581150114536285,0
0,0.09581150114536285,0
0,0.09581150114536285,0
0,0.09581150114536285,0
0,0.09581150114536285,0
0,0.09581150114536285,0
0,0.09581150114536285,0
0,0.09581150114536285,0
0,0.09581150114536285,0
0,0.09581150114536285,0
0,0.09581150114536285,0
0,0.09581150114536285,0
0,0.09581150114536285,0
0,0.09581150114536285,0
0,0.09581150114536285,0
0,0.09581150114536285,0
0,0.09581150114536285,0
0,0.09581150114536285,0
0,0.09581150114536285,0
0,0.09581150114536285,0
0,0.09581150114536285,0
0,0.09581150114536285,0
0,0.09581150114536285,0
0,0.09581150114536285,0
0,0.09581150114536285,0
0,0.09581150114536285,0
0,0.09581150114536285,0
0,0.09581150114536285,0
0,0.09581150114536285,0
0,0.09581150114536285,0
0,0.09581150114536285,0
0,0.09581150114536285,0
0,0.09581150114536285,0
0,0.09581150114536285,0
0,0.09581150114536285,0
0,0.09581150114536285,0
0,0.09581150114536285,0
0,0.09581150114536285,0
0,0.09581150114536285,0
0,0.09581150114536285,0
0,0.09581150114536285,0
0,0.09581150114536285,0
0,0.09581150114536285,0
0,0.09581150114536285,0
0,0.09581150114536285,0
0,0.09581150114536285,0
0,0.09581150114536285,0
0,0.09581150114536285,0
0,0.09581150114536285,0
0,0.09581150114536285,0
0,0.09581150114536285,0
0,0.09581150114536285,0
0,0.09581150114536285,0
0,0.09581150114536285,0
0,0.09581150114536285,0
0,0.09581150114536285,0
0,0.09581150114536285,0
0,0.09581150114536285,0
0,0.09581150114536285,0
0,0.09581150114536285,0
0,0.09581150114536285,0
0,0.09581150114536285,0
0,0.09581150114536285,0
0,0.09581150114536285,0
0,0.09581150114536285,0
0,0.09581150114536285,0
0,0.09581150114536285,0
0,0.09581150114536285,0
0,0.09581150114536285,0
0,0.09581150114536285,0
0,0.09581150114536285,0
0,0.09581150114536285,0
0,0.09581150114536285,0
0,0.09581150114536285,0
0,0.09581150114536285,0
0,0.09581150114536285,0
0,0.09581150114536285,0
0,0.09581150114536285,0
0,0.09581150114536285,0
0,0.09581150114536285,0
0,0.09581150114536285,0
0,0.09581150114536285,0
0,0.09581150114536285,0
0,0.09581150114536285,0
0,0.09581150114536285,0
0,0.09581150114536285,0
0,0.09581150114536285,0
0,0.09581150114536285,0
0,0.09581150114536285,0
0,0.09581150114536285,0
0,0.09581150114536285,0
0,0.09581150114536285,0
0,0.09581150114536285,0
0,0.09581150114536285,0
0,0.09581150114536285,0
0,0.09581150114536285,0
0,0.09581150114536285,0
0,0.09581150114536285,0
0,0.09581150114536285,0
0,0.09581150114536285,0
0,0.09581150114536285,0
0,0.09581150114536285,0
0,0.09581150114536285,0
0,0.09581150114536285,0
0,0.09581150114536285,0
0,0.09581150114536285,0
0,0.09581150114536285,0
0,0.09581150114536285,0
0,0.09581150114536285,0
0,0.09581150114536285,0
0,0.09581150114536285,0
0,0.09581150114536285,0
0,0.09581150114536285,0
0,0.09581150114536285,0
0,0.09581150114536285,0
0,0.09581150114536285,0
0,0.09581150114536285,0
0,0.09581150114536285,0
0,0.09581150114536285,0
0,0.09581150114536285,0
0,0.09581150114536285,0
0,0.09581150114536285,0
0,0.09581150114536285,0
0,0.09581150114536285,0
0,0.09581150114536285,0
0,0.09581150114536285,0
0,0.09581150114536285,0
0,0.09581150114536285,0
0,0.09581150114536285,0
0,0.09581150114536285,0
0,0.09581150114536285,0
0,0.09581150114536285,0
0,0.09581150114536285,0
0,0.09581150114536285,0
0,0.09581150114536285,0
0,0.09581150114536285,0
0,0.09581150114536285,0
0,0.09581150114536285,0
0,0.09581150114536285,0
0,0.09581150114536285,0
0,0.09581150114536285,0
0,0.09581150114536285,0
0,0.09581150114536285,0
0,0.09581150114536285,0
0,0.09581150114536285,0
0,0.09581150114536285,0
0,0.09581150114536285,0
0,0.09581150114536285,0
0,0.09581150114536285,0
0,0.09581150114536285,0
0,0.09581150114536285,0
0,0.09581150114536285,0
0,0.09581150114536285,0
0,0.09581150114536285,0
0,0.09581150114536285,0
0,0.09581150114536285,0
0,0.09581150114536285,0
0,0.09581150114536285,0
0,0.09581150114536285,0
0,0.09581150114536285,0
0,0.09581150114536285,0
0,0.09581150114536285,0
0,0.09581150114536285,0
0,0.09581150114536285,0
0,0.09581150114536285,0
0,0.09581150114536285,0
0,0.09581150114536285,0
0,0.09581150114536285,0
0,0.09581150114536285,0
0,0.09581150114536285,0
0,0.09581150114536285,0
0,0.09581150114536285,0
0,0.09581150114536285,0
0,0.09581150114536285,0
0,0.09581150114536285,0
0,0.09581150114536285,0
0,0.09581150114536285,0
0,0.09581150114536285,0
0,0.09581150114536285,0
0,0.09581150114536285,0
0,0.09581150114536285,0
0,0.09581150114536285,0
0,0.09581150114536285,0
0,0.09581150114536285,0
0,0.09581150114536285,0
0,0.09581150114536285,0
0,0.09581150114536285,0
0,0.09581150114536285,0
0,0.09581150114536285,0
0,0.09581150114536285,0
0,0.09581150114536285,0
0,0.09581150114536285,0
0,0.09581150114536285,0
0,0.09581150114536285,0
0,0.09581150114536285,0
0,0.09581150114536285,0
0,0.09581150114536285,0
0,0.09581150114536285,0
0,0.09581150114536285,0
0,0.09581150114536285,0
0,0.09581150114536285,0
0,0.09581150114536285,0
0,0.09581150114536285,0
0,0.09581150114536285,0
0,0.09581150114536285,0
0,0.09581150114536285,0
0,0.09581150114536285,0
0,0.09581150114536285,0
0,0.09581150114536285,0
0,0.09581150114536285,0
0,0.09581150114536285,0
0,0.09581150114536285,0
0,0.09581150114536285,0
0,0.09581150114536285,0
0,0.09581150114536285,0
0,0.09581150114536285,0
0,0.09581150114536285,0
0,0.09581150114536285,0
0,0.09581150114536285,0
0,0.09581150114536285,0
0,0.09581150114536285,0
0,0.09581150114536285,0
0,0.09581150114536285,0
0,0.09581150114536285,0
0,0.09581150114536285,0
0,0.09581150114536285,0
0,0.09581150114536285,0
0,0.09581150114536285,0
0,0.09581150114536285,0
0,0.09581150114536285,0
0,0.09581150114536285,0
0,0.09581150114536285,0
0,0.09581150114536285,0
0,0.09581150114536285,0
0,0.09581150114536285,0
0,0.09581150114536285,0
0,0.09581150114536285,0
0,0.09581150114536285,0
0,0.09581150114536285,0
0,0.09581150114536285,0
0,0.09581150114536285,0
0,0.09581150114536285,0
0,0.09581150114536285,0
0,0.09581150114536285,0
0,0.09581150114536285,0
0,0.09581150114536285,0
0,0.09581150114536285,0
0,0.09581150114536285,0
0,0.09581150114536285,0
0,0.09581150114536285,0
0,0.09581150114536285,0
0,0.09581150114536285,0
0,0.09581150114536285,0
0,0.09581150114536285,0
0,0.09581150114536285,0
0,0.09581150114536285,0
0,0.09581150114536285,0
0,0.09581150114536285,0
0,0.09581150114536285,0
0,0.09581150114536285,0
0,0.09581150114536285,0
0,0.09581150114536285,0
0,0.09581150114536285,0
0,0.09581150114536285,0
0,0.09581150114536285,0
0,0.09581150114536285,0
0,0.09581150114536285,0
0,0.09581150114536285,0
0,0.09581150114536285,0
0,0.09581150114536285,0
0,0.09581150114536285,0
0,0.09581150114536285,0
0,0.09581150114536285,0
0,0.09581150114536285,0
0,0.09581150114536285,0
0,0.09581150114536285,0
0,0.09581150114536285,0
0,0.09581150114536285,0
0,0.09581150114536285,0
0,0.09581150114536285,0
0,0.09581150114536285,0
0,0.09581150114536285,0
0,0.09581150114536285,0
0,0.09581150114536285,0
0,0.09581150114536285,0
0,0.09581150114536285,0
0,0.09581150114536285,0
0,0.09581150114536285,0
0,0.09581150114536285,0
0,0.09581150114536285,0
0,0.09581150114536285,0
0,0.09581150114536285,0
0,0.09581150114536285,0
0,0.09581150114536285,0
0,0.09581150114536285,0
0,0.09581150114536285,0
0,0.09581150114536285,0
0,0.09581150114536285,0
0,0.09581150114536285,0
0,0.09581150114536285,0
0,0.09581150114536285,0
0,0.09581150114536285,0
0,0.09581150114536285,0
0,0.09581150114536285,0
0,0.09581150114536285,0
0,0.09581150114536285,0
0,0.09581150114536285,0
0,0.09581150114536285,0
0,0.09581150114536285,0
0,0.09581150114536285,0
0,0.09581150114536285,0
0,0.09581150114536285,0
0,0.09581150114536285,0
0,0.09581150114536285,0
0,0.09581150114536285,0
0,0.09581150114536285,0
0,0.09581150114536285,0
0,0.09581150114536285,0
0,0.09581150114536285,0
0,0.09581150114536285,0
0,0.09581150114536285,0
0,0.09581150114536285,0
0,0.09581150114536285,0
0,0.09581150114536285,0
0,0.09581150114536285,0
0,0.09581150114536285,0
0,0.09581150114536285,0
0,0.09581150114536285,0
0,0.09581150114536285,0
0,0.09581150114536285,0
0,0.09581150114536285,0
0,0.09581150114536285,0
0,0.09581150114536285,0
0,0.09581150114536285,0
0,0.09581150114536285,0
0,0.09581150114536285,0
0,0.09581150114536285,0
0,0.09581150114536285,0
0,0.09581150114536285,0
0,0.09581150114536285,0
0,0.09581150114536285,0
0,0.09581150114536285,0
0,0.09581150114536285,0
0,0.09581150114536285,0
0,0.09581150114536285,0
0,0.09581150114536285,0
0,0.09581150114536285,0
0,0.09581150114536285,0
0,0.09581150114536285,0
0,0.09581150114536285,0
0,0.09581150114536285,0
0,0.09581150114536285,0
0,0.09581150114536285,0
0,0.09581150114536285,0
0,0.09581150114536285,0
0,0.09581150114536285,0
0,0.09581150114536285,0
0,0.09581150114536285,0
0,0.09581150114536285,0
0,0.09581150114536285,0
0,0.09581150114536285,0
0,0.09581150114536285,0
0,0.09581150114536285,0
0,0.09581150114536285,0
0,0.09581150114536285,0
0,0.09581150114536285,0
0,0.09581150114536285,0
0,0.09581150114536285,0
0,0.09581150114536285,0
0,0.09581150114536285,0
0,0.09581150114536285,0
0,0.09581150114536285,0
0,0.09581150114536285,0
0,0.09581150114536285,0
0,0.09581150114536285,0
0,0.09581150114536285,0
0,0.09581150114536285,0
0,0.09581150114536285,0
0,0.09581150114536285,0
0,0.09581150114536285,0
0,0.09581150114536285,0
0,0.09581150114536285,0
0,0.09581150114536285,0
0,0.09581150114536285,0
0,0.09581150114536285,0
0,0.09581150114536285,0
0,0.09581150114536285,0
0,0.09581150114536285,0
0,0.09581150114536285,0
0,0.09581150114536285,0
0,0.09581150114536285,0
0,0.09581150114536285,0
0,0.09581150114536285,0
0,0.09581150114536285,0
0,0.09581150114536285,0
0,0.09581150114536285,0
0,0.09581150114536285,0
0,0.09581150114536285,0
0,0.09581150114536285,0
0,0.09581150114536285,0
0,0.09581150114536285,0
0,0.09581150114536285,0
0,0.09581150114536285,0
0,0.09581150114536285,0
0,0.09581150114536285,0
0,0.09581150114536285,0
0,0.09581150114536285,0
0,0.09581150114536285,0
0,0.09581150114536285,0
0,0.09581150114536285,0
0,0.09581150114536285,0
0,0.09581150114536285,0
0,0.09581150114536285,0
0,0.09581150114536285,0
0,0.09581150114536285,0
0,0.09581150114536285,0
0,0.09581150114536285,0
0,0.09581150114536285,0
0,0.09581150114536285,0
0,0.09581150114536285,0
0,0.09581150114536285,0
0,0.09581150114536285,0
0,0.09581150114536285,0
0,0.09581150114536285,0
0,0.09581150114536285,0
0,0.09581150114536285,0
0,0.09581150114536285,0
0,0.09581150114536285,0
0,0.09581150114536285,0
0,0.09581150114536285,0
0,0.09581150114536285,0
0,0.09581150114536285,0
0,0.09581150114536285,0
0,0.09581150114536285,0
0,0.09581150114536285,0
0,0.09581150114536285,0
0,0.09581150114536285,0
0,0.09581150114536285,0
0,0.09581150114536285,0
0,0.09581150114536285,0
0,0.09581150114536285,0
0,0.09581150114536285,0
0,0.09581150114536285,0
0,0.09581150114536285,0
0,0.09581150114536285,0
0,0.09581150114536285,0
0,0.09581150114536285,0
0,0.09581150114536285,0
0,0.09581150114536285,0
0,0.09581150114536285,0
0,0.09581150114536285,0
0,0.09581150114536285,0
0,0.09581150114536285,0
0,0.09581150114536285,0
0,0.09581150114536285,0
0,0.09581150114536285,0
0,0.09581150114536285,0
0,0.09581150114536285,0
0,0.09581150114536285,0
0,0.09581150114536285,0
0,0.09581150114536285,0
0,0.09581150114536285,0
0,0.09581150114536285,0
0,0.09581150114536285,0
0,0.09581150114536285,0
0,0.09581150114536285,0
0,0.09581150114536285,0
0,0.09581150114536285,0
0,0.09581150114536285,0
0,0.09581150114536285,0
0,0.09581150114536285,0
0,0.09581150114536285,0
0,0.09581150114536285,0
0,0.09581150114536285,0
0,0.09581150114536285,0
0,0.09581150114536285,0
0,0.09581150114536285,0
0,0.09581150114536285,0
0,0.09581150114536285,0
0,0.09581150114536285,0
0,0.09581150114536285,0
0,0.09581150114536285,0
0,0.09581150114536285,0
0,0.09581150114536285,0
0,0.09581150114536285,0
0,0.09581150114536285,0
0,0.09581150114536285,0
0,0.09581150114536285,0
0,0.09581150114536285,0
0,0.09581150114536285,0
0,0.09581150114536285,0
0,0.09581150114536285,0
0,0.09581150114536285,0
0,0.09581150114536285,0
0,0.09581150114536285,0
0,0.09581150114536285,0
0,0.09581150114536285,0
0,0.09581150114536285,0
0,0.09581150114536285,0
0,0.09581150114536285,0
0,0.09581150114536285,0
0,0.09581150114536285,0
0,0.09581150114536285,0
0,0.09581150114536285,0
0,0.09581150114536285,0
0,0.09581150114536285,0
0,0.09581150114536285,0
0,0.09581150114536285,0
0,0.09581150114536285,0
0,0.09581150114536285,0
0,0.09581150114536285,0
0,0.09581150114536285,0
0,0.09581150114536285,0
0,0.09581150114536285,0
0,0.09581150114536285,0
0,0.09581150114536285,0
0,0.09581150114536285,0
0,0.09581150114536285,0
0,0.09581150114536285,0
0,0.09581150114536285,0
0,0.09581150114536285,0
0,0.09581150114536285,0
0,0.09581150114536285,0
0,0.09581150114536285,0
0,0.09581150114536285,0
0,0.09581150114536285,0
0,0.09581150114536285,0
0,0.09581150114536285,0
0,0.09581150114536285,0
0,0.09581150114536285,0
0,0.09581150114536285,0
0,0.09581150114536285,0
0,0.09581150114536285,0
0,0.09581150114536285,0
0,0.09581150114536285,0
0,0.09581150114536285,0
0,0.09581150114536285,0
0,0.09581150114536285,0
0,0.09581150114536285,0
0,0.09581150114536285,0
0,0.09581150114536285,0
0,0.09581150114536285,0
0,0.09581150114536285,0
0,0.09581150114536285,0
0,0.09581150114536285,0
0,0.09581150114536285,0
0,0.09581150114536285,0
0,0.09581150114536285,0
0,0.09581150114536285,0
0,0.09581150114536285,0
0,0.09581150114536285,0
0,0.09581150114536285,0
0,0.09581150114536285,0
0,0.09581150114536285,0
0,0.09581150114536285,0
0,0.09581150114536285,0
0,0.09581150114536285,0
0,0.09581150114536285,0
0,0.09581150114536285,0
0,0.09581150114536285,0
0,0.09581150114536285,0
0,0.09581150114536285,0
0,0.09581150114536285,0
0,0.09581150114536285,0
0,0.09581150114536285,0
0,0.09581150114536285,0
0,0.09581150114536285,0
0,0.09581150114536285,0
0,0.09581150114536285,0
0,0.09581150114536285,0
0,0.09581150114536285,0
0,0.09581150114536285,0
0,0.09581150114536285,0
0,0.09581150114536285,0
0,0.09581150114536285,0
0,0.09581150114536285,0
0,0.09581150114536285,0
0,0.09581150114536285,0
0,0.09581150114536285,0
0,0.09581150114536285,0
0,0.09581150114536285,0
0,0.09581150114536285,0
0,0.09581150114536285,0
0,0.09581150114536285,0
0,0.09581150114536285,0
0,0.09581150114536285,0
0,0.09581150114536285,0
0,0.09581150114536285,0
0,0.09581150114536285,0
0,0.09581150114536285,0
0,0.09581150114536285,0
0,0.09581150114536285,0
0,0.09581150114536285,0
0,0.09581150114536285,0
0,0.09581150114536285,0
0,0.09581150114536285,0
0,0.09581150114536285,0
0,0.09581150114536285,0
0,0.09581150114536285,0
0,0.09581150114536285,0
0,0.09581150114536285,0
0,0.09581150114536285,0
0,0.09581150114536285,0
0,0.09581150114536285,0
0,0.09581150114536285,0
0,0.09581150114536285,0
0,0.09581150114536285,0
0,0.09581150114536285,0
0,0.09581150114536285,0
0,0.09581150114536285,0
0,0.09581150114536285,0
0,0.09581150114536285,0
0,0.09581150114536285,0
0,0.09581150114536285,0
0,0.09581150114536285,0
0,0.09581150114536285,0
0,0.09581150114536285,0
0,0.09581150114536285,0
0,0.09581150114536285,0
0,0.09581150114536285,0
0,0.09581150114536285,0
0,0.09581150114536285,0
0,0.09581150114536285,0
0,0.09581150114536285,0
0,0.09581150114536285,0
0,0.09581150114536285,0
0,0.09581150114536285,0
0,0.09581150114536285,0
0,0.09581150114536285,0
0,0.09581150114536285,0
0,0.09581150114536285,0
0,0.09581150114536285,0
0,0.09581150114536285,0
0,0.09581150114536285,0
0,0.09581150114536285,0
0,0.09581150114536285,0
0,0.09581150114536285,0
0,0.09581150114536285,0
0,0.09581150114536285,0
0,0.09581150114536285,0
0,0.09581150114536285,0
0,0.09581150114536285,0
0,0.09581150114536285,0
0,0.09581150114536285,0
0,0.09581150114536285,0
0,0.09581150114536285,0
0,0.09581150114536285,0
0,0.09581150114536285,0
0,0.09581150114536285,0
0,0.09581150114536285,0
0,0.09581150114536285,0
0,0.09581150114536285,0
0,0.09581150114536285,0
0,0.09581150114536285,0
0,0.09581150114536285,0
0,0.09581150114536285,0
0,0.09581150114536285,0
0,0.09581150114536285,0
0,0.09581150114536285,0
0,0.09581150114536285,0
0,0.09581150114536285,0
0,0.09581150114536285,0
0,0.09581150114536285,0
0,0.09581150114536285,0
0,0.09581150114536285,0
0,0.09581150114536285,0
0,0.09581150114536285,0
0,0.09581150114536285,0
0,0.09581150114536285,0
0,0.09581150114536285,0
0,0.09581150114536285,0
0,0.09581150114536285,0
0,0.09581150114536285,0
0,0.09581150114536285,0
0,0.09581150114536285,0
0,0.09581150114536285,0
0,0.09581150114536285,0
0,0.09581150114536285,0
0,0.09581150114536285,0
0,0.09581150114536285,0
0,0.09581150114536285,0
0,0.09581150114536285,0
0,0.09581150114536285,0
0,0.09581150114536285,0
0,0.09581150114536285,0
0,0.09581150114536285,0
0,0.09581150114536285,0
0,0.09581150114536285,0
0,0.09581150114536285,0
0,0.09581150114536285,0
0,0.09581150114536285,0
0,0.09581150114536285,0
0,0.09581150114536285,0
0,0.09581150114536285,0
0,0.09581150114536285,0
0,0.09581150114536285,0
0,0.09581150114536285,0
0,0.09581150114536285,0
0,0.09581150114536285,0
0,0.09581150114536285,0
0,0.09581150114536285,0
0,0.09581150114536285,0
0,0.09581150114536285,0
0,0.09581150114536285,0
0,0.09581150114536285,0
0,0.09581150114536285,0
0,0.09581150114536285,0
0,0.09581150114536285,0
0,0.09581150114536285,0
0,0.09581150114536285,0
0,0.09581150114536285,0
0,0.09581150114536285,0
0,0.09581150114536285,0
0,0.09581150114536285,0
0,0.09581150114536285,0
0,0.09581150114536285,0
0,0.09581150114536285,0
0,0.09581150114536285,0
0,0.09581150114536285,0
0,0.09581150114536285,0
0,0.09581150114536285,0
0,0.09581150114536285,0
0,0.09581150114536285,0
0,0.09581150114536285,0
0,0.09581150114536285,0
0,0.09581150114536285,0
0,0.09581150114536285,0
0,0.09581150114536285,0
0,0.09581150114536285,0
0,0.09581150114536285,0
0,0.09581150114536285,0
0,0.09581150114536285,0
0,0.09581150114536285,0
0,0.09581150114536285,0
0,0.09581150114536285,0
0,0.09581150114536285,0
0,0.09581150114536285,0
0,0.09581150114536285,0
0,0.09581150114536285,0
0,0.09581150114536285,0
0,0.09581150114536285,0
0,0.09581150114536285,0
0,0.09581150114536285,0
0,0.09581150114536285,0
0,0.09581150114536285,0
0,0.09581150114536285,0
0,0.09581150114536285,0
0,0.09581150114536285,0
0,0.09581150114536285,0
0,0.09581150114536285,0
0,0.09581150114536285,0
0,0.09581150114536285,0
0,0.09581150114536285,0
0,0.09581150114536285,0
0,0.09581150114536285,0
0,0.09581150114536285,0
0,0.09581150114536285,0
0,0.09581150114536285,0
0,0.09581150114536285,0
0,0.09581150114536285,0
0,0.09581150114536285,0
0,0.09581150114536285,0
0,0.09581150114536285,0
0,0.09581150114536285,0
0,0.09581150114536285,0
0,0.09581150114536285,0
0,0.09581150114536285,0
0,0.09581150114536285,0
0,0.09581150114536285,0
0,0.09581150114536285,0
0,0.09581150114536285,0
0,0.09581150114536285,0
0,0.09581150114536285,0
0,0.09581150114536285,0
0,0.09581150114536285,0
0,0.09581150114536285,0
0,0.09581150114536285,0
0,0.09581150114536285,0
0,0.09581150114536285,0
0,0.09581150114536285,0
0,0.09581150114536285,0
0,0.09581150114536285,0
0,0.09581150114536285,0
0,0.09581150114536285,0
0,0.09581150114536285,0
0,0.09581150114536285,0
0,0.09581150114536285,0
0,0.09581150114536285,0
0,0.09581150114536285,0
0,0.09581150114536285,0
0,0.09581150114536285,0
0,0.09581150114536285,0
0,0.09581150114536285,0
0,0.09581150114536285,0
0,0.09581150114536285,0
0,0.09581150114536285,0
0,0.09581150114536285,0
0,0.09581150114536285,0
0,0.09581150114536285,0
0,0.09581150114536285,0
0,0.09581150114536285,0
0,0.09581150114536285,0
0,0.09581150114536285,0
0,0.09581150114536285,0
0,0.09581150114536285,0
0,0.09581150114536285,0
0,0.09581150114536285,0
0,0.09581150114536285,0
0,0.09581150114536285,0
0,0.09581150114536285,0
0,0.09581150114536285,0
0,0.09581150114536285,0
0,0.09581150114536285,0
0,0.09581150114536285,0
0,0.09581150114536285,0
0,0.09581150114536285,0
0,0.09581150114536285,0
0,0.09581150114536285,0
0,0.09581150114536285,0
0,0.09581150114536285,0
0,0.09581150114536285,0
0,0.09581150114536285,0
0,0.09581150114536285,0
0,0.09581150114536285,0
0,0.09581150114536285,0
0,0.09581150114536285,0
0,0.09581150114536285,0
0,0.09581150114536285,0
0,0.09581150114536285,0
0,0.09581150114536285,0
0,0.09581150114536285,0
0,0.09581150114536285,0
0,0.09581150114536285,0
0,0.09581150114536285,0
0,0.09581150114536285,0
0,0.09581150114536285,0
0,0.09581150114536285,0
0,0.09581150114536285,0
0,0.09581150114536285,0
0,0.09581150114536285,0
0,0.09581150114536285,0
0,0.09581150114536285,0
0,0.09581150114536285,0
0,0.09581150114536285,0
0,0.09581150114536285,0
0,0.09581150114536285,0
0,0.09581150114536285,0
0,0.09581150114536285,0
0,0.09581150114536285,0
0,0.09581150114536285,0
0,0.09581150114536285,0
0,0.09581150114536285,0
0,0.09581150114536285,0
0,0.09581150114536285,0
0,0.09581150114536285,0
0,0.09581150114536285,0
0,0.09581150114536285,0
0,0.09581150114536285,0
0,0.09581150114536285,0
0,0.09581150114536285,0
0,0.09581150114536285,0
0,0.09581150114536285,0
0,0.09581150114536285,0
0,0.09581150114536285,0
0,0.09581150114536285,0
0,0.09581150114536285,0
0,0.09581150114536285,0
0,0.09581150114536285,0
0,0.09581150114536285,0
0,0.09581150114536285,0
0,0.09581150114536285,0
0,0.09581150114536285,0
0,0.09581150114536285,0
0,0.09581150114536285,0
0,0.09581150114536285,0
0,0.09581150114536285,0
0,0.09581150114536285,0
0,0.09581150114536285,0
0,0.09581150114536285,0
0,0.09581150114536285,0
0,0.09581150114536285,0
0,0.09581150114536285,0
0,0.09581150114536285,0
0,0.09581150114536285,0
0,0.09581150114536285,0
0,0.09581150114536285,0
0,0.09581150114536285,0
0,0.09581150114536285,0
0,0.09581150114536285,0
0,0.09581150114536285,0
0,0.09581150114536285,0
0,0.09581150114536285,0
0,0.09581150114536285,0
0,0.09581150114536285,0
0,0.09581150114536285,0
0,0.09581150114536285,0
0,0.09581150114536285,0
0,0.09581150114536285,0
0,0.09581150114536285,0
0,0.09581150114536285,0
0,0.09581150114536285,0
0,0.09581150114536285,0
0,0.09581150114536285,0
0,0.09581150114536285,0
0,0.09581150114536285,0
0,0.09581150114536285,0
0,0.09581150114536285,0
0,0.09581150114536285,0
0,0.09581150114536285,0
0,0.09581150114536285,0
0,0.09581150114536285,0
0,0.09581150114536285,0
0,0.09581150114536285,0
0,0.09581150114536285,0
0,0.09581150114536285,0
0,0.09581150114536285,0
0,0.09581150114536285,0
0,0.09581150114536285,0
0,0.09581150114536285,0
0,0.09581150114536285,0
0,0.09581150114536285,0
0,0.09581150114536285,0
0,0.09581150114536285,0
0,0.09581150114536285,0
0,0.09581150114536285,0
0,0.09581150114536285,0
0,0.09581150114536285,0
0,0.09581150114536285,0
0,0.09581150114536285,0
0,0.09581150114536285,0
0,0.09581150114536285,0
0,0.09581150114536285,0
0,0.09581150114536285,0
0,0.09581150114536285,0
0,0.09581150114536285,0
0,0.09581150114536285,0
0,0.09581150114536285,0
0,0.09581150114536285,0
0,0.09581150114536285,0
0,0.09581150114536285,0
0,0.09581150114536285,0
0,0.09581150114536285,0
0,0.09581150114536285,0
0,0.09581150114536285,0
0,0.09581150114536285,0
0,0.09581150114536285,0
0,0.09581150114536285,0
0,0.09581150114536285,0
0,0.09581150114536285,0
0,0.09581150114536285,0
0,0.09581150114536285,0
0,0.09581150114536285,0
0,0.09581150114536285,0
0,0.09581150114536285,0
0,0.09581150114536285,0
0,0.09581150114536285,0
0,0.09581150114536285,0
0,0.09581150114536285,0
0,0.09581150114536285,0
0,0.09581150114536285,0
0,0.09581150114536285,0
0,0.09581150114536285,0
0,0.09581150114536285,0
0,0.09581150114536285,0
0,0.09581150114536285,0
0,0.09581150114536285,0
0,0.09581150114536285,0
0,0.09581150114536285,0
0,0.09581150114536285,0
0,0.09581150114536285,0
0,0.09581150114536285,0
0,0.09581150114536285,0
0,0.09581150114536285,0
0,0.09581150114536285,0
0,0.09581150114536285,0
0,0.09581150114536285,0
0,0.09581150114536285,0
0,0.09581150114536285,0
0,0.09581150114536285,0
0,0.09581150114536285,0
0,0.09581150114536285,0
0,0.09581150114536285,0
0,0.09581150114536285,0
0,0.09581150114536285,0
0,0.09581150114536285,0
0,0.09581150114536285,0
0,0.09581150114536285,0
0,0.09581150114536285,0
0,0.09581150114536285,0
0,0.09581150114536285,0
0,0.09581150114536285,0
0,0.09581150114536285,0
0,0.09581150114536285,0
0,0.09581150114536285,0
0,0.09581150114536285,0
0,0.09581150114536285,0
0,0.09581150114536285,0
0,0.09581150114536285,0
0,0.09581150114536285,0
0,0.09581150114536285,0
0,0.09581150114536285,0
0,0.09581150114536285,0
0,0.09581150114536285,0
0,0.09581150114536285,0
0,0.09581150114536285,0
0,0.09581150114536285,0
0,0.09581150114536285,0
0,0.09581150114536285,0
0,0.09581150114536285,0
0,0.09581150114536285,0
0,0.09581150114536285,0
0,0.09581150114536285,0
0,0.09581150114536285,0
0,0.09581150114536285,0
0,0.09581150114536285,0
0,0.09581150114536285,0
0,0.09581150114536285,0
0,0.09581150114536285,0
0,0.09581150114536285,0
0,0.09581150114536285,0
0,0.09581150114536285,0
0,0.09581150114536285,0
0,0.09581150114536285,0
0,0.09581150114536285,0
0,0.09581150114536285,0
0,0.09581150114536285,0
0,0.09581150114536285,0
0,0.09581150114536285,0
0,0.09581150114536285,0
0,0.09581150114536285,0
0,0.09581150114536285,0
0,0.09581150114536285,0
0,0.09581150114536285,0
0,0.09581150114536285,0
0,0.09581150114536285,0
0,0.09581150114536285,0
0,0.09581150114536285,0
0,0.09581150114536285,0
0,0.09581150114536285,0
0,0.09581150114536285,0
0,0.09581150114536285,0
0,0.09581150114536285,0
0,0.09581150114536285,0
0,0.09581150114536285,0
0,0.09581150114536285,0
0,0.09581150114536285,0
0,0.09581150114536285,0
0,0.09581150114536285,0
0,0.09581150114536285,0
0,0.09581150114536285,0
0,0.09581150114536285,0
0,0.09581150114536285,0
0,0.09581150114536285,0
0,0.09581150114536285,0
0,0.09581150114536285,0
0,0.09581150114536285,0
0,0.09581150114536285,0
0,0.09581150114536285,0
0,0.09581150114536285,0
0,0.09581150114536285,0
0,0.09581150114536285,0
0,0.09581150114536285,0
0,0.09581150114536285,0
0,0.09581150114536285,0
0,0.09581150114536285,0
0,0.09581150114536285,0
0,0.09581150114536285,0
0,0.09581150114536285,0
0,0.09581150114536285,0
0,0.09581150114536285,0
0,0.09581150114536285,0
0,0.09581150114536285,0
0,0.09581150114536285,0
0,0.09581150114536285,0
0,0.09581150114536285,0
0,0.09581150114536285,0
0,0.09581150114536285,0
0,0.09581150114536285,0
0,0.09581150114536285,0
0,0.09581150114536285,0
0,0.09581150114536285,0
0,0.09581150114536285,0
0,0.09581150114536285,0
0,0.09581150114536285,0
0,0.09581150114536285,0
0,0.09581150114536285,0
0,0.09581150114536285,0
0,0.09581150114536285,0
0,0.09581150114536285,0
0,0.09581150114536285,0
0,0.09581150114536285,0
0,0.09581150114536285,0
0,0.09581150114536285,0
0,0.09581150114536285,0
0,0.09581150114536285,0
0,0.09581150114536285,0
0,0.09581150114536285,0
0,0.09581150114536285,0
0,0.09581150114536285,0
0,0.09581150114536285,0
0,0.09581150114536285,0
0,0.09581150114536285,0
0,0.09581150114536285,0
0,0.09581150114536285,0
0,0.09581150114536285,0
0,0.09581150114536285,0
0,0.09581150114536285,0
0,0.09581150114536285,0
0,0.09581150114536285,0
0,0.09581150114536285,0
0,0.09581150114536285,0
0,0.09581150114536285,0
0,0.09581150114536285,0
0,0.09581150114536285,0
0,0.09581150114536285,0
0,0.09581150114536285,0
0,0.09581150114536285,0
0,0.09581150114536285,0
0,0.09581150114536285,0
0,0.09581150114536285,0
0,0.09581150114536285,0
0,0.09581150114536285,0
0,0.09581150114536285,0
0,0.09581150114536285,0
0,0.09581150114536285,0
0,0.09581150114536285,0
0,0.09581150114536285,0
0,0.09581150114536285,0
0,0.09581150114536285,0
0,0.09581150114536285,0
0,0.09581150114536285,0
0,0.09581150114536285,0
0,0.09581150114536285,0
0,0.09581150114536285,0
0,0.09581150114536285,0
0,0.09581150114536285,0
0,0.09581150114536285,0
0,0.09581150114536285,0
0,0.09581150114536285,0
0,0.09581150114536285,0
0,0.09581150114536285,0
0,0.09581150114536285,0
0,0.09581150114536285,0
0,0.09581150114536285,0
0,0.09581150114536285,0
0,0.09581150114536285,0
0,0.09581150114536285,0
0,0.09581150114536285,0
0,0.09581150114536285,0
0,0.09581150114536285,0
0,0.09581150114536285,0
0,0.09581150114536285,0
0,0.09581150114536285,0
0,0.09581150114536285,0
0,0.09581150114536285,0
0,0.09581150114536285,0
0,0.09581150114536285,0
0,0.09581150114536285,0
0,0.09581150114536285,0
0,0.09581150114536285,0
0,0.09581150114536285,0
0,0.09581150114536285,0
0,0.09581150114536285,0
0,0.09581150114536285,0
0,0.09581150114536285,0
0,0.09581150114536285,0
0,0.09581150114536285,0
0,0.09581150114536285,0
0,0.09581150114536285,0
0,0.09581150114536285,0
0,0.09581150114536285,0
0,0.09581150114536285,0
0,0.09581150114536285,0
0,0.09581150114536285,0
0,0.09581150114536285,0
0,0.09581150114536285,0
0,0.09581150114536285,0
0,0.09581150114536285,0
0,0.09581150114536285,0
0,0.09581150114536285,0
0,0.09581150114536285,0
0,0.09581150114536285,0
0,0.09581150114536285,0
0,0.09581150114536285,0
0,0.09581150114536285,0
0,0.09581150114536285,0
0,0.09581150114536285,0
0,0.09581150114536285,0
0,0.09581150114536285,0
0,0.09581150114536285,0
0,0.09581150114536285,0
0,0.09581150114536285,0
0,0.09581150114536285,0
0,0.09581150114536285,0
0,0.09581150114536285,0
0,0.09581150114536285,0
0,0.09581150114536285,0
0,0.09581150114536285,0
0,0.09581150114536285,0
0,0.09581150114536285,0
0,0.09581150114536285,0
0,0.09581150114536285,0
0,0.09581150114536285,0
0,0.09581150114536285,0
0,0.09581150114536285,0
0,0.09581150114536285,0
0,0.09581150114536285,0
0,0.09581150114536285,0
0,0.09581150114536285,0
0,0.09581150114536285,0
0,0.09581150114536285,0
0,0.09581150114536285,0
0,0.09581150114536285,0
0,0.09581150114536285,0
0,0.09581150114536285,0
0,0.09581150114536285,0
0,0.09581150114536285,0
0,0.09581150114536285,0
0,0.09581150114536285,0
0,0.09581150114536285,0
0,0.09581150114536285,0
0,0.09581150114536285,0
0,0.09581150114536285,0
0,0.09581150114536285,0
0,0.09581150114536285,0
0,0.09581150114536285,0
0,0.09581150114536285,0
0,0.09581150114536285,0
0,0.09581150114536285,0
0,0.09581150114536285,0
0,0.09581150114536285,0
0,0.09581150114536285,0
0,0.09581150114536285,0
0,0.09581150114536285,0
0,0.09581150114536285,0
0,0.09581150114536285,0
0,0.09581150114536285,0
0,0.09581150114536285,0
0,0.09581150114536285,0
0,0.09581150114536285,0
0,0.09581150114536285,0
0,0.09581150114536285,0
0,0.09581150114536285,0
0,0.09581150114536285,0
0,0.09581150114536285,0
0,0.09581150114536285,0
0,0.09581150114536285,0
0,0.09581150114536285,0
0,0.09581150114536285,0
0,0.09581150114536285,0
0,0.09581150114536285,0
0,0.09581150114536285,0
0,0.09581150114536285,0
0,0.09581150114536285,0
0,0.09581150114536285,0
0,0.09581150114536285,0
0,0.09581150114536285,0
0,0.09581150114536285,0
0,0.09581150114536285,0
0,0.09581150114536285,0
0,0.09581150114536285,0
0,0.09581150114536285,0
0,0.09581150114536285,0
0,0.09581150114536285,0
0,0.09581150114536285,0
0,0.09581150114536285,0
0,0.09581150114536285,0
0,0.09581150114536285,0
0,0.09581150114536285,0
0,0.09581150114536285,0
0,0.09581150114536285,0
0,0.09581150114536285,0
0,0.09581150114536285,0
0,0.09581150114536285,0
0,0.09581150114536285,0
0,0.09581150114536285,0
0,0.09581150114536285,0
0,0.09581150114536285,0
0,0.09581150114536285,0
0,0.09581150114536285,0
0,0.09581150114536285,0
0,0.09581150114536285,0
0,0.09581150114536285,0
0,0.09581150114536285,0
0,0.09581150114536285,0
0,0.09581150114536285,0
0,0.09581150114536285,0
0,0.09581150114536285,0
0,0.09581150114536285,0
0,0.09581150114536285,0
0,0.09581150114536285,0
0,0.09581150114536285,0
0,0.09581150114536285,0
0,0.09581150114536285,0
0,0.09581150114536285,0
0,0.09581150114536285,0
0,0.09581150114536285,0
0,0.09581150114536285,0
0,0.09581150114536285,0
0,0.09581150114536285,0
0,0.09581150114536285,0
0,0.09581150114536285,0
0,0.09581150114536285,0
0,0.09581150114536285,0
0,0.09581150114536285,0
0,0.09581150114536285,0
0,0.09581150114536285,0
0,0.09581150114536285,0
0,0.09581150114536285,0
0,0.09581150114536285,0
0,0.09581150114536285,0
0,0.09581150114536285,0
0,0.09581150114536285,0
0,0.09581150114536285,0
0,0.09581150114536285,0
0,0.09581150114536285,0
0,0.09581150114536285,0
0,0.09581150114536285,0
0,0.09581150114536285,0
0,0.09581150114536285,0
0,0.09581150114536285,0
0,0.09581150114536285,0
0,0.09581150114536285,0
0,0.09581150114536285,0
0,0.09581150114536285,0
0,0.09581150114536285,0
0,0.09581150114536285,0
0,0.09581150114536285,0
0,0.09581150114536285,0
0,0.09581150114536285,0
0,0.09581150114536285,0
0,0.09581150114536285,0
0,0.09581150114536285,0
0,0.09581150114536285,0
0,0.09581150114536285,0
0,0.09581150114536285,0
0,0.09581150114536285,0
0,0.09581150114536285,0
0,0.09581150114536285,0
0,0.09581150114536285,0
0,0.09581150114536285,0
0,0.09581150114536285,0
0,0.09581150114536285,0
0,0.09581150114536285,0
0,0.09581150114536285,0
0,0.09581150114536285,0
0,0.09581150114536285,0
0,0.09581150114536285,0
0,0.09581150114536285,0
0,0.09581150114536285,0
0,0.09581150114536285,0
0,0.09581150114536285,0
0,0.09581150114536285,0
0,0.09581150114536285,0
0,0.09581150114536285,0
0,0.09581150114536285,0
0,0.09581150114536285,0
0,0.09581150114536285,0
0,0.09581150114536285,0
0,0.09581150114536285,0
0,0.09581150114536285,0
0,0.09581150114536285,0
0,0.09581150114536285,0
0,0.09581150114536285,0
0,0.09581150114536285,0
0,0.09581150114536285,0
0,0.09581150114536285,0
0,0.09581150114536285,0
0,0.09581150114536285,0
0,0.09581150114536285,0
0,0.09581150114536285,0
0,0.09581150114536285,0
0,0.09581150114536285,0
0,0.09581150114536285,0
0,0.09581150114536285,0
0,0.09581150114536285,0
0,0.09581150114536285,0
0,0.09581150114536285,0
0,0.09581150114536285,0
0,0.09581150114536285,0
0,0.09581150114536285,0
0,0.09581150114536285,0
0,0.09581150114536285,0
0,0.09581150114536285,0
0,0.09581150114536285,0
0,0.09581150114536285,0
0,0.09581150114536285,0
0,0.09581150114536285,0
0,0.09581150114536285,0
0,0.09581150114536285,0
0,0.09581150114536285,0
0,0.09581150114536285,0
0,0.09581150114536285,0
0,0.09581150114536285,0
0,0.09581150114536285,0
0,0.09581150114536285,0
0,0.09581150114536285,0
0,0.09581150114536285,0
0,0.09581150114536285,0
0,0.09581150114536285,0
0,0.09581150114536285,0
0,0.09581150114536285,0
0,0.09581150114536285,0
0,0.09581150114536285,0
0,0.09581150114536285,0
0,0.09581150114536285,0
0,0.09581150114536285,0
0,0.09581150114536285,0
0,0.09581150114536285,0
0,0.09581150114536285,0
0,0.09581150114536285,0
0,0.09581150114536285,0
0,0.09581150114536285,0
0,0.09581150114536285,0
0,0.09581150114536285,0
0,0.09581150114536285,0
0,0.09581150114536285,0
0,0.09581150114536285,0
0,0.09581150114536285,0
0,0.09581150114536285,0
0,0.09581150114536285,0
0,0.09581150114536285,0
0,0.09581150114536285,0
0,0.09581150114536285,0
0,0.09581150114536285,0
0,0.09581150114536285,0
0,0.09581150114536285,0
0,0.09581150114536285,0
0,0.09581150114536285,0
0,0.09581150114536285,0
0,0.09581150114536285,0
0,0.09581150114536285,0
0,0.09581150114536285,0
0,0.09581150114536285,0
0,0.09581150114536285,0
0,0.09581150114536285,0
0,0.09581150114536285,0
0,0.09581150114536285,0
0,0.09581150114536285,0
0,0.09581150114536285,0
0,0.09581150114536285,0
0,0.09581150114536285,0
0,0.09581150114536285,0
0,0.09581150114536285,0
0,0.09581150114536285,0
0,0.09581150114536285,0
0,0.09581150114536285,0
0,0.09581150114536285,0
0,0.09581150114536285,0
0,0.09581150114536285,0
0,0.09581150114536285,0
0,0.09581150114536285,0
0,0.09581150114536285,0
0,0.09581150114536285,0
0,0.09581150114536285,0
0,0.09581150114536285,0
0,0.09581150114536285,0
0,0.09581150114536285,0
0,0.09581150114536285,0
0,0.09581150114536285,0
0,0.09581150114536285,0
0,0.09581150114536285,0
0,0.09581150114536285,0
0,0.09581150114536285,0
0,0.09581150114536285,0
0,0.09581150114536285,0
0,0.09581150114536285,0
0,0.09581150114536285,0
0,0.09581150114536285,0
0,0.09581150114536285,0
0,0.09581150114536285,0
0,0.09581150114536285,0
0,0.09581150114536285,0
0,0.09581150114536285,0
0,0.09581150114536285,0
0,0.09581150114536285,0
0,0.09581150114536285,0
0,0.09581150114536285,0
0,0.09581150114536285,0
0,0.09581150114536285,0
0,0.09581150114536285,0
0,0.09581150114536285,0
0,0.09581150114536285,0
0,0.09581150114536285,0
0,0.09581150114536285,0
0,0.09581150114536285,0
0,0.09581150114536285,0
0,0.09581150114536285,0
0,0.09581150114536285,0
0,0.09581150114536285,0
0,0.09581150114536285,0
0,0.09581150114536285,0
0,0.09581150114536285,0
0,0.09581150114536285,0
0,0.09581150114536285,0
0,0.09581150114536285,0
0,0.09581150114536285,0
0,0.09581150114536285,0
0,0.09581150114536285,0
0,0.09581150114536285,0
0,0.09581150114536285,0
0,0.09581150114536285,0
0,0.09581150114536285,0
0,0.09581150114536285,0
0,0.09581150114536285,0
0,0.09581150114536285,0
0,0.09581150114536285,0
0,0.09581150114536285,0
0,0.09581150114536285,0
0,0.09581150114536285,0
0,0.09581150114536285,0
0,0.09581150114536285,0
0,0.09581150114536285,0
0,0.09581150114536285,0
0,0.09581150114536285,0
0,0.09581150114536285,0
0,0.09581150114536285,0
0,0.09581150114536285,0
0,0.09581150114536285,0
0,0.09581150114536285,0
0,0.09581150114536285,0
0,0.09581150114536285,0
0,0.09581150114536285,0
0,0.09581150114536285,0
0,0.09581150114536285,0
0,0.09581150114536285,0
0,0.09581150114536285,0
0,0.09581150114536285,0
0,0.09581150114536285,0
0,0.09581150114536285,0
0,0.09581150114536285,0
0,0.09581150114536285,0
0,0.09581150114536285,0
0,0.09581150114536285,0
0,0.09581150114536285,0
0,0.09581150114536285,0
0,0.09581150114536285,0
0,0.09581150114536285,0
0,0.09581150114536285,0
0,0.09581150114536285,0
0,0.09581150114536285,0
0,0.09581150114536285,0
0,0.09581150114536285,0
0,0.09581150114536285,0
0,0.09581150114536285,0
0,0.09581150114536285,0
0,0.09581150114536285,0
0,0.09581150114536285,0
0,0.09581150114536285,0
0,0.09581150114536285,0
0,0.09581150114536285,0
0,0.09581150114536285,0
0,0.09581150114536285,0
0,0.09581150114536285,0
0,0.09581150114536285,0
0,0.09581150114536285,0
0,0.09581150114536285,0
0,0.09581150114536285,0
0,0.09581150114536285,0
0,0.09581150114536285,0
0,0.09581150114536285,0
0,0.09581150114536285,0
0,0.09581150114536285,0
0,0.09581150114536285,0
0,0.09581150114536285,0
0,0.09581150114536285,0
0,0.09581150114536285,0
0,0.09581150114536285,0
0,0.09581150114536285,0
0,0.09581150114536285,0
0,0.09581150114536285,0
0,0.09581150114536285,0
0,0.09581150114536285,0
0,0.09581150114536285,0
0,0.09581150114536285,0
0,0.09581150114536285,0
0,0.09581150114536285,0
0,0.09581150114536285,0
0,0.09581150114536285,0
0,0.09581150114536285,0
0,0.09581150114536285,0
0,0.09581150114536285,0
0,0.09581150114536285,0
0,0.09581150114536285,0
0,0.09581150114536285,0
0,0.09581150114536285,0
0,0.09581150114536285,0
0,0.09581150114536285,0
0,0.09581150114536285,0
0,0.09581150114536285,0
0,0.09581150114536285,0
0,0.09581150114536285,0
0,0.09581150114536285,0
0,0.09581150114536285,0
0,0.09581150114536285,0
0,0.09581150114536285,0
0,0.09581150114536285,0
0,0.09581150114536285,0
0,0.09581150114536285,0
0,0.09581150114536285,0
0,0.09581150114536285,0
0,0.09581150114536285,0
0,0.09581150114536285,0
0,0.09581150114536285,0
0,0.09581150114536285,0
0,0.09581150114536285,0
0,0.09581150114536285,0
0,0.09581150114536285,0
0,0.09581150114536285,0
0,0.09581150114536285,0
0,0.09581150114536285,0
0,0.09581150114536285,0
0,0.09581150114536285,0
0,0.09581150114536285,0
0,0.09581150114536285,0
0,0.09581150114536285,0
0,0.09581150114536285,0
0,0.09581150114536285,0
0,0.09581150114536285,0
0,0.09581150114536285,0
0,0.09581150114536285,0
0,0.09581150114536285,0
0,0.09581150114536285,0
0,0.09581150114536285,0
0,0.09581150114536285,0
0,0.09581150114536285,0
0,0.09581150114536285,0
0,0.09581150114536285,0
0,0.09581150114536285,0
0,0.09581150114536285,0
0,0.09581150114536285,0
0,0.09581150114536285,0
0,0.09581150114536285,0
0,0.09581150114536285,0
0,0.09581150114536285,0
0,0.09581150114536285,0
0,0.09581150114536285,0
0,0.09581150114536285,0
0,0.09581150114536285,0
0,0.09581150114536285,0
0,0.09581150114536285,0
0,0.09581150114536285,0
0,0.09581150114536285,0
0,0.09581150114536285,0
0,0.09581150114536285,0
0,0.09581150114536285,0
0,0.09581150114536285,0
0,0.09581150114536285,0
0,0.09581150114536285,0
0,0.09581150114536285,0
0,0.09581150114536285,0
0,0.09581150114536285,0
0,0.09581150114536285,0
0,0.09581150114536285,0
0,0.09581150114536285,0
0,0.09581150114536285,0
0,0.09581150114536285,0
0,0.09581150114536285,0
0,0.09581150114536285,0
0,0.09581150114536285,0
0,0.09581150114536285,0
0,0.09581150114536285,0
0,0.09581150114536285,0
0,0.09581150114536285,0
0,0.09581150114536285,0
0,0.09581150114536285,0
0,0.09581150114536285,0
0,0.09581150114536285,0
0,0.09581150114536285,0
0,0.09581150114536285,0
0,0.09581150114536285,0
0,0.09581150114536285,0
0,0.09581150114536285,0
0,0.09581150114536285,0
0,0.09581150114536285,0
0,0.09581150114536285,0
0,0.09581150114536285,0
0,0.09581150114536285,0
0,0.09581150114536285,0
0,0.09581150114536285,0
0,0.09581150114536285,0
0,0.09581150114536285,0
0,0.09581150114536285,0
0,0.09581150114536285,0
0,0.09581150114536285,0
0,0.09581150114536285,0
0,0.09581150114536285,0
0,0.09581150114536285,0
0,0.09581150114536285,0
0,0.09581150114536285,0
0,0.09581150114536285,0
0,0.09581150114536285,0
0,0.09581150114536285,0
0,0.09581150114536285,0
0,0.09581150114536285,0
0,0.09581150114536285,0
0,0.09581150114536285,0
0,0.09581150114536285,0
0,0.09581150114536285,0
0,0.09581150114536285,0
0,0.09581150114536285,0
0,0.09581150114536285,0
0,0.8895574808120728,0
0,0.883767306804657,0
0,0.8632813096046448,0
0,0.8468464016914368,0
0,0.8307079672813416,0
0,0.8125883340835571,0
0,0.7851958274841309,0
0,0.7540867328643799,0
0,0.7434166669845581,0
0,0.7469439506530762,0
0,0.7541808485984802,0
0,0.7545438408851624,0
0,0.7282616496086121,0
0,0.6804725527763367,0
0,0.6562877893447876,0
0,0.6852715611457825,0
0,0.7351422905921936,0
0,0.7442667484283447,0
0,0.7101284265518188,0
0,0.6404545903205872,0
0,0.5794359445571899,0
0,0.5981054902076721,0
0,0.6770144104957581,0
0,0.7196396589279175,0
0,0.7175034880638123,0
0,0.6955389380455017,0
0,0.670813798904419,0
0,0.6545332670211792,0
0,0.6471360921859741,0
0,0.5066333413124084,0
0,0.09581150114536285,0
0,0.09581150114536285,0
0,0.09581150114536285,0
0,0.09581150114536285,0
0,0.09581150114536285,0
0,0.09581150114536285,0
0,0.09581150114536285,0
0,0.09581150114536285,0
0,0.09581150114536285,0
0,0.09581150114536285,0
0,0.09581150114536285,0
0,0.09581150114536285,0
0,0.09581150114536285,0
0,0.09581150114536285,0
0,0.09581150114536285,0
0,0.09581150114536285,0
0,0.09581150114536285,0
0,0.09581150114536285,0
0,0.09581150114536285,0
0,0.09581150114536285,0
0,0.09581150114536285,0
0,0.09581150114536285,0
0,0.09581150114536285,0
0,0.09581150114536285,0
0,0.09581150114536285,0
0,0.09581150114536285,0
0,0.09581150114536285,0
0,0.09581150114536285,0
0,0.09581150114536285,0
0,0.09581150114536285,0
0,0.09581150114536285,0
0,0.09581150114536285,0
0,0.09581150114536285,0
0,0.09581150114536285,0
0,0.09581150114536285,0
0,0.09581150114536285,0
0,0.09581150114536285,0
0,0.09581150114536285,0
0,0.09581150114536285,0
0,0.09581150114536285,0
0,0.09581150114536285,0
0,0.09581150114536285,0
0,0.09581150114536285,0
0,0.09581150114536285,0
0,0.09581150114536285,0
0,0.09581150114536285,0
0,0.09581150114536285,0
0,0.09581150114536285,0
0,0.09581150114536285,0
0,0.09581150114536285,0
0,0.09581150114536285,0
0,0.09581150114536285,0
0,0.09581150114536285,0
0,0.09581150114536285,0
0,0.09581150114536285,0
0,0.09581150114536285,0
0,0.09581150114536285,0
0,0.09581150114536285,0
0,0.09581150114536285,0
0,0.09581150114536285,0
0,0.09581150114536285,0
0,0.09581150114536285,0
0,0.09581150114536285,0
0,0.09581150114536285,0
0,0.09581150114536285,0
0,0.09581150114536285,0
0,0.09581150114536285,0
0,0.09581150114536285,0
0,0.09581150114536285,0
0,0.09581150114536285,0
0,0.09581150114536285,0
0,0.09581150114536285,0
0,0.09581150114536285,0
0,0.09581150114536285,0
0,0.09581150114536285,0
0,0.09581150114536285,0
0,0.09581150114536285,0
0,0.09581150114536285,0
0,0.09581150114536285,0
0,0.09581150114536285,0
0,0.09581150114536285,0
0,0.09581150114536285,0
0,0.09581150114536285,0
0,0.09581150114536285,0
0,0.09581150114536285,0
0,0.09581150114536285,0
0,0.09581150114536285,0
0,0.09581150114536285,0
0,0.09581150114536285,0
0,0.09581150114536285,0
0,0.09581150114536285,0
0,0.09581150114536285,0
0,0.09581150114536285,0
0,0.09581150114536285,0
0,0.09581150114536285,0
0,0.09581150114536285,0
0,0.09581150114536285,0
0,0.09581150114536285,0
0,0.09581150114536285,0
0,0.09581150114536285,0
0,0.09581150114536285,0
0,0.09581150114536285,0
0,0.09581150114536285,0
0,0.09581150114536285,0
0,0.09581150114536285,0
0,0.09581150114536285,0
0,0.09581150114536285,0
0,0.09581150114536285,0
0,0.09581150114536285,0
0,0.09581150114536285,0
0,0.09581150114536285,0
0,0.09581150114536285,0
0,0.09581150114536285,0
0,0.09581150114536285,0
0,0.09581150114536285,0
0,0.09581150114536285,0
0,0.09581150114536285,0
0,0.09581150114536285,0
0,0.09581150114536285,0
0,0.09581150114536285,0
0,0.09581150114536285,0
0,0.09581150114536285,0
0,0.09581150114536285,0
0,0.09581150114536285,0
0,0.09581150114536285,0
0,0.09581150114536285,0
0,0.09581150114536285,0
0,0.09581150114536285,0
0,0.09581150114536285,0
0,0.09581150114536285,0
0,0.09581150114536285,0
0,0.09581150114536285,0
0,0.09581150114536285,0
0,0.09581150114536285,0
0,0.09581150114536285,0
0,0.09581150114536285,0
0,0.09581150114536285,0
0,0.09581150114536285,0
0,0.09581150114536285,0
0,0.09581150114536285,0
0,0.09581150114536285,0
0,0.09581150114536285,0
0,0.09581150114536285,0
0,0.09581150114536285,0
0,0.09581150114536285,0
0,0.09581150114536285,0
0,0.09581150114536285,0
0,0.09581150114536285,0
0,0.09581150114536285,0
0,0.09581150114536285,0
0,0.09581150114536285,0
0,0.09581150114536285,0
0,0.09581150114536285,0
0,0.09581150114536285,0
0,0.09581150114536285,0
0,0.09581150114536285,0
0,0.09581150114536285,0
0,0.09581150114536285,0
0,0.09581150114536285,0
0,0.09581150114536285,0
0,0.09581150114536285,0
0,0.09581150114536285,0
0,0.09581150114536285,0
0,0.09581150114536285,0
0,0.09581150114536285,0
0,0.09581150114536285,0
0,0.09581150114536285,0
0,0.09581150114536285,0
0,0.09581150114536285,0
0,0.09581150114536285,0
0,0.09581150114536285,0
0,0.09581150114536285,0
0,0.09581150114536285,0
0,0.09581150114536285,0
0,0.09581150114536285,0
0,0.09581150114536285,0
0,0.09581150114536285,0
0,0.09581150114536285,0
0,0.09581150114536285,0
0,0.09581150114536285,0
0,0.09581150114536285,0
0,0.09581150114536285,0
0,0.09581150114536285,0
0,0.09581150114536285,0
0,0.09581150114536285,0
0,0.09581150114536285,0
0,0.09581150114536285,0
0,0.09581150114536285,0
0,0.09581150114536285,0
0,0.09581150114536285,0
0,0.09581150114536285,0
0,0.09581150114536285,0
0,0.09581150114536285,0
0,0.09581150114536285,0
0,0.09581150114536285,0
0,0.09581150114536285,0
0,0.09581150114536285,0
0,0.09581150114536285,0
0,0.09581150114536285,0
0,0.09581150114536285,0
0,0.09581150114536285,0
0,0.09581150114536285,0
0,0.09581150114536285,0
0,0.09581150114536285,0
0,0.09581150114536285,0
0,0.09581150114536285,0
0,0.09581150114536285,0
0,0.09581150114536285,0
0,0.09581150114536285,0
0,0.09581150114536285,0
0,0.09581150114536285,0
0,0.09581150114536285,0
0,0.09581150114536285,0
0,0.09581150114536285,0
0,0.09581150114536285,0
0,0.09581150114536285,0
0,0.09581150114536285,0
0,0.09581150114536285,0
0,0.09581150114536285,0
0,0.09581150114536285,0
0,0.09581150114536285,0
0,0.09581150114536285,0
0,0.09581150114536285,0
0,0.09581150114536285,0
0,0.09581150114536285,0
0,0.09581150114536285,0
0,0.09581150114536285,0
0,0.09581150114536285,0
0,0.09581150114536285,0
0,0.09581150114536285,0
0,0.09581150114536285,0
0,0.09581150114536285,0
0,0.09581150114536285,0
0,0.09581150114536285,0
0,0.09581150114536285,0
0,0.09581150114536285,0
0,0.09581150114536285,0
0,0.09581150114536285,0
0,0.09581150114536285,0
0,0.09581150114536285,0
0,0.09581150114536285,0
0,0.09581150114536285,0
0,0.09581150114536285,0
0,0.09581150114536285,0
0,0.09581150114536285,0
0,0.09581150114536285,0
0,0.09581150114536285,0
0,0.09581150114536285,0
0,0.09581150114536285,0
0,0.09581150114536285,0
0,0.09581150114536285,0
0,0.09581150114536285,0
0,0.09581150114536285,0
0,0.09581150114536285,0
0,0.09581150114536285,0
0,0.09581150114536285,0
0,0.09581150114536285,0
0,0.09581150114536285,0
0,0.09581150114536285,0
0,0.09581150114536285,0
0,0.09581150114536285,0
0,0.09581150114536285,0
0,0.09581150114536285,0
0,0.09581150114536285,0
0,0.09581150114536285,0
0,0.09581150114536285,0
0,0.09581150114536285,0
0,0.09581150114536285,0
0,0.09581150114536285,0
0,0.09581150114536285,0
0,0.09581150114536285,0
0,0.09581150114536285,0
0,0.09581150114536285,0
0,0.09581150114536285,0
0,0.09581150114536285,0
0,0.09581150114536285,0
0,0.09581150114536285,0
0,0.09581150114536285,0
0,0.09581150114536285,0
0,0.09581150114536285,0
0,0.09581150114536285,0
0,0.09581150114536285,0
0,0.09581150114536285,0
0,0.09581150114536285,0
0,0.09581150114536285,0
0,0.09581150114536285,0
0,0.09581150114536285,0
0,0.09581150114536285,0
0,0.09581150114536285,0
0,0.09581150114536285,0
0,0.09581150114536285,0
0,0.09581150114536285,0
0,0.09581150114536285,0
0,0.09581150114536285,0
0,0.09581150114536285,0
0,0.09581150114536285,0
0,0.09581150114536285,0
0,0.09581150114536285,0
0,0.09581150114536285,0
0,0.09581150114536285,0
0,0.09581150114536285,0
0,0.09581150114536285,0
0,0.09581150114536285,0
0,0.09581150114536285,0
0,0.09581150114536285,0
0,0.09581150114536285,0
0,0.09581150114536285,0
0,0.09581150114536285,0
0,0.09581150114536285,0
0,0.09581150114536285,0
0,0.09581150114536285,0
0,0.09581150114536285,0
0,0.09581150114536285,0
0,0.09581150114536285,0
0,0.09581150114536285,0
0,0.09581150114536285,0
0,0.09581150114536285,0
0,0.09581150114536285,0
0,0.09581150114536285,0
0,0.09581150114536285,0
0,0.09581150114536285,0
0,0.09581150114536285,0
0,0.09581150114536285,0
0,0.09581150114536285,0
0,0.09581150114536285,0
0,0.09581150114536285,0
0,0.09581150114536285,0
0,0.09581150114536285,0
0,0.09581150114536285,0
0,0.09581150114536285,0
0,0.09581150114536285,0
0,0.09581150114536285,0
0,0.09581150114536285,0
0,0.09581150114536285,0
0,0.09581150114536285,0
0,0.09581150114536285,0
0,0.09581150114536285,0
0,0.09581150114536285,0
0,0.09581150114536285,0
0,0.09581150114536285,0
0,0.09581150114536285,0
0,0.09581150114536285,0
0,0.09581150114536285,0
0,0.09581150114536285,0
0,0.09581150114536285,0
0,0.09581150114536285,0
0,0.09581150114536285,0
0,0.09581150114536285,0
0,0.09581150114536285,0
0,0.09581150114536285,0
0,0.09581150114536285,0
0,0.09581150114536285,0
0,0.09581150114536285,0
0,0.09581150114536285,0
0,0.09581150114536285,0
0,0.09581150114536285,0
0,0.09581150114536285,0
0,0.09581150114536285,0
0,0.09581150114536285,0
0,0.09581150114536285,0
0,0.09581150114536285,0
0,0.09581150114536285,0
0,0.09581150114536285,0
0,0.09581150114536285,0
0,0.09581150114536285,0
0,0.09581150114536285,0
0,0.09581150114536285,0
0,0.09581150114536285,0
0,0.09581150114536285,0
0,0.09581150114536285,0
0,0.09581150114536285,0
0,0.09581150114536285,0
0,0.09581150114536285,0
0,0.09581150114536285,0
0,0.09581150114536285,0
0,0.09581150114536285,0
0,0.09581150114536285,0
0,0.09581150114536285,0
0,0.09581150114536285,0
0,0.09581150114536285,0
0,0.09581150114536285,0
0,0.09581150114536285,0
0,0.09581150114536285,0
0,0.09581150114536285,0
0,0.09581150114536285,0
0,0.09581150114536285,0
0,0.09581150114536285,0
0,0.09581150114536285,0
0,0.09581150114536285,0
0,0.09581150114536285,0
0,0.09581150114536285,0
0,0.09581150114536285,0
0,0.09581150114536285,0
0,0.09581150114536285,0
0,0.09581150114536285,0
0,0.09581150114536285,0
0,0.09581150114536285,0
0,0.09581150114536285,0
0,0.09581150114536285,0
0,0.09581150114536285,0
0,0.09581150114536285,0
0,0.09581150114536285,0
0,0.09581150114536285,0
0,0.09581150114536285,0
0,0.09581150114536285,0
0,0.09581150114536285,0
0,0.09581150114536285,0
0,0.09581150114536285,0
0,0.09581150114536285,0
0,0.09581150114536285,0
0,0.09581150114536285,0
0,0.09581150114536285,0
0,0.09581150114536285,0
0,0.09581150114536285,0
0,0.09581150114536285,0
0,0.09581150114536285,0
0,0.09581150114536285,0
0,0.09581150114536285,0
0,0.09581150114536285,0
0,0.09581150114536285,0
0,0.09581150114536285,0
0,0.09581150114536285,0
0,0.09581150114536285,0
0,0.09581150114536285,0
0,0.09581150114536285,0
0,0.09581150114536285,0
0,0.09581150114536285,0
0,0.09581150114536285,0
0,0.09581150114536285,0
0,0.09581150114536285,0
0,0.09581150114536285,0
0,0.09581150114536285,0
0,0.09581150114536285,0
0,0.09581150114536285,0
0,0.09581150114536285,0
0,0.09581150114536285,0
0,0.09581150114536285,0
0,0.09581150114536285,0
0,0.09581150114536285,0
0,0.09581150114536285,0
0,0.09581150114536285,0
0,0.09581150114536285,0
0,0.09581150114536285,0
0,0.09581150114536285,0
0,0.09581150114536285,0
0,0.09581150114536285,0
0,0.09581150114536285,0
0,0.09581150114536285,0
0,0.09581150114536285,0
0,0.09581150114536285,0
0,0.09581150114536285,0
0,0.09581150114536285,0
0,0.09581150114536285,0
0,0.09581150114536285,0
0,0.09581150114536285,0
0,0.09581150114536285,0
0,0.09581150114536285,0
0,0.09581150114536285,0
0,0.09581150114536285,0
0,0.09581150114536285,0
0,0.09581150114536285,0
0,0.09581150114536285,0
0,0.09581150114536285,0
0,0.09581150114536285,0
0,0.09581150114536285,0
0,0.09581150114536285,0
0,0.09581150114536285,0
0,0.09581150114536285,0
0,0.09581150114536285,0
0,0.09581150114536285,0
0,0.09581150114536285,0
0,0.09581150114536285,0
0,0.09581150114536285,0
0,0.09581150114536285,0
0,0.09581150114536285,0
0,0.09581150114536285,0
0,0.09581150114536285,0
0,0.09581150114536285,0
0,0.09581150114536285,0
0,0.09581150114536285,0
0,0.09581150114536285,0
0,0.09581150114536285,0
0,0.09581150114536285,0
0,0.09581150114536285,0
0,0.09581150114536285,0
0,0.09581150114536285,0
0,0.09581150114536285,0
0,0.09581150114536285,0
0,0.09581150114536285,0
0,0.09581150114536285,0
0,0.09581150114536285,0
0,0.09581150114536285,0
0,0.09581150114536285,0
0,0.09581150114536285,0
0,0.09581150114536285,0
0,0.09581150114536285,0
0,0.09581150114536285,0
0,0.09581150114536285,0
0,0.09581150114536285,0
0,0.09581150114536285,0
0,0.09581150114536285,0
0,0.09581150114536285,0
0,0.09581150114536285,0
0,0.09581150114536285,0
0,0.09581150114536285,0
0,0.09581150114536285,0
0,0.09581150114536285,0
0,0.09581150114536285,0
0,0.09581150114536285,0
0,0.09581150114536285,0
0,0.09581150114536285,0
0,0.09581150114536285,0
0,0.09581150114536285,0
0,0.09581150114536285,0
0,0.09581150114536285,0
0,0.09581150114536285,0
0,0.09581150114536285,0
0,0.09581150114536285,0
0,0.09581150114536285,0
0,0.09581150114536285,0
0,0.09581150114536285,0
0,0.09581150114536285,0
0,0.09581150114536285,0
0,0.09581150114536285,0
0,0.09581150114536285,0
0,0.09581150114536285,0
0,0.09581150114536285,0
0,0.09581150114536285,0
0,0.09581150114536285,0
0,0.09581150114536285,0
0,0.09581150114536285,0
0,0.09581150114536285,0
0,0.09581150114536285,0
0,0.09581150114536285,0
0,0.09581150114536285,0
0,0.09581150114536285,0
0,0.09581150114536285,0
0,0.09581150114536285,0
0,0.09581150114536285,0
0,0.09581150114536285,0
0,0.09581150114536285,0
0,0.09581150114536285,0
0,0.09581150114536285,0
0,0.09581150114536285,0
0,0.09581150114536285,0
0,0.09581150114536285,0
0,0.09581150114536285,0
0,0.09581150114536285,0
0,0.09581150114536285,0
0,0.09581150114536285,0
0,0.09581150114536285,0
0,0.09581150114536285,0
0,0.09581150114536285,0
0,0.09581150114536285,0
0,0.09581150114536285,0
0,0.09581150114536285,0
0,0.09581150114536285,0
0,0.09581150114536285,0
0,0.09581150114536285,0
0,0.09581150114536285,0
0,0.09581150114536285,0
0,0.09581150114536285,0
0,0.09581150114536285,0
0,0.09581150114536285,0
0,0.09581150114536285,0
0,0.09581150114536285,0
0,0.09581150114536285,0
0,0.09581150114536285,0
0,0.09581150114536285,0
0,0.09581150114536285,0
0,0.09581150114536285,0
0,0.09581150114536285,0
0,0.09581150114536285,0
0,0.09581150114536285,0
0,0.09581150114536285,0
0,0.09581150114536285,0
0,0.09581150114536285,0
0,0.09581150114536285,0
0,0.09581150114536285,0
0,0.09581150114536285,0
0,0.09581150114536285,0
0,0.09581150114536285,0
0,0.09581150114536285,0
0,0.09581150114536285,0
0,0.09581150114536285,0
0,0.09581150114536285,0
0,0.09581150114536285,0
0,0.09581150114536285,0
0,0.09581150114536285,0
0,0.09581150114536285,0
0,0.09581150114536285,0
0,0.09581150114536285,0
0,0.09581150114536285,0
0,0.09581150114536285,0
0,0.09581150114536285,0
0,0.09581150114536285,0
0,0.09581150114536285,0
0,0.09581150114536285,0
0,0.09581150114536285,0
0,0.09581150114536285,0
0,0.09581150114536285,0
0,0.09581150114536285,0
0,0.09581150114536285,0
0,0.09581150114536285,0
0,0.09581150114536285,0
0,0.09581150114536285,0
0,0.09581150114536285,0
0,0.09581150114536285,0
0,0.09581150114536285,0
0,0.09581150114536285,0
0,0.09581150114536285,0
0,0.09581150114536285,0
0,0.09581150114536285,0
0,0.09581150114536285,0
0,0.09581150114536285,0
0,0.09581150114536285,0
0,0.09581150114536285,0
0,0.09581150114536285,0
0,0.09581150114536285,0
0,0.09581150114536285,0
0,0.09581150114536285,0
0,0.09581150114536285,0
0,0.09581150114536285,0
0,0.09581150114536285,0
0,0.09581150114536285,0
0,0.09581150114536285,0
0,0.09581150114536285,0
0,0.09581150114536285,0
0,0.09581150114536285,0
0,0.09581150114536285,0
0,0.09581150114536285,0
0,0.09581150114536285,0
0,0.09581150114536285,0
0,0.09581150114536285,0
0,0.09581150114536285,0
0,0.09581150114536285,0
0,0.09581150114536285,0
0,0.09581150114536285,0
0,0.09581150114536285,0
0,0.09581150114536285,0
0,0.09581150114536285,0
0,0.09581150114536285,0
0,0.09581150114536285,0
0,0.09581150114536285,0
0,0.09581150114536285,0
0,0.09581150114536285,0
0,0.09581150114536285,0
0,0.09581150114536285,0
0,0.09581150114536285,0
0,0.09581150114536285,0
0,0.09581150114536285,0
0,0.09581150114536285,0
0,0.09581150114536285,0
0,0.09581150114536285,0
0,0.09581150114536285,0
0,0.09581150114536285,0
0,0.09581150114536285,0
0,0.09581150114536285,0
0,0.09581150114536285,0
0,0.09581150114536285,0
0,0.09581150114536285,0
0,0.09581150114536285,0
0,0.09581150114536285,0
0,0.09581150114536285,0
0,0.09581150114536285,0
0,0.09581150114536285,0
0,0.09581150114536285,0
0,0.09581150114536285,0
0,0.09581150114536285,0
0,0.09581150114536285,0
0,0.09581150114536285,0
0,0.09581150114536285,0
0,0.09581150114536285,0
0,0.09581150114536285,0
0,0.09581150114536285,0
0,0.09581150114536285,0
0,0.09581150114536285,0
0,0.09581150114536285,0
0,0.09581150114536285,0
0,0.09581150114536285,0
0,0.09581150114536285,0
0,0.09581150114536285,0
0,0.09581150114536285,0
0,0.09581150114536285,0
0,0.09581150114536285,0
0,0.09581150114536285,0
0,0.09581150114536285,0
0,0.09581150114536285,0
0,0.09581150114536285,0
0,0.09581150114536285,0
0,0.09581150114536285,0
0,0.09581150114536285,0
0,0.09581150114536285,0
0,0.09581150114536285,0
0,0.09581150114536285,0
0,0.09581150114536285,0
0,0.09581150114536285,0
0,0.09581150114536285,0
0,0.09581150114536285,0
0,0.09581150114536285,0
0,0.09581150114536285,0
0,0.09581150114536285,0
0,0.09581150114536285,0
0,0.09581150114536285,0
0,0.09581150114536285,0
0,0.09581150114536285,0
0,0.09581150114536285,0
0,0.09581150114536285,0
0,0.09581150114536285,0
0,0.09581150114536285,0
0,0.09581150114536285,0
0,0.09581150114536285,0
0,0.09581150114536285,0
0,0.09581150114536285,0
0,0.09581150114536285,0
0,0.09581150114536285,0
0,0.09581150114536285,0
0,0.09581150114536285,0
0,0.09581150114536285,0
0,0.09581150114536285,0
0,0.09581150114536285,0
0,0.09581150114536285,0
0,0.09581150114536285,0
0,0.09581150114536285,0
0,0.09581150114536285,0
0,0.09581150114536285,0
0,0.09581150114536285,0
0,0.09581150114536285,0
0,0.09581150114536285,0
0,0.09581150114536285,0
0,0.09581150114536285,0
0,0.09581150114536285,0
0,0.09581150114536285,0
0,0.09581150114536285,0
0,0.09581150114536285,0
0,0.09581150114536285,0
0,0.09581150114536285,0
0,0.09581150114536285,0
0,0.09581150114536285,0
0,0.09581150114536285,0
0,0.09581150114536285,0
0,0.09581150114536285,0
0,0.09581150114536285,0
0,0.09581150114536285,0
0,0.09581150114536285,0
0,0.09581150114536285,0
0,0.09581150114536285,0
0,0.09581150114536285,0
0,0.09581150114536285,0
0,0.09581150114536285,0
0,0.09581150114536285,0
0,0.09581150114536285,0
0,0.09581150114536285,0
0,0.09581150114536285,0
0,0.09581150114536285,0
0,0.09581150114536285,0
0,0.09581150114536285,0
0,0.09581150114536285,0
0,0.09581150114536285,0
0,0.09581150114536285,0
0,0.09581150114536285,0
0,0.09581150114536285,0
0,0.09581150114536285,0
0,0.09581150114536285,0
0,0.09581150114536285,0
0,0.09581150114536285,0
0,0.09581150114536285,0
0,0.09581150114536285,0
0,0.09581150114536285,0
0,0.09581150114536285,0
0,0.09581150114536285,0
0,0.09581150114536285,0
0,0.09581150114536285,0
0,0.09581150114536285,0
0,0.09581150114536285,0
0,0.09581150114536285,0
0,0.09581150114536285,0
0,0.09581150114536285,0
0,0.09581150114536285,0
0,0.09581150114536285,0
0,0.09581150114536285,0
0,0.09581150114536285,0
0,0.09581150114536285,0
0,0.09581150114536285,0
0,0.09581150114536285,0
0,0.09581150114536285,0
0,0.09581150114536285,0
0,0.09581150114536285,0
0,0.09581150114536285,0
0,0.09581150114536285,0
0,0.09581150114536285,0
0,0.09581150114536285,0
0,0.09581150114536285,0
0,0.09581150114536285,0
0,0.09581150114536285,0
0,0.09581150114536285,0
0,0.09581150114536285,0
0,0.09581150114536285,0
0,0.09581150114536285,0
0,0.09581150114536285,0
0,0.09581150114536285,0
0,0.09581150114536285,0
0,0.09581150114536285,0
0,0.09581150114536285,0
0,0.09581150114536285,0
0,0.09581150114536285,0
0,0.09581150114536285,0
0,0.09581150114536285,0
0,0.09581150114536285,0
0,0.09581150114536285,0
0,0.09581150114536285,0
0,0.09581150114536285,0
0,0.09581150114536285,0
0,0.09581150114536285,0
0,0.09581150114536285,0
0,0.09581150114536285,0
0,0.09581150114536285,0
0,0.09581150114536285,0
0,0.09581150114536285,0
0,0.09581150114536285,0
0,0.09581150114536285,0
0,0.09581150114536285,0
0,0.09581150114536285,0
0,0.09581150114536285,0
0,0.09581150114536285,0
0,0.09581150114536285,0
0,0.09581150114536285,0
0,0.09581150114536285,0
0,0.09581150114536285,0
0,0.09581150114536285,0
0,0.09581150114536285,0
0,0.09581150114536285,0
0,0.09581150114536285,0
0,0.09581150114536285,0
0,0.09581150114536285,0
0,0.09581150114536285,0
0,0.09581150114536285,0
0,0.09581150114536285,0
0,0.09581150114536285,0
0,0.09581150114536285,0
0,0.09581150114536285,0
0,0.09581150114536285,0
0,0.09581150114536285,0
0,0.09581150114536285,0
0,0.09581150114536285,0
0,0.09581150114536285,0
0,0.09581150114536285,0
0,0.09581150114536285,0
0,0.09581150114536285,0
0,0.09581150114536285,0
0,0.09581150114536285,0
0,0.09581150114536285,0
0,0.09581150114536285,0
0,0.09581150114536285,0
0,0.09581150114536285,0
0,0.09581150114536285,0
0,0.09581150114536285,0
0,0.09581150114536285,0
0,0.09581150114536285,0
0,0.09581150114536285,0
0,0.09581150114536285,0
0,0.09581150114536285,0
0,0.09581150114536285,0
0,0.09581150114536285,0
0,0.09581150114536285,0
0,0.09581150114536285,0
0,0.09581150114536285,0
0,0.09581150114536285,0
0,0.09581150114536285,0
0,0.09581150114536285,0
0,0.09581150114536285,0
0,0.09581150114536285,0
0,0.09581150114536285,0
0,0.09581150114536285,0
0,0.09581150114536285,0
0,0.09581150114536285,0
0,0.09581150114536285,0
0,0.09581150114536285,0
0,0.09581150114536285,0
0,0.09581150114536285,0
0,0.09581150114536285,0
0,0.09581150114536285,0
0,0.09581150114536285,0
0,0.09581150114536285,0
0,0.09581150114536285,0
0,0.09581150114536285,0
0,0.09581150114536285,0
0,0.09581150114536285,0
0,0.09581150114536285,0
0,0.09581150114536285,0
0,0.09581150114536285,0
0,0.09581150114536285,0
0,0.09581150114536285,0
0,0.09581150114536285,0
0,0.09581150114536285,0
0,0.09581150114536285,0
0,0.09581150114536285,0
0,0.09581150114536285,0
0,0.09581150114536285,0
0,0.09581150114536285,0
0,0.09581150114536285,0
0,0.09581150114536285,0
0,0.09581150114536285,0
0,0.09581150114536285,0
0,0.09581150114536285,0
0,0.09581150114536285,0
0,0.09581150114536285,0
0,0.09581150114536285,0
0,0.09581150114536285,0
0,0.09581150114536285,0
0,0.09581150114536285,0
0,0.09581150114536285,0
0,0.09581150114536285,0
0,0.09581150114536285,0
0,0.09581150114536285,0
0,0.09581150114536285,0
0,0.09581150114536285,0
0,0.09581150114536285,0
0,0.09581150114536285,0
0,0.09581150114536285,0
0,0.09581150114536285,0
0,0.09581150114536285,0
0,0.09581150114536285,0
0,0.09581150114536285,0
0,0.09581150114536285,0
0,0.09581150114536285,0
0,0.09581150114536285,0
0,0.09581150114536285,0
0,0.09581150114536285,0
0,0.09581150114536285,0
0,0.09581150114536285,0
0,0.09581150114536285,0
0,0.09581150114536285,0
0,0.09581150114536285,0
0,0.09581150114536285,0
0,0.09581150114536285,0
0,0.09581150114536285,0
0,0.09581150114536285,0
0,0.09581150114536285,0
0,0.09581150114536285,0
0,0.09581150114536285,0
0,0.09581150114536285,0
0,0.09581150114536285,0
0,0.09581150114536285,0
0,0.09581150114536285,0
0,0.09581150114536285,0
0,0.09581150114536285,0
0,0.09581150114536285,0
0,0.09581150114536285,0
0,0.09581150114536285,0
0,0.09581150114536285,0
0,0.09581150114536285,0
0,0.09581150114536285,0
0,0.09581150114536285,0
0,0.09581150114536285,0
0,0.09581150114536285,0
0,0.09581150114536285,0
0,0.09581150114536285,0
0,0.09581150114536285,0
0,0.09581150114536285,0
0,0.09581150114536285,0
0,0.09581150114536285,0
0,0.09581150114536285,0
0,0.09581150114536285,0
0,0.09581150114536285,0
0,0.09581150114536285,0
0,0.09581150114536285,0
0,0.09581150114536285,0
0,0.09581150114536285,0
0,0.09581150114536285,0
0,0.09581150114536285,0
0,0.09581150114536285,0
0,0.09581150114536285,0
0,0.09581150114536285,0
0,0.09581150114536285,0
0,0.09581150114536285,0
0,0.09581150114536285,0
0,0.09581150114536285,0
0,0.09581150114536285,0
0,0.09581150114536285,0
0,0.09581150114536285,0
0,0.09581150114536285,0
0,0.09581150114536285,0
0,0.09581150114536285,0
0,0.09581150114536285,0
0,0.09581150114536285,0
0,0.09581150114536285,0
0,0.09581150114536285,0
0,0.09581150114536285,0
0,0.09581150114536285,0
0,0.09581150114536285,0
0,0.09581150114536285,0
0,0.09581150114536285,0
0,0.09581150114536285,0
0,0.09581150114536285,0
0,0.09581150114536285,0
0,0.09581150114536285,0
0,0.09581150114536285,0
0,0.09581150114536285,0
0,0.09581150114536285,0
0,0.09581150114536285,0
0,0.09581150114536285,0
0,0.09581150114536285,0
0,0.09581150114536285,0
0,0.09581150114536285,0
0,0.09581150114536285,0
0,0.09581150114536285,0
0,0.09581150114536285,0
0,0.09581150114536285,0
0,0.09581150114536285,0
0,0.09581150114536285,0
0,0.09581150114536285,0
0,0.09581150114536285,0
0,0.09581150114536285,0
0,0.09581150114536285,0
0,0.09581150114536285,0
0,0.09581150114536285,0
0,0.09581150114536285,0
0,0.09581150114536285,0
0,0.09581150114536285,0
0,0.09581150114536285,0
0,0.09581150114536285,0
0,0.09581150114536285,0
0,0.09581150114536285,0
0,0.09581150114536285,0
0,0.09581150114536285,0
0,0.09581150114536285,0
0,0.09581150114536285,0
0,0.09581150114536285,0
0,0.09581150114536285,0
0,0.09581150114536285,0
0,0.09581150114536285,0
0,0.09581150114536285,0
0,0.09581150114536285,0
0,0.09581150114536285,0
0,0.09581150114536285,0
0,0.09581150114536285,0
0,0.09581150114536285,0
0,0.09581150114536285,0
0,0.09581150114536285,0
0,0.09581150114536285,0
0,0.09581150114536285,0
0,0.09581150114536285,0
0,0.09581150114536285,0
0,0.09581150114536285,0
0,0.09581150114536285,0
0,0.09581150114536285,0
0,0.09581150114536285,0
0,0.09581150114536285,0
0,0.09581150114536285,0
0,0.09581150114536285,0
0,0.09581150114536285,0
0,0.09581150114536285,0
0,0.09581150114536285,0
0,0.09581150114536285,0
0,0.09581150114536285,0
0,0.09581150114536285,0
0,0.09581150114536285,0
0,0.09581150114536285,0
0,0.09581150114536285,0
0,0.09581150114536285,0
0,0.09581150114536285,0
0,0.09581150114536285,0
0,0.09581150114536285,0
0,0.09581150114536285,0
0,0.09581150114536285,0
0,0.09581150114536285,0
0,0.09581150114536285,0
0,0.09581150114536285,0
0,0.09581150114536285,0
0,0.09581150114536285,0
0,0.09581150114536285,0
0,0.09581150114536285,0
0,0.09581150114536285,0
0,0.09581150114536285,0
0,0.09581150114536285,0
0,0.09581150114536285,0
0,0.09581150114536285,0
0,0.09581150114536285,0
0,0.09581150114536285,0
0,0.09581150114536285,0
0,0.09581150114536285,0
0,0.09581150114536285,0
0,0.09581150114536285,0
0,0.09581150114536285,0
0,0.09581150114536285,0
0,0.09581150114536285,0
0,0.09581150114536285,0
0,0.09581150114536285,0
0,0.09581150114536285,0
0,0.09581150114536285,0
0,0.09581150114536285,0
0,0.09581150114536285,0
0,0.09581150114536285,0
0,0.09581150114536285,0
0,0.09581150114536285,0
0,0.09581150114536285,0
0,0.09581150114536285,0
0,0.09581150114536285,0
0,0.09581150114536285,0
0,0.09581150114536285,0
0,0.09581150114536285,0
0,0.09581150114536285,0
0,0.09581150114536285,0
0,0.09581150114536285,0
0,0.09581150114536285,0
0,0.09581150114536285,0
0,0.09581150114536285,0
0,0.09581150114536285,0
0,0.09581150114536285,0
0,0.09581150114536285,0
0,0.09581150114536285,0
0,0.09581150114536285,0
0,0.09581150114536285,0
0,0.09581150114536285,0
0,0.09581150114536285,0
0,0.09581150114536285,0
0,0.09581150114536285,0
0,0.09581150114536285,0
0,0.09581150114536285,0
0,0.09581150114536285,0
0,0.09581150114536285,0
0,0.09581150114536285,0
0,0.09581150114536285,0
0,0.09581150114536285,0
0,0.09581150114536285,0
0,0.09581150114536285,0
0,0.09581150114536285,0
0,0.09581150114536285,0
0,0.09581150114536285,0
0,0.09581150114536285,0
0,0.09581150114536285,0
0,0.09581150114536285,0
0,0.09581150114536285,0
0,0.09581150114536285,0
0,0.09581150114536285,0
0,0.09581150114536285,0
0,0.09581150114536285,0
0,0.09581150114536285,0
0,0.09581150114536285,0
0,0.09581150114536285,0
0,0.09581150114536285,0
0,0.09581150114536285,0
0,0.09581150114536285,0
0,0.09581150114536285,0
0,0.09581150114536285,0
0,0.09581150114536285,0
0,0.09581150114536285,0
0,0.09581150114536285,0
0,0.09581150114536285,0
0,0.09581150114536285,0
0,0.09581150114536285,0
0,0.09581150114536285,0
0,0.09581150114536285,0
0,0.09581150114536285,0
0,0.09581150114536285,0
0,0.09581150114536285,0
0,0.09581150114536285,0
0,0.09581150114536285,0
0,0.09581150114536285,0
0,0.09581150114536285,0
0,0.09581150114536285,0
0,0.09581150114536285,0
0,0.09581150114536285,0
0,0.09581150114536285,0
0,0.09581150114536285,0
0,0.09581150114536285,0
0,0.09581150114536285,0
0,0.09581150114536285,0
0,0.09581150114536285,0
0,0.09581150114536285,0
0,0.09581150114536285,0
0,0.09581150114536285,0
0,0.09581150114536285,0
0,0.09581150114536285,0
0,0.09581150114536285,0
0,0.09581150114536285,0
0,0.09581150114536285,0
0,0.09581150114536285,0
0,0.09581150114536285,0
0,0.09581150114536285,0
0,0.09581150114536285,0
0,0.09581150114536285,0
0,0.09581150114536285,0
0,0.09581150114536285,0
0,0.09581150114536285,0
0,0.09581150114536285,0
0,0.09581150114536285,0
0,0.09581150114536285,0
0,0.09581150114536285,0
0,0.09581150114536285,0
0,0.09581150114536285,0
0,0.09581150114536285,0
0,0.09581150114536285,0
0,0.09581150114536285,0
0,0.09581150114536285,0
0,0.09581150114536285,0
0,0.09581150114536285,0
0,0.09581150114536285,0
0,0.09581150114536285,0
0,0.09581150114536285,0
0,0.09581150114536285,0
0,0.09581150114536285,0
0,0.09581150114536285,0
0,0.09581150114536285,0
0,0.09581150114536285,0
0,0.09581150114536285,0
0,0.09581150114536285,0
0,0.09581150114536285,0
0,0.09581150114536285,0
0,0.09581150114536285,0
0,0.09581150114536285,0
0,0.09581150114536285,0
0,0.09581150114536285,0
0,0.09581150114536285,0
0,0.09581150114536285,0
0,0.09581150114536285,0
0,0.09581150114536285,0
0,0.09581150114536285,0
0,0.09581150114536285,0
0,0.09581150114536285,0
0,0.09581150114536285,0
0,0.09581150114536285,0
0,0.09581150114536285,0
0,0.09581150114536285,0
0,0.09581150114536285,0
0,0.09581150114536285,0
0,0.09581150114536285,0
0,0.09581150114536285,0
0,0.09581150114536285,0
0,0.09581150114536285,0
0,0.09581150114536285,0
0,0.09581150114536285,0
0,0.09581150114536285,0
0,0.09581150114536285,0
0,0.09581150114536285,0
0,0.09581150114536285,0
0,0.09581150114536285,0
0,0.09581150114536285,0
0,0.09581150114536285,0
0,0.09581150114536285,0
0,0.09581150114536285,0
0,0.09581150114536285,0
0,0.09581150114536285,0
0,0.09581150114536285,0
0,0.09581150114536285,0
0,0.09581150114536285,0
0,0.09581150114536285,0
0,0.09581150114536285,0
0,0.09581150114536285,0
0,0.09581150114536285,0
0,0.09581150114536285,0
0,0.09581150114536285,0
0,0.09581150114536285,0
0,0.09581150114536285,0
0,0.09581150114536285,0
0,0.09581150114536285,0
0,0.09581150114536285,0
0,0.09581150114536285,0
0,0.09581150114536285,0
0,0.09581150114536285,0
0,0.09581150114536285,0
0,0.09581150114536285,0
0,0.09581150114536285,0
0,0.09581150114536285,0
0,0.09581150114536285,0
0,0.09581150114536285,0
0,0.09581150114536285,0
0,0.09581150114536285,0
0,0.09581150114536285,0
0,0.09581150114536285,0
0,0.09581150114536285,0
0,0.09581150114536285,0
0,0.09581150114536285,0
0,0.09581150114536285,0
0,0.09581150114536285,0
0,0.09581150114536285,0
0,0.09581150114536285,0
0,0.09581150114536285,0
0,0.09581150114536285,0
0,0.09581150114536285,0
0,0.09581150114536285,0
0,0.09581150114536285,0
0,0.09581150114536285,0
0,0.09581150114536285,0
0,0.09581150114536285,0
0,0.09581150114536285,0
0,0.09581150114536285,0
0,0.09581150114536285,0
0,0.09581150114536285,0
0,0.09581150114536285,0
0,0.09581150114536285,0
0,0.09581150114536285,0
0,0.09581150114536285,0
0,0.09581150114536285,0
0,0.09581150114536285,0
0,0.09581150114536285,0
0,0.09581150114536285,0
0,0.09581150114536285,0
0,0.09581150114536285,0
0,0.09581150114536285,0
0,0.09581150114536285,0
0,0.09581150114536285,0
0,0.09581150114536285,0
0,0.09581150114536285,0
0,0.09581150114536285,0
0,0.09581150114536285,0
0,0.09581150114536285,0
0,0.09581150114536285,0
0,0.09581150114536285,0
0,0.09581150114536285,0
0,0.09581150114536285,0
0,0.09581150114536285,0
0,0.09581150114536285,0
0,0.09581150114536285,0
0,0.09581150114536285,0
0,0.09581150114536285,0
0,0.09581150114536285,0
0,0.09581150114536285,0
0,0.09581150114536285,0
0,0.09581150114536285,0
0,0.09581150114536285,0
0,0.09581150114536285,0
0,0.09581150114536285,0
0,0.09581150114536285,0
0,0.09581150114536285,0
0,0.09581150114536285,0
0,0.09581150114536285,0
0,0.09581150114536285,0
0,0.09581150114536285,0
0,0.09581150114536285,0
0,0.09581150114536285,0
0,0.09581150114536285,0
0,0.09581150114536285,0
0,0.09581150114536285,0
0,0.09581150114536285,0
0,0.09581150114536285,0
0,0.09581150114536285,0
0,0.09581150114536285,0
0,0.09581150114536285,0
0,0.09581150114536285,0
0,0.09581150114536285,0
0,0.09581150114536285,0
0,0.09581150114536285,0
0,0.09581150114536285,0
0,0.09581150114536285,0
0,0.09581150114536285,0
0,0.09581150114536285,0
0,0.09581150114536285,0
0,0.09581150114536285,0
0,0.09581150114536285,0
0,0.09581150114536285,0
0,0.09581150114536285,0
0,0.09581150114536285,0
0,0.09581150114536285,0
0,0.09581150114536285,0
0,0.09581150114536285,0
0,0.09581150114536285,0
0,0.09581150114536285,0
0,0.09581150114536285,0
0,0.09581150114536285,0
0,0.09581150114536285,0
0,0.09581150114536285,0
0,0.09581150114536285,0
0,0.09581150114536285,0
0,0.09581150114536285,0
0,0.09581150114536285,0
0,0.09581150114536285,0
0,0.09581150114536285,0
0,0.09581150114536285,0
0,0.09581150114536285,0
0,0.09581150114536285,0
0,0.09581150114536285,0
0,0.09581150114536285,0
0,0.09581150114536285,0
0,0.09581150114536285,0
0,0.09581150114536285,0
0,0.09581150114536285,0
0,0.09581150114536285,0
0,0.09581150114536285,0
0,0.09581150114536285,0
0,0.09581150114536285,0
0,0.09581150114536285,0
0,0.09581150114536285,0
0,0.09581150114536285,0
0,0.09581150114536285,0
0,0.09581150114536285,0
0,0.09581150114536285,0
0,0.09581150114536285,0
0,0.09581150114536285,0
0,0.09581150114536285,0
0,0.09581150114536285,0
0,0.09581150114536285,0
0,0.09581150114536285,0
0,0.09581150114536285,0
0,0.09581150114536285,0
0,0.09581150114536285,0
0,0.09581150114536285,0
0,0.09581150114536285,0
0,0.09581150114536285,0
0,0.09581150114536285,0
0,0.09581150114536285,0
0,0.09581150114536285,0
0,0.09581150114536285,0
0,0.09581150114536285,0
0,0.09581150114536285,0
0,0.09581150114536285,0
0,0.09581150114536285,0
0,0.09581150114536285,0
0,0.09581150114536285,0
0,0.09581150114536285,0
0,0.09581150114536285,0
0,0.09581150114536285,0
0,0.09581150114536285,0
0,0.09581150114536285,0
0,0.09581150114536285,0
0,0.09581150114536285,0
0,0.09581150114536285,0
0,0.09581150114536285,0
0,0.09581150114536285,0
0,0.09581150114536285,0
0,0.09581150114536285,0
0,0.09581150114536285,0
0,0.09581150114536285,0
0,0.09581150114536285,0
0,0.09581150114536285,0
0,0.09581150114536285,0
0,0.09581150114536285,0
0,0.09581150114536285,0
0,0.09581150114536285,0
0,0.09581150114536285,0
0,0.09581150114536285,0
0,0.09581150114536285,0
0,0.09581150114536285,0
0,0.09581150114536285,0
0,0.09581150114536285,0
0,0.09581150114536285,0
0,0.09581150114536285,0
0,0.09581150114536285,0
0,0.09581150114536285,0
0,0.09581150114536285,0
0,0.09581150114536285,0
0,0.09581150114536285,0
0,0.09581150114536285,0
0,0.09581150114536285,0
0,0.09581150114536285,0
0,0.09581150114536285,0
0,0.09581150114536285,0
0,0.09581150114536285,0
0,0.09581150114536285,0
0,0.09581150114536285,0
0,0.09581150114536285,0
0,0.09581150114536285,0
0,0.09581150114536285,0
0,0.09581150114536285,0
0,0.09581150114536285,0
0,0.09581150114536285,0
0,0.09581150114536285,0
0,0.09581150114536285,0
0,0.09581150114536285,0
0,0.09581150114536285,0
0,0.09581150114536285,0
0,0.09581150114536285,0
0,0.09581150114536285,0
0,0.09581150114536285,0
0,0.09581150114536285,0
0,0.09581150114536285,0
0,0.09581150114536285,0
0,0.09581150114536285,0
0,0.09581150114536285,0
0,0.09581150114536285,0
0,0.09581150114536285,0
0,0.09581150114536285,0
0,0.09581150114536285,0
0,0.09581150114536285,0
0,0.09581150114536285,0
0,0.09581150114536285,0
0,0.09581150114536285,0
0,0.09581150114536285,0
0,0.09581150114536285,0
0,0.09581150114536285,0
0,0.09581150114536285,0
0,0.09581150114536285,0
0,0.09581150114536285,0
0,0.09581150114536285,0
0,0.09581150114536285,0
0,0.09581150114536285,0
0,0.09581150114536285,0
0,0.09581150114536285,0
0,0.09581150114536285,0
0,0.09581150114536285,0
0,0.09581150114536285,0
0,0.09581150114536285,0
0,0.09581150114536285,0
0,0.09581150114536285,0
0,0.09581150114536285,0
0,0.09581150114536285,0
0,0.09581150114536285,0
0,0.09581150114536285,0
0,0.09581150114536285,0
0,0.09581150114536285,0
0,0.09581150114536285,0
0,0.09581150114536285,0
0,0.09581150114536285,0
0,0.09581150114536285,0
0,0.09581150114536285,0
0,0.09581150114536285,0
0,0.09581150114536285,0
0,0.09581150114536285,0
0,0.09581150114536285,0
0,0.09581150114536285,0
0,0.09581150114536285,0
0,0.09581150114536285,0
0,0.09581150114536285,0
0,0.09581150114536285,0
0,0.09581150114536285,0
0,0.09581150114536285,0
0,0.09581150114536285,0
0,0.09581150114536285,0
0,0.09581150114536285,0
0,0.09581150114536285,0
0,0.09581150114536285,0
0,0.09581150114536285,0
0,0.09581150114536285,0
0,0.09581150114536285,0
0,0.09581150114536285,0
0,0.09581150114536285,0
0,0.09581150114536285,0
0,0.09581150114536285,0
0,0.09581150114536285,0
0,0.09581150114536285,0
0,0.09581150114536285,0
0,0.09581150114536285,0
0,0.09581150114536285,0
0,0.09581150114536285,0
0,0.09581150114536285,0
0,0.09581150114536285,0
0,0.09581150114536285,0
0,0.09581150114536285,0
0,0.09581150114536285,0
0,0.09581150114536285,0
0,0.09581150114536285,0
0,0.09581150114536285,0
0,0.09581150114536285,0
0,0.09581150114536285,0
0,0.09581150114536285,0
0,0.09581150114536285,0
0,0.09581150114536285,0
0,0.09581150114536285,0
0,0.09581150114536285,0
0,0.09581150114536285,0
0,0.09581150114536285,0
0,0.09581150114536285,0
0,0.09581150114536285,0
0,0.09581150114536285,0
0,0.09581150114536285,0
0,0.09581150114536285,0
0,0.09581150114536285,0
0,0.09581150114536285,0
0,0.09581150114536285,0
0,0.09581150114536285,0
0,0.09581150114536285,0
0,0.09581150114536285,0
0,0.09581150114536285,0
0,0.09581150114536285,0
0,0.09581150114536285,0
0,0.09581150114536285,0
0,0.09581150114536285,0
0,0.09581150114536285,0
0,0.09581150114536285,0
0,0.09581150114536285,0
0,0.09581150114536285,0
0,0.09581150114536285,0
0,0.09581150114536285,0
0,0.09581150114536285,0
0,0.09581150114536285,0
0,0.09581150114536285,0
0,0.09581150114536285,0
0,0.09581150114536285,0
0,0.09581150114536285,0
0,0.09581150114536285,0
0,0.09581150114536285,0
0,0.09581150114536285,0
0,0.09581150114536285,0
0,0.09581150114536285,0
0,0.09581150114536285,0
0,0.09581150114536285,0
0,0.09581150114536285,0
0,0.09581150114536285,0
0,0.09581150114536285,0
0,0.09581150114536285,0
0,0.09581150114536285,0
0,0.09581150114536285,0
0,0.09581150114536285,0
0,0.09581150114536285,0
0,0.09581150114536285,0
0,0.09581150114536285,0
0,0.09581150114536285,0
0,0.09581150114536285,0
0,0.09581150114536285,0
0,0.09581150114536285,0
0,0.09581150114536285,0
0,0.09581150114536285,0
0,0.09581150114536285,0
0,0.09581150114536285,0
0,0.09581150114536285,0
0,0.09581150114536285,0
0,0.09581150114536285,0
0,0.09581150114536285,0
0,0.09581150114536285,0
0,0.09581150114536285,0
0,0.09581150114536285,0
0,0.09581150114536285,0
0,0.09581150114536285,0
0,0.09581150114536285,0
0,0.09581150114536285,0
0,0.09581150114536285,0
0,0.09581150114536285,0
0,0.09581150114536285,0
0,0.09581150114536285,0
0,0.09581150114536285,0
0,0.09581150114536285,0
0,0.09581150114536285,0
0,0.09581150114536285,0
0,0.09581150114536285,0
0,0.09581150114536285,0
0,0.09581150114536285,0
0,0.09581150114536285,0
0,0.09581150114536285,0
0,0.09581150114536285,0
0,0.09581150114536285,0
0,0.09581150114536285,0
0,0.09581150114536285,0
0,0.09581150114536285,0
0,0.09581150114536285,0
0,0.09581150114536285,0
0,0.09581150114536285,0
0,0.09581150114536285,0
0,0.09581150114536285,0
0,0.09581150114536285,0
0,0.09581150114536285,0
0,0.09581150114536285,0
0,0.09581150114536285,0
0,0.09581150114536285,0
0,0.09581150114536285,0
0,0.09581150114536285,0
0,0.09581150114536285,0
0,0.09581150114536285,0
0,0.09581150114536285,0
0,0.09581150114536285,0
0,0.09581150114536285,0
0,0.09581150114536285,0
0,0.09581150114536285,0
0,0.09581150114536285,0
0,0.09581150114536285,0
0,0.09581150114536285,0
0,0.09581150114536285,0
0,0.09581150114536285,0
0,0.09581150114536285,0
0,0.09581150114536285,0
0,0.09581150114536285,0
0,0.09581150114536285,0
0,0.09581150114536285,0
0,0.09581150114536285,0
0,0.09581150114536285,0
0,0.09581150114536285,0
0,0.09581150114536285,0
0,0.09581150114536285,0
0,0.09581150114536285,0
0,0.09581150114536285,0
0,0.09581150114536285,0
0,0.09581150114536285,0
0,0.09581150114536285,0
0,0.09581150114536285,0
0,0.09581150114536285,0
0,0.09581150114536285,0
0,0.09581150114536285,0
0,0.09581150114536285,0
0,0.09581150114536285,0
0,0.09581150114536285,0
0,0.09581150114536285,0
0,0.09581150114536285,0
0,0.09581150114536285,0
0,0.09581150114536285,0
0,0.09581150114536285,0
0,0.09581150114536285,0
0,0.09581150114536285,0
0,0.09581150114536285,0
0,0.09581150114536285,0
0,0.09581150114536285,0
0,0.09581150114536285,0
0,0.09581150114536285,0
0,0.09581150114536285,0
0,0.09581150114536285,0
0,0.09581150114536285,0
0,0.09581150114536285,0
0,0.09581150114536285,0
0,0.09581150114536285,0
0,0.09581150114536285,0
0,0.09581150114536285,0
0,0.09581150114536285,0
0,0.09581150114536285,0
0,0.09581150114536285,0
0,0.09581150114536285,0
0,0.09581150114536285,0
0,0.09581150114536285,0
0,0.09581150114536285,0
0,0.09581150114536285,0
0,0.09581150114536285,0
0,0.09581150114536285,0
0,0.09581150114536285,0
0,0.09581150114536285,0
0,0.09581150114536285,0
0,0.09581150114536285,0
0,0.09581150114536285,0
0,0.09581150114536285,0
0,0.09581150114536285,0
0,0.09581150114536285,0
0,0.09581150114536285,0
0,0.09581150114536285,0
0,0.09581150114536285,0
0,0.09581150114536285,0
0,0.09581150114536285,0
0,0.09581150114536285,0
0,0.09581150114536285,0
0,0.09581150114536285,0
0,0.09581150114536285,0
0,0.09581150114536285,0
0,0.09581150114536285,0
0,0.09581150114536285,0
0,0.09581150114536285,0
0,0.09581150114536285,0
0,0.09581150114536285,0
0,0.09581150114536285,0
0,0.09581150114536285,0
0,0.09581150114536285,0
0,0.09581150114536285,0
0,0.09581150114536285,0
0,0.09581150114536285,0
0,0.09581150114536285,0
0,0.09581150114536285,0
0,0.09581150114536285,0
0,0.09581150114536285,0
0,0.09581150114536285,0
0,0.09581150114536285,0
0,0.09581150114536285,0
0,0.09581150114536285,0
0,0.09581150114536285,0
0,0.09581150114536285,0
0,0.09581150114536285,0
0,0.09581150114536285,0
0,0.09581150114536285,0
0,0.09581150114536285,0
0,0.09581150114536285,0
0,0.09581150114536285,0
0,0.09581150114536285,0
0,0.09581150114536285,0
0,0.09581150114536285,0
0,0.09581150114536285,0
0,0.09581150114536285,0
0,0.09581150114536285,0
0,0.09581150114536285,0
0,0.09581150114536285,0
0,0.09581150114536285,0
0,0.09581150114536285,0
0,0.09581150114536285,0
0,0.09581150114536285,0
0,0.09581150114536285,0
0,0.09581150114536285,0
0,0.09581150114536285,0
0,0.09581150114536285,0
0,0.09581150114536285,0
0,0.09581150114536285,0
0,0.09581150114536285,0
0,0.09581150114536285,0
0,0.09581150114536285,0
0,0.09581150114536285,0
0,0.09581150114536285,0
0,0.09581150114536285,0
0,0.09581150114536285,0
0,0.09581150114536285,0
0,0.09581150114536285,0
0,0.09581150114536285,0
0,0.09581150114536285,0
0,0.09581150114536285,0
0,0.09581150114536285,0
0,0.09581150114536285,0
0,0.09581150114536285,0
0,0.09581150114536285,0
0,0.09581150114536285,0
0,0.09581150114536285,0
0,0.09581150114536285,0
0,0.09581150114536285,0
0,0.09581150114536285,0
0,0.09581150114536285,0
0,0.09581150114536285,0
0,0.09581150114536285,0
0,0.09581150114536285,0
0,0.09581150114536285,0
0,0.09581150114536285,0
0,0.09581150114536285,0
0,0.09581150114536285,0
0,0.09581150114536285,0
0,0.09581150114536285,0
0,0.09581150114536285,0
0,0.09581150114536285,0
0,0.09581150114536285,0
0,0.09581150114536285,0
0,0.09581150114536285,0
0,0.09581150114536285,0
0,0.09581150114536285,0
0,0.09581150114536285,0
0,0.09581150114536285,0
0,0.09581150114536285,0
0,0.09581150114536285,0
0,0.09581150114536285,0
0,0.09581150114536285,0
0,0.09581150114536285,0
0,0.09581150114536285,0
0,0.09581150114536285,0
0,0.09581150114536285,0
0,0.09581150114536285,0
0,0.09581150114536285,0
0,0.09581150114536285,0
0,0.09581150114536285,0
0,0.09581150114536285,0
0,0.09581150114536285,0
0,0.09581150114536285,0
0,0.09581150114536285,0
0,0.09581150114536285,0
0,0.09581150114536285,0
0,0.09581150114536285,0
0,0.09581150114536285,0
0,0.09581150114536285,0
0,0.09581150114536285,0
0,0.09581150114536285,0
0,0.09581150114536285,0
0,0.09581150114536285,0
0,0.09581150114536285,0
0,0.09581150114536285,0
0,0.09581150114536285,0
0,0.09581150114536285,0
0,0.09581150114536285,0
0,0.09581150114536285,0
0,0.09581150114536285,0
0,0.09581150114536285,0
0,0.09581150114536285,0
0,0.09581150114536285,0
0,0.09581150114536285,0
0,0.09581150114536285,0
0,0.09581150114536285,0
0,0.09581150114536285,0
0,0.09581150114536285,0
0,0.09581150114536285,0
0,0.09581150114536285,0
0,0.09581150114536285,0
0,0.09581150114536285,0
0,0.09581150114536285,0
0,0.09581150114536285,0
0,0.09581150114536285,0
0,0.09581150114536285,0
0,0.09581150114536285,0
0,0.09581150114536285,0
0,0.09581150114536285,0
0,0.09581150114536285,0
0,0.09581150114536285,0
0,0.09581150114536285,0
0,0.09581150114536285,0
0,0.09581150114536285,0
0,0.09581150114536285,0
0,0.09581150114536285,0
0,0.09581150114536285,0
0,0.09581150114536285,0
0,0.09581150114536285,0
0,0.09581150114536285,0
0,0.09581150114536285,0
0,0.09581150114536285,0
0,0.09581150114536285,0
0,0.09581150114536285,0
0,0.09581150114536285,0
0,0.09581150114536285,0
0,0.09581150114536285,0
0,0.09581150114536285,0
0,0.09581150114536285,0
0,0.09581150114536285,0
0,0.09581150114536285,0
0,0.09581150114536285,0
0,0.09581150114536285,0
0,0.09581150114536285,0
0,0.09581150114536285,0
0,0.09581150114536285,0
0,0.09581150114536285,0
0,0.09581150114536285,0
0,0.09581150114536285,0
0,0.09581150114536285,0
0,0.09581150114536285,0
0,0.09581150114536285,0
0,0.09581150114536285,0
0,0.09581150114536285,0
0,0.09581150114536285,0
0,0.09581150114536285,0
0,0.09581150114536285,0
0,0.09581150114536285,0
0,0.09581150114536285,0
0,0.09581150114536285,0
0,0.09581150114536285,0
0,0.09581150114536285,0
0,0.09581150114536285,0
0,0.09581150114536285,0
0,0.09581150114536285,0
0,0.09581150114536285,0
0,0.09581150114536285,0
0,0.09581150114536285,0
0,0.09581150114536285,0
0,0.09581150114536285,0
0,0.09581150114536285,0
0,0.09581150114536285,0
0,0.09581150114536285,0
0,0.09581150114536285,0
0,0.09581150114536285,0
0,0.09581150114536285,0
0,0.09581150114536285,0
0,0.09581150114536285,0
0,0.09581150114536285,0
0,0.09581150114536285,0
0,0.09581150114536285,0
0,0.09581150114536285,0
0,0.09581150114536285,0
0,0.09581150114536285,0
0,0.09581150114536285,0
0,0.09581150114536285,0
0,0.09581150114536285,0
0,0.09581150114536285,0
0,0.09581150114536285,0
0,0.09581150114536285,0
0,0.09581150114536285,0
0,0.09581150114536285,0
0,0.09581150114536285,0
0,0.09581150114536285,0
0,0.09581150114536285,0
0,0.09581150114536285,0
0,0.09581150114536285,0
0,0.09581150114536285,0
0,0.09581150114536285,0
0,0.09581150114536285,0
0,0.09581150114536285,0
0,0.09581150114536285,0
0,0.09581150114536285,0
0,0.09581150114536285,0
0,0.09581150114536285,0
0,0.09581150114536285,0
0,0.09581150114536285,0
0,0.09581150114536285,0
0,0.09581150114536285,0
0,0.09581150114536285,0
0,0.09581150114536285,0
0,0.09581150114536285,0
0,0.09581150114536285,0
0,0.09581150114536285,0
0,0.09581150114536285,0
0,0.09581150114536285,0
0,0.09581150114536285,0
0,0.09581150114536285,0
0,0.09581150114536285,0
0,0.09581150114536285,0
0,0.09581150114536285,0
0,0.09581150114536285,0
0,0.09581150114536285,0
0,0.09581150114536285,0
0,0.09581150114536285,0
0,0.09581150114536285,0
0,0.09581150114536285,0
0,0.09581150114536285,0
0,0.09581150114536285,0
0,0.09581150114536285,0
0,0.09581150114536285,0
0,0.09581150114536285,0
0,0.09581150114536285,0
0,0.09581150114536285,0
0,0.09581150114536285,0
0,0.09581150114536285,0
0,0.09581150114536285,0
0,0.09581150114536285,0
0,0.09581150114536285,0
0,0.09581150114536285,0
0,0.09581150114536285,0
0,0.09581150114536285,0
0,0.09581150114536285,0
0,0.09581150114536285,0
0,0.09581150114536285,0
0,0.09581150114536285,0
0,0.09581150114536285,0
0,0.09581150114536285,0
0,0.09581150114536285,0
0,0.09581150114536285,0
0,0.09581150114536285,0
0,0.09581150114536285,0
0,0.09581150114536285,0
0,0.09581150114536285,0
0,0.09581150114536285,0
0,0.09581150114536285,0
0,0.09581150114536285,0
0,0.09581150114536285,0
0,0.09581150114536285,0
0,0.09581150114536285,0
0,0.09581150114536285,0
0,0.09581150114536285,0
0,0.09581150114536285,0
0,0.09581150114536285,0
0,0.09581150114536285,0
0,0.09581150114536285,0
0,0.09581150114536285,0
0,0.09581150114536285,0
0,0.09581150114536285,0
0,0.09581150114536285,0
0,0.09581150114536285,0
0,0.09581150114536285,0
0,0.09581150114536285,0
0,0.09581150114536285,0
0,0.09581150114536285,0
0,0.09581150114536285,0
0,0.09581150114536285,0
0,0.09581150114536285,0
0,0.09581150114536285,0
0,0.09581150114536285,0
0,0.09581150114536285,0
0,0.09581150114536285,0
0,0.09581150114536285,0
0,0.09581150114536285,0
0,0.09581150114536285,0
0,0.09581150114536285,0
0,0.09581150114536285,0
0,0.09581150114536285,0
0,0.09581150114536285,0
0,0.09581150114536285,0
0,0.09581150114536285,0
0,0.09581150114536285,0
0,0.09581150114536285,0
0,0.09581150114536285,0
0,0.09581150114536285,0
0,0.09581150114536285,0
0,0.09581150114536285,0
0,0.09581150114536285,0
0,0.09581150114536285,0
0,0.09581150114536285,0
0,0.09581150114536285,0
0,0.09581150114536285,0
0,0.09581150114536285,0
0,0.09581150114536285,0
0,0.09581150114536285,0
0,0.09581150114536285,0
0,0.09581150114536285,0
0,0.09581150114536285,0
0,0.09581150114536285,0
0,0.09581150114536285,0
0,0.09581150114536285,0
0,0.09581150114536285,0
0,0.09581150114536285,0
0,0.09581150114536285,0
0,0.09581150114536285,0
0,0.09581150114536285,0
0,0.09581150114536285,0
0,0.09581150114536285,0
0,0.09581150114536285,0
0,0.09581150114536285,0
0,0.09581150114536285,0
0,0.09581150114536285,0
0,0.09581150114536285,0
0,0.09581150114536285,0
0,0.09581150114536285,0
0,0.09581150114536285,0
0,0.09581150114536285,0
0,0.09581150114536285,0
0,0.09581150114536285,0
0,0.09581150114536285,0
0,0.09581150114536285,0
0,0.09581150114536285,0
0,0.09581150114536285,0
0,0.09581150114536285,0
0,0.09581150114536285,0
0,0.09581150114536285,0
0,0.09581150114536285,0
0,0.09581150114536285,0
0,0.09581150114536285,0
0,0.09581150114536285,0
0,0.09581150114536285,0
0,0.09581150114536285,0
0,0.09581150114536285,0
0,0.09581150114536285,0
0,0.09581150114536285,0
0,0.09581150114536285,0
0,0.09581150114536285,0
0,0.09581150114536285,0
0,0.09581150114536285,0
0,0.09581150114536285,0
0,0.09581150114536285,0
0,0.09581150114536285,0
0,0.09581150114536285,0
0,0.09581150114536285,0
0,0.09581150114536285,0
0,0.09581150114536285,0
0,0.09581150114536285,0
0,0.09581150114536285,0
0,0.09581150114536285,0
0,0.09581150114536285,0
0,0.09581150114536285,0
0,0.09581150114536285,0
0,0.09581150114536285,0
0,0.09581150114536285,0
0,0.09581150114536285,0
0,0.09581150114536285,0
0,0.09581150114536285,0
0,0.09581150114536285,0
0,0.09581150114536285,0
0,0.09581150114536285,0
0,0.09581150114536285,0
0,0.09581150114536285,0
0,0.09581150114536285,0
0,0.09581150114536285,0
0,0.09581150114536285,0
0,0.09581150114536285,0
0,0.09581150114536285,0
0,0.09581150114536285,0
0,0.09581150114536285,0
0,0.09581150114536285,0
0,0.09581150114536285,0
0,0.09581150114536285,0
0,0.09581150114536285,0
0,0.09581150114536285,0
0,0.09581150114536285,0
0,0.09581150114536285,0
0,0.09581150114536285,0
0,0.09581150114536285,0
0,0.09581150114536285,0
0,0.09581150114536285,0
0,0.09581150114536285,0
0,0.09581150114536285,0
0,0.09581150114536285,0
0,0.09581150114536285,0
0,0.09581150114536285,0
0,0.09581150114536285,0
0,0.09581150114536285,0
0,0.09581150114536285,0
0,0.09581150114536285,0
0,0.09581150114536285,0
0,0.09581150114536285,0
0,0.09581150114536285,0
0,0.09581150114536285,0
0,0.09581150114536285,0
0,0.09581150114536285,0
0,0.09581150114536285,0
0,0.09581150114536285,0
0,0.09581150114536285,0
0,0.09581150114536285,0
0,0.09581150114536285,0
0,0.09581150114536285,0
0,0.09581150114536285,0
0,0.09581150114536285,0
0,0.09581150114536285,0
0,0.09581150114536285,0
0,0.09581150114536285,0
0,0.09581150114536285,0
0,0.09581150114536285,0
0,0.09581150114536285,0
0,0.09581150114536285,0
0,0.09581150114536285,0
0,0.09581150114536285,0
0,0.09581150114536285,0
0,0.09581150114536285,0
0,0.09581150114536285,0
0,0.09581150114536285,0
0,0.09581150114536285,0
0,0.09581150114536285,0
0,0.09581150114536285,0
0,0.09581150114536285,0
0,0.09581150114536285,0
0,0.09581150114536285,0
0,0.09581150114536285,0
0,0.09581150114536285,0
0,0.09581150114536285,0
0,0.09581150114536285,0
0,0.09581150114536285,0
0,0.09581150114536285,0
0,0.09581150114536285,0
0,0.09581150114536285,0
0,0.09581150114536285,0
0,0.09581150114536285,0
0,0.09581150114536285,0
0,0.09581150114536285,0
0,0.09581150114536285,0
0,0.09581150114536285,0
0,0.09581150114536285,0
0,0.09581150114536285,0
0,0.09581150114536285,0
0,0.09581150114536285,0
0,0.09581150114536285,0
0,0.09581150114536285,0
0,0.09581150114536285,0
0,0.09581150114536285,0
0,0.09581150114536285,0
0,0.09581150114536285,0
0,0.09581150114536285,0
0,0.09581150114536285,0
0,0.09581150114536285,0
0,0.09581150114536285,0
0,0.09581150114536285,0
0,0.09581150114536285,0
0,0.09581150114536285,0
0,0.09581150114536285,0
0,0.09581150114536285,0
0,0.09581150114536285,0
0,0.09581150114536285,0
0,0.09581150114536285,0
0,0.09581150114536285,0
0,0.09581150114536285,0
0,0.09581150114536285,0
0,0.09581150114536285,0
0,0.09581150114536285,0
0,0.09581150114536285,0
0,0.09581150114536285,0
0,0.09581150114536285,0
0,0.09581150114536285,0
0,0.09581150114536285,0
0,0.09581150114536285,0
0,0.09581150114536285,0
0,0.09581150114536285,0
0,0.09581150114536285,0
0,0.09581150114536285,0
0,0.09581150114536285,0
0,0.09581150114536285,0
0,0.09581150114536285,0
0,0.09581150114536285,0
0,0.09581150114536285,0
0,0.09581150114536285,0
0,0.09581150114536285,0
0,0.09581150114536285,0
0,0.09581150114536285,0
0,0.09581150114536285,0
0,0.09581150114536285,0
0,0.09581150114536285,0
0,0.09581150114536285,0
0,0.09581150114536285,0
0,0.09581150114536285,0
0,0.09581150114536285,0
0,0.09581150114536285,0
0,0.09581150114536285,0
0,0.09581150114536285,0
0,0.09581150114536285,0
0,0.09581150114536285,0
0,0.09581150114536285,0
0,0.09581150114536285,0
0,0.09581150114536285,0
0,0.09581150114536285,0
0,0.09581150114536285,0
0,0.09581150114536285,0
0,0.09581150114536285,0
0,0.09581150114536285,0
0,0.09581150114536285,0
0,0.09581150114536285,0
0,0.09581150114536285,0
0,0.09581150114536285,0
0,0.09581150114536285,0
0,0.09581150114536285,0
0,0.09581150114536285,0
0,0.09581150114536285,0
0,0.09581150114536285,0
0,0.09581150114536285,0
0,0.09581150114536285,0
0,0.09581150114536285,0
0,0.09581150114536285,0
0,0.09581150114536285,0
0,0.09581150114536285,0
0,0.09581150114536285,0
0,0.09581150114536285,0
0,0.09581150114536285,0
0,0.09581150114536285,0
0,0.09581150114536285,0
0,0.09581150114536285,0
0,0.09581150114536285,0
0,0.09581150114536285,0
0,0.09581150114536285,0
0,0.09581150114536285,0
0,0.09581150114536285,0
0,0.09581150114536285,0
0,0.09581150114536285,0
0,0.09581150114536285,0
0,0.09581150114536285,0
0,0.09581150114536285,0
0,0.09581150114536285,0
0,0.09581150114536285,0
0,0.09581150114536285,0
0,0.09581150114536285,0
0,0.09581150114536285,0
0,0.09581150114536285,0
0,0.09581150114536285,0
0,0.09581150114536285,0
0,0.09581150114536285,0
0,0.09581150114536285,0
0,0.09581150114536285,0
0,0.09581150114536285,0
0,0.09581150114536285,0
0,0.09581150114536285,0
0,0.09581150114536285,0
0,0.09581150114536285,0
0,0.09581150114536285,0
0,0.09581150114536285,0
0,0.09581150114536285,0
0,0.09581150114536285,0
0,0.09581150114536285,0
0,0.09581150114536285,0
0,0.09581150114536285,0
0,0.09581150114536285,0
0,0.09581150114536285,0
0,0.09581150114536285,0
0,0.09581150114536285,0
0,0.09581150114536285,0
0,0.09581150114536285,0
0,0.09581150114536285,0
0,0.09581150114536285,0
0,0.09581150114536285,0
0,0.09581150114536285,0
0,0.09581150114536285,0
0,0.09581150114536285,0
0,0.09581150114536285,0
0,0.09581150114536285,0
0,0.09581150114536285,0
0,0.09581150114536285,0
0,0.09581150114536285,0
0,0.09581150114536285,0
0,0.09581150114536285,0
0,0.09581150114536285,0
0,0.09581150114536285,0
0,0.09581150114536285,0
0,0.09581150114536285,0
0,0.09581150114536285,0
0,0.09581150114536285,0
0,0.09581150114536285,0
0,0.09581150114536285,0
0,0.09581150114536285,0
0,0.09581150114536285,0
0,0.09581150114536285,0
0,0.09581150114536285,0
0,0.09581150114536285,0
0,0.09581150114536285,0
0,0.09581150114536285,0
0,0.09581150114536285,0
0,0.09581150114536285,0
0,0.09581150114536285,0
0,0.09581150114536285,0
0,0.09581150114536285,0
0,0.09581150114536285,0
0,0.09581150114536285,0
0,0.09581150114536285,0
0,0.09581150114536285,0
0,0.09581150114536285,0
0,0.09581150114536285,0
0,0.09581150114536285,0
0,0.09581150114536285,0
0,0.09581150114536285,0
0,0.09581150114536285,0
0,0.09581150114536285,0
0,0.09581150114536285,0
0,0.09581150114536285,0
0,0.09581150114536285,0
0,0.09581150114536285,0
0,0.09581150114536285,0
0,0.09581150114536285,0
0,0.09581150114536285,0
0,0.09581150114536285,0
0,0.09581150114536285,0
0,0.09581150114536285,0
0,0.09581150114536285,0
0,0.09581150114536285,0
0,0.09581150114536285,0
0,0.09581150114536285,0
0,0.09581150114536285,0
0,0.09581150114536285,0
0,0.09581150114536285,0
0,0.09581150114536285,0
0,0.09581150114536285,0
0,0.09581150114536285,0
0,0.09581150114536285,0
0,0.09581150114536285,0
0,0.09581150114536285,0
0,0.09581150114536285,0
0,0.09581150114536285,0
0,0.09581150114536285,0
0,0.09581150114536285,0
0,0.09581150114536285,0
0,0.09581150114536285,0
0,0.09581150114536285,0
0,0.09581150114536285,0
0,0.09581150114536285,0
0,0.09581150114536285,0
0,0.09581150114536285,0
0,0.09581150114536285,0
0,0.09581150114536285,0
0,0.09581150114536285,0
0,0.09581150114536285,0
0,0.09581150114536285,0
0,0.09581150114536285,0
0,0.09581150114536285,0
0,0.09581150114536285,0
0,0.09581150114536285,0
0,0.09581150114536285,0
0,0.09581150114536285,0
0,0.09581150114536285,0
0,0.09581150114536285,0
0,0.09581150114536285,0
0,0.09581150114536285,0
0,0.09581150114536285,0
0,0.09581150114536285,0
0,0.09581150114536285,0
0,0.09581150114536285,0
0,0.09581150114536285,0
0,0.09581150114536285,0
0,0.09581150114536285,0
0,0.09581150114536285,0
0,0.09581150114536285,0
0,0.09581150114536285,0
0,0.09581150114536285,0
0,0.09581150114536285,0
0,0.09581150114536285,0
0,0.09581150114536285,0
0,0.09581150114536285,0
0,0.09581150114536285,0
0,0.09581150114536285,0
0,0.09581150114536285,0
0,0.09581150114536285,0
0,0.09581150114536285,0
0,0.09581150114536285,0
0,0.09581150114536285,0
0,0.09581150114536285,0
0,0.09581150114536285,0
0,0.09581150114536285,0
0,0.09581150114536285,0
0,0.09581150114536285,0
0,0.09581150114536285,0
0,0.09581150114536285,0
0,0.09581150114536285,0
0,0.09581150114536285,0
0,0.09581150114536285,0
0,0.09581150114536285,0
0,0.09581150114536285,0
0,0.09581150114536285,0
0,0.09581150114536285,0
0,0.09581150114536285,0
0,0.09581150114536285,0
0,0.09581150114536285,0
0,0.09581150114536285,0
0,0.09581150114536285,0
0,0.09581150114536285,0
0,0.09581150114536285,0
0,0.09581150114536285,0
0,0.09581150114536285,0
0,0.09581150114536285,0
0,0.09581150114536285,0
0,0.09581150114536285,0
0,0.09581150114536285,0
0,0.09581150114536285,0
0,0.09581150114536285,0
0,0.09581150114536285,0
0,0.09581150114536285,0
0,0.09581150114536285,0
0,0.09581150114536285,0
0,0.09581150114536285,0
0,0.09581150114536285,0
0,0.09581150114536285,0
0,0.09581150114536285,0
0,0.09581150114536285,0
0,0.09581150114536285,0
0,0.09581150114536285,0
0,0.09581150114536285,0
0,0.09581150114536285,0
0,0.09581150114536285,0
0,0.09581150114536285,0
0,0.09581150114536285,0
0,0.09581150114536285,0
0,0.09581150114536285,0
0,0.09581150114536285,0
0,0.09581150114536285,0
0,0.09581150114536285,0
0,0.09581150114536285,0
0,0.09581150114536285,0
0,0.09581150114536285,0
0,0.09581150114536285,0
0,0.09581150114536285,0
0,0.09581150114536285,0
0,0.09581150114536285,0
0,0.09581150114536285,0
0,0.09581150114536285,0
0,0.09581150114536285,0
0,0.09581150114536285,0
0,0.09581150114536285,0
0,0.09581150114536285,0
0,0.09581150114536285,0
0,0.09581150114536285,0
0,0.09581150114536285,0
0,0.09581150114536285,0
0,0.09581150114536285,0
0,0.09581150114536285,0
0,0.09581150114536285,0
0,0.09581150114536285,0
0,0.09581150114536285,0
0,0.09581150114536285,0
0,0.09581150114536285,0
0,0.09581150114536285,0
0,0.09581150114536285,0
0,0.09581150114536285,0
0,0.09581150114536285,0
0,0.09581150114536285,0
0,0.09581150114536285,0
0,0.09581150114536285,0
0,0.09581150114536285,0
0,0.09581150114536285,0
0,0.09581150114536285,0
0,0.09581150114536285,0
0,0.09581150114536285,0
0,0.09581150114536285,0
0,0.09581150114536285,0
0,0.09581150114536285,0
0,0.09581150114536285,0
0,0.09581150114536285,0
0,0.09581150114536285,0
0,0.09581150114536285,0
0,0.09581150114536285,0
0,0.09581150114536285,0
0,0.09581150114536285,0
0,0.09581150114536285,0
0,0.09581150114536285,0
0,0.09581150114536285,0
0,0.09581150114536285,0
0,0.09581150114536285,0
0,0.09581150114536285,0
0,0.09581150114536285,0
0,0.09581150114536285,0
0,0.09581150114536285,0
0,0.09581150114536285,0
0,0.09581150114536285,0
0,0.09581150114536285,0
0,0.09581150114536285,0
0,0.09581150114536285,0
0,0.09581150114536285,0
0,0.09581150114536285,0
0,0.09581150114536285,0
0,0.09581150114536285,0
0,0.09581150114536285,0
0,0.09581150114536285,0
0,0.09581150114536285,0
0,0.09581150114536285,0
0,0.09581150114536285,0
0,0.09581150114536285,0
0,0.09581150114536285,0
0,0.09581150114536285,0
0,0.09581150114536285,0
0,0.09581150114536285,0
0,0.09581150114536285,0
0,0.09581150114536285,0
0,0.09581150114536285,0
0,0.09581150114536285,0
0,0.09581150114536285,0
0,0.09581150114536285,0
0,0.09581150114536285,0
0,0.09581150114536285,0
0,0.09581150114536285,0
0,0.09581150114536285,0
0,0.09581150114536285,0
0,0.09581150114536285,0
0,0.09581150114536285,0
0,0.09581150114536285,0
0,0.09581150114536285,0
0,0.09581150114536285,0
0,0.09581150114536285,0
0,0.09581150114536285,0
0,0.09581150114536285,0
0,0.09581150114536285,0
0,0.09581150114536285,0
0,0.09581150114536285,0
0,0.09581150114536285,0
0,0.09581150114536285,0
0,0.09581150114536285,0
0,0.09581150114536285,0
0,0.09581150114536285,0
0,0.09581150114536285,0
0,0.09581150114536285,0
0,0.09581150114536285,0
0,0.09581150114536285,0
0,0.09581150114536285,0
0,0.09581150114536285,0
0,0.09581150114536285,0
0,0.09581150114536285,0
0,0.09581150114536285,0
0,0.09581150114536285,0
0,0.09581150114536285,0
0,0.09581150114536285,0
0,0.09581150114536285,0
0,0.09581150114536285,0
0,0.09581150114536285,0
0,0.09581150114536285,0
0,0.09581150114536285,0
0,0.09581150114536285,0
0,0.09581150114536285,0
0,0.09581150114536285,0
0,0.09581150114536285,0
0,0.09581150114536285,0
0,0.09581150114536285,0
0,0.09581150114536285,0
0,0.09581150114536285,0
0,0.09581150114536285,0
0,0.09581150114536285,0
0,0.09581150114536285,0
0,0.09581150114536285,0
0,0.09581150114536285,0
0,0.09581150114536285,0
0,0.09581150114536285,0
0,0.09581150114536285,0
0,0.09581150114536285,0
0,0.09581150114536285,0
0,0.09581150114536285,0
0,0.09581150114536285,0
0,0.09581150114536285,0
0,0.09581150114536285,0
0,0.09581150114536285,0
0,0.09581150114536285,0
0,0.09581150114536285,0
0,0.09581150114536285,0
0,0.09581150114536285,0
0,0.09581150114536285,0
0,0.09581150114536285,0
0,0.09581150114536285,0
0,0.09581150114536285,0
0,0.09581150114536285,0
0,0.09581150114536285,0
0,0.09581150114536285,0
0,0.09581150114536285,0
0,0.09581150114536285,0
0,0.09581150114536285,0
0,0.09581150114536285,0
0,0.09581150114536285,0
0,0.09581150114536285,0
0,0.09581150114536285,0
0,0.09581150114536285,0
0,0.09581150114536285,0
0,0.09581150114536285,0
0,0.09581150114536285,0
0,0.09581150114536285,0
0,0.09581150114536285,0
0,0.09581150114536285,0
0,0.09581150114536285,0
0,0.09581150114536285,0
0,0.09581150114536285,0
0,0.09581150114536285,0
0,0.09581150114536285,0
0,0.09581150114536285,0
0,0.09581150114536285,0
0,0.09581150114536285,0
0,0.09581150114536285,0
0,0.09581150114536285,0
0,0.09581150114536285,0
0,0.09581150114536285,0
0,0.09581150114536285,0
0,0.09581150114536285,0
0,0.09581150114536285,0
0,0.09581150114536285,0
0,0.09581150114536285,0
0,0.09581150114536285,0
0,0.09581150114536285,0
0,0.09581150114536285,0
0,0.09581150114536285,0
0,0.09581150114536285,0
0,0.09581150114536285,0
0,0.09581150114536285,0
0,0.09581150114536285,0
0,0.09581150114536285,0
0,0.09581150114536285,0
0,0.09581150114536285,0
0,0.09581150114536285,0
0,0.09581150114536285,0
0,0.09581150114536285,0
0,0.09581150114536285,0
0,0.09581150114536285,0
0,0.09581150114536285,0
0,0.09581150114536285,0
0,0.09581150114536285,0
0,0.09581150114536285,0
0,0.09581150114536285,0
0,0.09581150114536285,0
0,0.09581150114536285,0
0,0.09581150114536285,0
0,0.09581150114536285,0
0,0.09581150114536285,0
0,0.09581150114536285,0
0,0.09581150114536285,0
0,0.09581150114536285,0
0,0.09581150114536285,0
0,0.09581150114536285,0
0,0.09581150114536285,0
0,0.09581150114536285,0
0,0.09581150114536285,0
0,0.09581150114536285,0
0,0.09581150114536285,0
0,0.09581150114536285,0
0,0.09581150114536285,0
0,0.09581150114536285,0
0,0.09581150114536285,0
0,0.09581150114536285,0
0,0.09581150114536285,0
0,0.09581150114536285,0
0,0.09581150114536285,0
0,0.09581150114536285,0
0,0.09581150114536285,0
0,0.09581150114536285,0
0,0.09581150114536285,0
0,0.09581150114536285,0
0,0.09581150114536285,0
0,0.09581150114536285,0
0,0.09581150114536285,0
0,0.09581150114536285,0
0,0.09581150114536285,0
0,0.09581150114536285,0
0,0.09581150114536285,0
0,0.09581150114536285,0
0,0.09581150114536285,0
0,0.09581150114536285,0
0,0.09581150114536285,0
0,0.09581150114536285,0
0,0.09581150114536285,0
0,0.09581150114536285,0
0,0.09581150114536285,0
0,0.09581150114536285,0
0,0.09581150114536285,0
0,0.09581150114536285,0
0,0.09581150114536285,0
0,0.09581150114536285,0
0,0.09581150114536285,0
0,0.09581150114536285,0
0,0.09581150114536285,0
0,0.09581150114536285,0
0,0.09581150114536285,0
0,0.09581150114536285,0
0,0.09581150114536285,0
0,0.09581150114536285,0
0,0.09581150114536285,0
0,0.09581150114536285,0
0,0.09581150114536285,0
0,0.09581150114536285,0
0,0.09581150114536285,0
0,0.09581150114536285,0
0,0.09581150114536285,0
0,0.09581150114536285,0
0,0.09581150114536285,0
0,0.09581150114536285,0
0,0.09581150114536285,0
0,0.09581150114536285,0
0,0.09581150114536285,0
0,0.09581150114536285,0
0,0.09581150114536285,0
0,0.09581150114536285,0
0,0.09581150114536285,0
0,0.09581150114536285,0
0,0.09581150114536285,0
0,0.09581150114536285,0
0,0.09581150114536285,0
0,0.09581150114536285,0
0,0.09581150114536285,0
0,0.09581150114536285,0
0,0.09581150114536285,0
0,0.09581150114536285,0
0,0.09581150114536285,0
0,0.09581150114536285,0
0,0.09581150114536285,0
0,0.09581150114536285,0
0,0.09581150114536285,0
0,0.09581150114536285,0
0,0.09581150114536285,0
0,0.09581150114536285,0
0,0.09581150114536285,0
0,0.09581150114536285,0
0,0.09581150114536285,0
0,0.09581150114536285,0
0,0.09581150114536285,0
0,0.09581150114536285,0
0,0.09581150114536285,0
0,0.09581150114536285,0
0,0.09581150114536285,0
0,0.09581150114536285,0
0,0.09581150114536285,0
0,0.09581150114536285,0
0,0.09581150114536285,0
0,0.09581150114536285,0
0,0.09581150114536285,0
0,0.09581150114536285,0
0,0.09581150114536285,0
0,0.09581150114536285,0
0,0.09581150114536285,0
0,0.09581150114536285,0
0,0.09581150114536285,0
0,0.09581150114536285,0
0,0.09581150114536285,0
0,0.09581150114536285,0
0,0.09581150114536285,0
0,0.09581150114536285,0
0,0.09581150114536285,0
0,0.09581150114536285,0
0,0.09581150114536285,0
0,0.09581150114536285,0
0,0.09581150114536285,0
0,0.09581150114536285,0
0,0.09581150114536285,0
0,0.09581150114536285,0
0,0.09581150114536285,0
0,0.09581150114536285,0
0,0.09581150114536285,0
0,0.09581150114536285,0
0,0.09581150114536285,0
0,0.09581150114536285,0
0,0.09581150114536285,0
0,0.09581150114536285,0
0,0.09581150114536285,0
0,0.09581150114536285,0
0,0.09581150114536285,0
0,0.09581150114536285,0
0,0.09581150114536285,0
0,0.09581150114536285,0
0,0.09581150114536285,0
0,0.09581150114536285,0
0,0.09581150114536285,0
0,0.09581150114536285,0
0,0.09581150114536285,0
0,0.09581150114536285,0
0,0.09581150114536285,0
0,0.09581150114536285,0
0,0.09581150114536285,0
0,0.09581150114536285,0
0,0.09581150114536285,0
0,0.09581150114536285,0
0,0.09581150114536285,0
0,0.09581150114536285,0
0,0.09581150114536285,0
0,0.09581150114536285,0
0,0.09581150114536285,0
0,0.09581150114536285,0
0,0.09581150114536285,0
0,0.09581150114536285,0
0,0.09581150114536285,0
0,0.09581150114536285,0
0,0.09581150114536285,0
0,0.09581150114536285,0
0,0.09581150114536285,0
0,0.09581150114536285,0
0,0.09581150114536285,0
0,0.09581150114536285,0
0,0.09581150114536285,0
0,0.09581150114536285,0
0,0.09581150114536285,0
0,0.09581150114536285,0
0,0.09581150114536285,0
0,0.09581150114536285,0
0,0.09581150114536285,0
0,0.09581150114536285,0
0,0.09581150114536285,0
0,0.09581150114536285,0
0,0.09581150114536285,0
0,0.09581150114536285,0
0,0.09581150114536285,0
0,0.09581150114536285,0
0,0.09581150114536285,0
0,0.09581150114536285,0
0,0.09581150114536285,0
0,0.09581150114536285,0
0,0.09581150114536285,0
0,0.09581150114536285,0
0,0.09581150114536285,0
0,0.09581150114536285,0
0,0.09581150114536285,0
0,0.09581150114536285,0
0,0.09581150114536285,0
0,0.09581150114536285,0
0,0.09581150114536285,0
0,0.09581150114536285,0
0,0.09581150114536285,0
0,0.09581150114536285,0
0,0.09581150114536285,0
0,0.09581150114536285,0
0,0.09581150114536285,0
0,0.09581150114536285,0
0,0.09581150114536285,0
0,0.09581150114536285,0
0,0.09581150114536285,0
0,0.09581150114536285,0
0,0.09581150114536285,0
0,0.09581150114536285,0
0,0.09581150114536285,0
0,0.09581150114536285,0
0,0.09581150114536285,0
0,0.09581150114536285,0
0,0.09581150114536285,0
0,0.09581150114536285,0
0,0.09581150114536285,0
0,0.09581150114536285,0
0,0.09581150114536285,0
0,0.09581150114536285,0
0,0.09581150114536285,0
0,0.09581150114536285,0
0,0.09581150114536285,0
0,0.09581150114536285,0
0,0.09581150114536285,0
0,0.09581150114536285,0
0,0.09581150114536285,0
0,0.09581150114536285,0
0,0.09581150114536285,0
0,0.09581150114536285,0
0,0.09581150114536285,0
0,0.09581150114536285,0
0,0.09581150114536285,0
0,0.09581150114536285,0
0,0.09581150114536285,0
0,0.09581150114536285,0
0,0.09581150114536285,0
0,0.09581150114536285,0
0,0.09581150114536285,0
0,0.09581150114536285,0
0,0.09581150114536285,0
0,0.09581150114536285,0
0,0.09581150114536285,0
0,0.09581150114536285,0
0,0.09581150114536285,0
0,0.09581150114536285,0
0,0.09581150114536285,0
0,0.09581150114536285,0
0,0.09581150114536285,0
0,0.09581150114536285,0
0,0.09581150114536285,0
0,0.09581150114536285,0
0,0.09581150114536285,0
0,0.09581150114536285,0
0,0.09581150114536285,0
0,0.09581150114536285,0
0,0.09581150114536285,0
0,0.09581150114536285,0
0,0.09581150114536285,0
0,0.09581150114536285,0
0,0.09581150114536285,0
0,0.09581150114536285,0
0,0.09581150114536285,0
0,0.09581150114536285,0
0,0.09581150114536285,0
0,0.09581150114536285,0
0,0.09581150114536285,0
0,0.09581150114536285,0
0,0.09581150114536285,0
0,0.09581150114536285,0
0,0.09581150114536285,0
0,0.09581150114536285,0
0,0.09581150114536285,0
0,0.09581150114536285,0
0,0.09581150114536285,0
0,0.09581150114536285,0
0,0.09581150114536285,0
0,0.09581150114536285,0
0,0.09581150114536285,0
0,0.09581150114536285,0
0,0.09581150114536285,0
0,0.09581150114536285,0
0,0.09581150114536285,0
0,0.09581150114536285,0
0,0.09581150114536285,0
0,0.09581150114536285,0
0,0.09581150114536285,0
0,0.09581150114536285,0
0,0.09581150114536285,0
0,0.09581150114536285,0
0,0.09581150114536285,0
0,0.09581150114536285,0
0,0.09581150114536285,0
0,0.09581150114536285,0
0,0.09581150114536285,0
0,0.09581150114536285,0
0,0.09581150114536285,0
0,0.09581150114536285,0
0,0.09581150114536285,0
0,0.09581150114536285,0
0,0.09581150114536285,0
0,0.09581150114536285,0
0,0.09581150114536285,0
0,0.09581150114536285,0
0,0.09581150114536285,0
0,0.09581150114536285,0
0,0.09581150114536285,0
0,0.09581150114536285,0
0,0.09581150114536285,0
0,0.09581150114536285,0
0,0.09581150114536285,0
0,0.09581150114536285,0
0,0.09581150114536285,0
0,0.09581150114536285,0
0,0.09581150114536285,0
0,0.09581150114536285,0
0,0.09581150114536285,0
0,0.09581150114536285,0
0,0.09581150114536285,0
0,0.09581150114536285,0
0,0.09581150114536285,0
0,0.09581150114536285,0
0,0.09581150114536285,0
0,0.09581150114536285,0
0,0.09581150114536285,0
0,0.09581150114536285,0
0,0.09581150114536285,0
0,0.09581150114536285,0
0,0.09581150114536285,0
0,0.09581150114536285,0
0,0.09581150114536285,0
0,0.09581150114536285,0
0,0.09581150114536285,0
0,0.09581150114536285,0
0,0.09581150114536285,0
0,0.09581150114536285,0
0,0.09581150114536285,0
0,0.09581150114536285,0
0,0.09581150114536285,0
0,0.09581150114536285,0
0,0.09581150114536285,0
0,0.09581150114536285,0
0,0.09581150114536285,0
0,0.09581150114536285,0
0,0.09581150114536285,0
0,0.09581150114536285,0
0,0.09581150114536285,0
0,0.09581150114536285,0
0,0.09581150114536285,0
0,0.09581150114536285,0
0,0.09581150114536285,0
0,0.09581150114536285,0
0,0.09581150114536285,0
0,0.09581150114536285,0
0,0.09581150114536285,0
0,0.09581150114536285,0
0,0.09581150114536285,0
0,0.09581150114536285,0
0,0.09581150114536285,0
0,0.09581150114536285,0
0,0.09581150114536285,0
0,0.09581150114536285,0
0,0.09581150114536285,0
0,0.09581150114536285,0
0,0.09581150114536285,0
0,0.09581150114536285,0
0,0.09581150114536285,0
0,0.09581150114536285,0
0,0.09581150114536285,0
0,0.09581150114536285,0
0,0.09581150114536285,0
0,0.09581150114536285,0
0,0.09581150114536285,0
0,0.09581150114536285,0
0,0.09581150114536285,0
0,0.09581150114536285,0
0,0.09581150114536285,0
0,0.09581150114536285,0
0,0.09581150114536285,0
0,0.09581150114536285,0
0,0.09581150114536285,0
0,0.09581150114536285,0
0,0.09581150114536285,0
0,0.09581150114536285,0
0,0.09581150114536285,0
0,0.09581150114536285,0
0,0.09581150114536285,0
0,0.09581150114536285,0
0,0.09581150114536285,0
0,0.09581150114536285,0
0,0.09581150114536285,0
0,0.09581150114536285,0
0,0.09581150114536285,0
0,0.09581150114536285,0
0,0.09581150114536285,0
0,0.09581150114536285,0
0,0.09581150114536285,0
0,0.09581150114536285,0
0,0.09581150114536285,0
0,0.09581150114536285,0
0,0.09581150114536285,0
0,0.09581150114536285,0
0,0.09581150114536285,0
0,0.09581150114536285,0
0,0.09581150114536285,0
0,0.09581150114536285,0
0,0.09581150114536285,0
0,0.09581150114536285,0
0,0.09581150114536285,0
0,0.09581150114536285,0
0,0.09581150114536285,0
0,0.09581150114536285,0
0,0.09581150114536285,0
0,0.09581150114536285,0
0,0.09581150114536285,0
0,0.09581150114536285,0
0,0.09581150114536285,0
0,0.09581150114536285,0
0,0.09581150114536285,0
0,0.09581150114536285,0
0,0.09581150114536285,0
0,0.09581150114536285,0
0,0.09581150114536285,0
0,0.09581150114536285,0
0,0.09581150114536285,0
0,0.09581150114536285,0
0,0.09581150114536285,0
0,0.09581150114536285,0
0,0.09581150114536285,0
0,0.09581150114536285,0
0,0.09581150114536285,0
0,0.09581150114536285,0
0,0.09581150114536285,0
0,0.09581150114536285,0
0,0.09581150114536285,0
0,0.09581150114536285,0
0,0.09581150114536285,0
0,0.09581150114536285,0
0,0.09581150114536285,0
0,0.09581150114536285,0
0,0.09581150114536285,0
0,0.09581150114536285,0
0,0.09581150114536285,0
0,0.09581150114536285,0
0,0.09581150114536285,0
0,0.09581150114536285,0
0,0.09581150114536285,0
0,0.09581150114536285,0
0,0.09581150114536285,0
0,0.09581150114536285,0
0,0.09581150114536285,0
0,0.09581150114536285,0
0,0.09581150114536285,0
0,0.09581150114536285,0
0,0.09581150114536285,0
0,0.09581150114536285,0
0,0.09581150114536285,0
0,0.09581150114536285,0
0,0.09581150114536285,0
0,0.09581150114536285,0
0,0.09581150114536285,0
0,0.09581150114536285,0
0,0.09581150114536285,0
0,0.09581150114536285,0
0,0.09581150114536285,0
0,0.09581150114536285,0
0,0.09581150114536285,0
0,0.09581150114536285,0
0,0.09581150114536285,0
0,0.09581150114536285,0
0,0.09581150114536285,0
0,0.09581150114536285,0
0,0.09581150114536285,0
0,0.09581150114536285,0
0,0.09581150114536285,0
0,0.09581150114536285,0
0,0.09581150114536285,0
0,0.09581150114536285,0
0,0.09581150114536285,0
0,0.09581150114536285,0
0,0.09581150114536285,0
0,0.09581150114536285,0
0,0.09581150114536285,0
0,0.09581150114536285,0
0,0.09581150114536285,0
0,0.09581150114536285,0
0,0.09581150114536285,0
0,0.09581150114536285,0
0,0.09581150114536285,0
0,0.09581150114536285,0
0,0.09581150114536285,0
0,0.09581150114536285,0
0,0.09581150114536285,0
0,0.09581150114536285,0
0,0.09581150114536285,0
0,0.09581150114536285,0
0,0.09581150114536285,0
0,0.09581150114536285,0
0,0.09581150114536285,0
0,0.09581150114536285,0
0,0.09581150114536285,0
0,0.09581150114536285,0
0,0.09581150114536285,0
0,0.09581150114536285,0
0,0.09581150114536285,0
0,0.09581150114536285,0
0,0.09581150114536285,0
0,0.09581150114536285,0
0,0.09581150114536285,0
0,0.09581150114536285,0
0,0.09581150114536285,0
0,0.09581150114536285,0
0,0.09581150114536285,0
0,0.09581150114536285,0
0,0.09581150114536285,0
0,0.09581150114536285,0
0,0.09581150114536285,0
0,0.09581150114536285,0
0,0.09581150114536285,0
0,0.09581150114536285,0
0,0.09581150114536285,0
0,0.09581150114536285,0
0,0.09581150114536285,0
0,0.09581150114536285,0
0,0.09581150114536285,0
0,0.09581150114536285,0
0,0.09581150114536285,0
0,0.09581150114536285,0
0,0.09581150114536285,0
0,0.09581150114536285,0
0,0.09581150114536285,0
0,0.09581150114536285,0
0,0.09581150114536285,0
0,0.09581150114536285,0
0,0.09581150114536285,0
0,0.09581150114536285,0
0,0.09581150114536285,0
0,0.09581150114536285,0
0,0.09581150114536285,0
0,0.09581150114536285,0
0,0.09581150114536285,0
0,0.09581150114536285,0
0,0.09581150114536285,0
0,0.09581150114536285,0
0,0.09581150114536285,0
0,0.09581150114536285,0
0,0.09581150114536285,0
0,0.09581150114536285,0
0,0.09581150114536285,0
0,0.09581150114536285,0
0,0.09581150114536285,0
0,0.09581150114536285,0
0,0.09581150114536285,0
0,0.09581150114536285,0
0,0.09581150114536285,0
0,0.09581150114536285,0
0,0.09581150114536285,0
0,0.09581150114536285,0
0,0.09581150114536285,0
0,0.09581150114536285,0
0,0.09581150114536285,0
0,0.09581150114536285,0
0,0.09581150114536285,0
0,0.09581150114536285,0
0,0.09581150114536285,0
0,0.09581150114536285,0
0,0.09581150114536285,0
0,0.09581150114536285,0
0,0.09581150114536285,0
0,0.09581150114536285,0
0,0.09581150114536285,0
0,0.09581150114536285,0
0,0.09581150114536285,0
0,0.09581150114536285,0
0,0.09581150114536285,0
0,0.09581150114536285,0
0,0.09581150114536285,0
0,0.09581150114536285,0
0,0.09581150114536285,0
0,0.09581150114536285,0
0,0.09581150114536285,0
0,0.09581150114536285,0
0,0.09581150114536285,0
0,0.09581150114536285,0
0,0.09581150114536285,0
0,0.09581150114536285,0
0,0.09581150114536285,0
0,0.09581150114536285,0
0,0.09581150114536285,0
0,0.09581150114536285,0
0,0.09581150114536285,0
0,0.09581150114536285,0
0,0.09581150114536285,0
0,0.09581150114536285,0
0,0.09581150114536285,0
0,0.09581150114536285,0
0,0.09581150114536285,0
0,0.09581150114536285,0
0,0.09581150114536285,0
0,0.09581150114536285,0
0,0.09581150114536285,0
0,0.09581150114536285,0
0,0.09581150114536285,0
0,0.09581150114536285,0
0,0.09581150114536285,0
0,0.09581150114536285,0
0,0.09581150114536285,0
0,0.09581150114536285,0
0,0.09581150114536285,0
0,0.09581150114536285,0
0,0.09581150114536285,0
0,0.09581150114536285,0
0,0.09581150114536285,0
0,0.09581150114536285,0
0,0.09581150114536285,0
0,0.09581150114536285,0
0,0.09581150114536285,0
0,0.09581150114536285,0
0,0.09581150114536285,0
0,0.09581150114536285,0
0,0.09581150114536285,0
0,0.09581150114536285,0
0,0.09581150114536285,0
0,0.09581150114536285,0
0,0.09581150114536285,0
0,0.09581150114536285,0
0,0.09581150114536285,0
0,0.09581150114536285,0
0,0.09581150114536285,0
0,0.09581150114536285,0
0,0.09581150114536285,0
0,0.09581150114536285,0
0,0.09581150114536285,0
0,0.09581150114536285,0
0,0.09581150114536285,0
0,0.09581150114536285,0
0,0.09581150114536285,0
0,0.09581150114536285,0
0,0.09581150114536285,0
0,0.09581150114536285,0
0,0.09581150114536285,0
0,0.09581150114536285,0
0,0.09581150114536285,0
0,0.09581150114536285,0
0,0.09581150114536285,0
0,0.09581150114536285,0
0,0.09581150114536285,0
0,0.09581150114536285,0
0,0.09581150114536285,0
0,0.09581150114536285,0
0,0.09581150114536285,0
0,0.09581150114536285,0
0,0.09581150114536285,0
0,0.09581150114536285,0
0,0.09581150114536285,0
0,0.09581150114536285,0
0,0.09581150114536285,0
0,0.09581150114536285,0
0,0.09581150114536285,0
0,0.09581150114536285,0
0,0.09581150114536285,0
0,0.09581150114536285,0
0,0.09581150114536285,0
0,0.09581150114536285,0
0,0.09581150114536285,0
0,0.09581150114536285,0
0,0.09581150114536285,0
0,0.09581150114536285,0
0,0.09581150114536285,0
0,0.09581150114536285,0
0,0.09581150114536285,0
0,0.09581150114536285,0
0,0.09581150114536285,0
0,0.09581150114536285,0
0,0.09581150114536285,0
0,0.09581150114536285,0
0,0.09581150114536285,0
0,0.09581150114536285,0
0,0.09581150114536285,0
0,0.09581150114536285,0
0,0.09581150114536285,0
0,0.09581150114536285,0
0,0.09581150114536285,0
0,0.09581150114536285,0
0,0.09581150114536285,0
0,0.09581150114536285,0
0,0.09581150114536285,0
0,0.09581150114536285,0
0,0.09581150114536285,0
0,0.09581150114536285,0
0,0.09581150114536285,0
0,0.09581150114536285,0
0,0.09581150114536285,0
0,0.09581150114536285,0
0,0.09581150114536285,0
0,0.09581150114536285,0
0,0.09581150114536285,0
0,0.09581150114536285,0
0,0.09581150114536285,0
0,0.09581150114536285,0
0,0.09581150114536285,0
0,0.09581150114536285,0
0,0.09581150114536285,0
0,0.09581150114536285,0
0,0.09581150114536285,0
0,0.09581150114536285,0
0,0.09581150114536285,0
0,0.09581150114536285,0
0,0.09581150114536285,0
0,0.09581150114536285,0
0,0.09581150114536285,0
0,0.09581150114536285,0
0,0.09581150114536285,0
0,0.09581150114536285,0
0,0.09581150114536285,0
0,0.09581150114536285,0
0,0.09581150114536285,0
0,0.09581150114536285,0
0,0.09581150114536285,0
0,0.09581150114536285,0
0,0.09581150114536285,0
0,0.09581150114536285,0
0,0.09581150114536285,0
0,0.09581150114536285,0
0,0.09581150114536285,0
0,0.09581150114536285,0
0,0.09581150114536285,0
0,0.09581150114536285,0
0,0.09581150114536285,0
0,0.09581150114536285,0
0,0.09581150114536285,0
0,0.09581150114536285,0
0,0.09581150114536285,0
0,0.09581150114536285,0
0,0.09581150114536285,0
0,0.09581150114536285,0
0,0.09581150114536285,0
0,0.09581150114536285,0
0,0.09581150114536285,0
0,0.09581150114536285,0
0,0.09581150114536285,0
0,0.09581150114536285,0
0,0.09581150114536285,0
0,0.09581150114536285,0
0,0.09581150114536285,0
0,0.09581150114536285,0
0,0.09581150114536285,0
0,0.09581150114536285,0
0,0.09581150114536285,0
0,0.09581150114536285,0
0,0.09581150114536285,0
0,0.09581150114536285,0
0,0.09581150114536285,0
0,0.09581150114536285,0
0,0.09581150114536285,0
0,0.09581150114536285,0
0,0.09581150114536285,0
0,0.09581150114536285,0
0,0.09581150114536285,0
0,0.09581150114536285,0
0,0.09581150114536285,0
0,0.09581150114536285,0
0,0.09581150114536285,0
0,0.09581150114536285,0
0,0.09581150114536285,0
0,0.09581150114536285,0
0,0.09581150114536285,0
0,0.09581150114536285,0
0,0.09581150114536285,0
0,0.09581150114536285,0
0,0.09581150114536285,0
0,0.09581150114536285,0
0,0.09581150114536285,0
0,0.09581150114536285,0
0,0.09581150114536285,0
0,0.09581150114536285,0
0,0.09581150114536285,0
0,0.09581150114536285,0
0,0.09581150114536285,0
0,0.09581150114536285,0
0,0.09581150114536285,0
0,0.09581150114536285,0
0,0.09581150114536285,0
0,0.09581150114536285,0
0,0.09581150114536285,0
0,0.09581150114536285,0
0,0.09581150114536285,0
0,0.09581150114536285,0
0,0.09581150114536285,0
0,0.09581150114536285,0
0,0.09581150114536285,0
0,0.09581150114536285,0
0,0.09581150114536285,0
0,0.09581150114536285,0
0,0.09581150114536285,0
0,0.09581150114536285,0
0,0.09581150114536285,0
0,0.09581150114536285,0
0,0.09581150114536285,0
0,0.09581150114536285,0
0,0.09581150114536285,0
0,0.09581150114536285,0
0,0.09581150114536285,0
0,0.09581150114536285,0
0,0.09581150114536285,0
0,0.09581150114536285,0
0,0.09581150114536285,0
0,0.09581150114536285,0
0,0.09581150114536285,0
0,0.09581150114536285,0
0,0.09581150114536285,0
0,0.09581150114536285,0
0,0.09581150114536285,0
0,0.09581150114536285,0
0,0.09581150114536285,0
0,0.09581150114536285,0
0,0.09581150114536285,0
0,0.09581150114536285,0
0,0.09581150114536285,0
0,0.09581150114536285,0
0,0.09581150114536285,0
0,0.09581150114536285,0
0,0.09581150114536285,0
0,0.09581150114536285,0
0,0.09581150114536285,0
0,0.09581150114536285,0
0,0.09581150114536285,0
0,0.09581150114536285,0
0,0.09581150114536285,0
0,0.09581150114536285,0
0,0.09581150114536285,0
0,0.09581150114536285,0
0,0.09581150114536285,0
0,0.09581150114536285,0
0,0.09581150114536285,0
0,0.09581150114536285,0
0,0.09581150114536285,0
0,0.09581150114536285,0
0,0.09581150114536285,0
0,0.09581150114536285,0
0,0.09581150114536285,0
0,0.09581150114536285,0
0,0.09581150114536285,0
0,0.09581150114536285,0
0,0.09581150114536285,0
0,0.09581150114536285,0
0,0.09581150114536285,0
0,0.09581150114536285,0
0,0.09581150114536285,0
0,0.09581150114536285,0
0,0.09581150114536285,0
0,0.09581150114536285,0
0,0.09581150114536285,0
0,0.09581150114536285,0
0,0.09581150114536285,0
0,0.09581150114536285,0
0,0.09581150114536285,0
0,0.09581150114536285,0
0,0.09581150114536285,0
0,0.09581150114536285,0
0,0.09581150114536285,0
0,0.09581150114536285,0
0,0.09581150114536285,0
0,0.09581150114536285,0
0,0.09581150114536285,0
0,0.09581150114536285,0
0,0.09581150114536285,0
0,0.09581150114536285,0
0,0.09581150114536285,0
0,0.09581150114536285,0
0,0.09581150114536285,0
0,0.09581150114536285,0
0,0.09581150114536285,0
0,0.09581150114536285,0
0,0.09581150114536285,0
0,0.09581150114536285,0
0,0.09581150114536285,0
0,0.09581150114536285,0
0,0.09581150114536285,0
0,0.09581150114536285,0
0,0.09581150114536285,0
0,0.09581150114536285,0
0,0.09581150114536285,0
0,0.09581150114536285,0
0,0.09581150114536285,0
0,0.09581150114536285,0
0,0.09581150114536285,0
0,0.09581150114536285,0
0,0.09581150114536285,0
0,0.09581150114536285,0
0,0.09581150114536285,0
0,0.09581150114536285,0
0,0.09581150114536285,0
0,0.09581150114536285,0
0,0.09581150114536285,0
0,0.09581150114536285,0
0,0.09581150114536285,0
0,0.09581150114536285,0
0,0.09581150114536285,0
0,0.09581150114536285,0
0,0.09581150114536285,0
0,0.09581150114536285,0
0,0.09581150114536285,0
0,0.09581150114536285,0
0,0.09581150114536285,0
0,0.09581150114536285,0
0,0.09581150114536285,0
0,0.09581150114536285,0
0,0.09581150114536285,0
0,0.09581150114536285,0
0,0.09581150114536285,0
0,0.09581150114536285,0
0,0.09581150114536285,0
0,0.09581150114536285,0
0,0.09581150114536285,0
0,0.09581150114536285,0
0,0.09581150114536285,0
0,0.09581150114536285,0
0,0.09581150114536285,0
0,0.09581150114536285,0
0,0.09581150114536285,0
0,0.09581150114536285,0
0,0.09581150114536285,0
0,0.09581150114536285,0
0,0.09581150114536285,0
0,0.09581150114536285,0
0,0.09581150114536285,0
0,0.09581150114536285,0
0,0.09581150114536285,0
0,0.09581150114536285,0
0,0.09581150114536285,0
0,0.09581150114536285,0
0,0.09581150114536285,0
0,0.09581150114536285,0
0,0.09581150114536285,0
0,0.09581150114536285,0
0,0.09581150114536285,0
0,0.09581150114536285,0
0,0.09581150114536285,0
0,0.09581150114536285,0
0,0.09581150114536285,0
0,0.09581150114536285,0
0,0.09581150114536285,0
0,0.09581150114536285,0
0,0.09581150114536285,0
0,0.09581150114536285,0
0,0.09581150114536285,0
0,0.09581150114536285,0
0,0.09581150114536285,0
0,0.09581150114536285,0
0,0.09581150114536285,0
0,0.09581150114536285,0
0,0.09581150114536285,0
0,0.09581150114536285,0
0,0.09581150114536285,0
0,0.09581150114536285,0
0,0.09581150114536285,0
0,0.09581150114536285,0
0,0.09581150114536285,0
0,0.09581150114536285,0
0,0.09581150114536285,0
0,0.09581150114536285,0
0,0.09581150114536285,0
0,0.09581150114536285,0
0,0.09581150114536285,0
0,0.09581150114536285,0
0,0.09581150114536285,0
0,0.09581150114536285,0
0,0.09581150114536285,0
0,0.09581150114536285,0
0,0.09581150114536285,0
0,0.09581150114536285,0
0,0.09581150114536285,0
0,0.09581150114536285,0
0,0.09581150114536285,0
0,0.09581150114536285,0
0,0.09581150114536285,0
0,0.09581150114536285,0
0,0.09581150114536285,0
0,0.09581150114536285,0
0,0.09581150114536285,0
0,0.09581150114536285,0
0,0.09581150114536285,0
0,0.09581150114536285,0
0,0.09581150114536285,0
0,0.09581150114536285,0
0,0.09581150114536285,0
0,0.09581150114536285,0
0,0.09581150114536285,0
0,0.09581150114536285,0
0,0.09581150114536285,0
0,0.09581150114536285,0
0,0.09581150114536285,0
0,0.09581150114536285,0
0,0.09581150114536285,0
0,0.09581150114536285,0
0,0.09581150114536285,0
0,0.09581150114536285,0
0,0.09581150114536285,0
0,0.09581150114536285,0
0,0.09581150114536285,0
0,0.09581150114536285,0
0,0.09581150114536285,0
0,0.09581150114536285,0
0,0.09581150114536285,0
0,0.09581150114536285,0
0,0.09581150114536285,0
0,0.09581150114536285,0
0,0.09581150114536285,0
0,0.09581150114536285,0
0,0.09581150114536285,0
0,0.09581150114536285,0
0,0.09581150114536285,0
0,0.09581150114536285,0
0,0.09581150114536285,0
0,0.09581150114536285,0
0,0.09581150114536285,0
0,0.09581150114536285,0
0,0.09581150114536285,0
0,0.09581150114536285,0
0,0.09581150114536285,0
0,0.09581150114536285,0
0,0.09581150114536285,0
0,0.09581150114536285,0
0,0.09581150114536285,0
0,0.09581150114536285,0
0,0.09581150114536285,0
0,0.09581150114536285,0
0,0.09581150114536285,0
0,0.09581150114536285,0
0,0.09581150114536285,0
0,0.09581150114536285,0
0,0.09581150114536285,0
0,0.09581150114536285,0
0,0.09581150114536285,0
0,0.09581150114536285,0
0,0.09581150114536285,0
0,0.09581150114536285,0
0,0.09581150114536285,0
0,0.09581150114536285,0
0,0.09581150114536285,0
0,0.09581150114536285,0
0,0.09581150114536285,0
0,0.09581150114536285,0
0,0.09581150114536285,0
0,0.09581150114536285,0
0,0.09581150114536285,0
0,0.09581150114536285,0
0,0.09581150114536285,0
0,0.09581150114536285,0
0,0.09581150114536285,0
0,0.09581150114536285,0
0,0.09581150114536285,0
0,0.09581150114536285,0
0,0.09581150114536285,0
0,0.09581150114536285,0
0,0.09581150114536285,0
0,0.09581150114536285,0
0,0.09581150114536285,0
0,0.09581150114536285,0
0,0.09581150114536285,0
0,0.09581150114536285,0
0,0.09581150114536285,0
0,0.09581150114536285,0
0,0.09581150114536285,0
0,0.09581150114536285,0
0,0.09581150114536285,0
0,0.09581150114536285,0
0,0.09581150114536285,0
0,0.09581150114536285,0
0,0.09581150114536285,0
0,0.09581150114536285,0
0,0.09581150114536285,0
0,0.09581150114536285,0
0,0.09581150114536285,0
0,0.09581150114536285,0
0,0.09581150114536285,0
0,0.09581150114536285,0
0,0.09581150114536285,0
0,0.09581150114536285,0
0,0.09581150114536285,0
0,0.09581150114536285,0
0,0.09581150114536285,0
0,0.09581150114536285,0
0,0.09581150114536285,0
0,0.09581150114536285,0
0,0.09581150114536285,0
0,0.09581150114536285,0
0,0.09581150114536285,0
0,0.09581150114536285,0
0,0.09581150114536285,0
0,0.09581150114536285,0
0,0.09581150114536285,0
0,0.09581150114536285,0
0,0.09581150114536285,0
0,0.09581150114536285,0
0,0.09581150114536285,0
0,0.09581150114536285,0
0,0.09581150114536285,0
0,0.09581150114536285,0
0,0.09581150114536285,0
0,0.09581150114536285,0
0,0.09581150114536285,0
0,0.09581150114536285,0
0,0.09581150114536285,0
0,0.09581150114536285,0
0,0.09581150114536285,0
0,0.09581150114536285,0
0,0.09581150114536285,0
0,0.09581150114536285,0
0,0.09581150114536285,0
0,0.09581150114536285,0
0,0.09581150114536285,0
0,0.09581150114536285,0
0,0.09581150114536285,0
0,0.09581150114536285,0
0,0.09581150114536285,0
0,0.09581150114536285,0
0,0.09581150114536285,0
0,0.09581150114536285,0
0,0.09581150114536285,0
0,0.09581150114536285,0
0,0.09581150114536285,0
0,0.09581150114536285,0
0,0.09581150114536285,0
0,0.09581150114536285,0
0,0.09581150114536285,0
0,0.09581150114536285,0
0,0.09581150114536285,0
0,0.09581150114536285,0
0,0.09581150114536285,0
0,0.09581150114536285,0
0,0.09581150114536285,0
0,0.09581150114536285,0
0,0.09581150114536285,0
0,0.09581150114536285,0
0,0.09581150114536285,0
0,0.09581150114536285,0
0,0.09581150114536285,0
0,0.09581150114536285,0
0,0.09581150114536285,0
0,0.09581150114536285,0
0,0.09581150114536285,0
0,0.09581150114536285,0
0,0.09581150114536285,0
0,0.09581150114536285,0
0,0.09581150114536285,0
0,0.09581150114536285,0
0,0.09581150114536285,0
0,0.09581150114536285,0
0,0.09581150114536285,0
0,0.09581150114536285,0
0,0.09581150114536285,0
0,0.09581150114536285,0
0,0.09581150114536285,0
0,0.09581150114536285,0
0,0.09581150114536285,0
0,0.09581150114536285,0
0,0.09581150114536285,0
0,0.09581150114536285,0
0,0.09581150114536285,0
0,0.09581150114536285,0
0,0.09581150114536285,0
0,0.09581150114536285,0
0,0.09581150114536285,0
0,0.09581150114536285,0
0,0.09581150114536285,0
0,0.09581150114536285,0
0,0.09581150114536285,0
0,0.09581150114536285,0
0,0.09581150114536285,0
0,0.09581150114536285,0
0,0.09581150114536285,0
0,0.09581150114536285,0
0,0.09581150114536285,0
0,0.09581150114536285,0
0,0.09581150114536285,0
0,0.09581150114536285,0
0,0.09581150114536285,0
0,0.09581150114536285,0
0,0.09581150114536285,0
0,0.09581150114536285,0
0,0.09581150114536285,0
0,0.09581150114536285,0
0,0.09581150114536285,0
0,0.09581150114536285,0
0,0.09581150114536285,0
0,0.09581150114536285,0
0,0.09581150114536285,0
0,0.09581150114536285,0
0,0.09581150114536285,0
0,0.09581150114536285,0
0,0.09581150114536285,0
0,0.09581150114536285,0
0,0.09581150114536285,0
0,0.09581150114536285,0
0,0.09581150114536285,0
0,0.09581150114536285,0
0,0.09581150114536285,0
0,0.09581150114536285,0
0,0.09581150114536285,0
0,0.09581150114536285,0
0,0.09581150114536285,0
0,0.09581150114536285,0
0,0.09581150114536285,0
0,0.09581150114536285,0
0,0.09581150114536285,0
0,0.09581150114536285,0
0,0.09581150114536285,0
0,0.09581150114536285,0
0,0.09581150114536285,0
0,0.09581150114536285,0
0,0.09581150114536285,0
0,0.09581150114536285,0
0,0.09581150114536285,0
0,0.09581150114536285,0
0,0.09581150114536285,0
0,0.09581150114536285,0
0,0.09581150114536285,0
0,0.09581150114536285,0
0,0.09581150114536285,0
0,0.09581150114536285,0
0,0.09581150114536285,0
0,0.09581150114536285,0
0,0.09581150114536285,0
0,0.09581150114536285,0
0,0.09581150114536285,0
0,0.09581150114536285,0
0,0.09581150114536285,0
0,0.09581150114536285,0
0,0.09581150114536285,0
0,0.09581150114536285,0
0,0.09581150114536285,0
0,0.09581150114536285,0
0,0.09581150114536285,0
0,0.09581150114536285,0
0,0.09581150114536285,0
0,0.09581150114536285,0
0,0.09581150114536285,0
0,0.09581150114536285,0
0,0.09581150114536285,0
0,0.09581150114536285,0
0,0.09581150114536285,0
0,0.09581150114536285,0
0,0.09581150114536285,0
0,0.09581150114536285,0
0,0.09581150114536285,0
0,0.09581150114536285,0
0,0.09581150114536285,0
0,0.09581150114536285,0
0,0.09581150114536285,0
0,0.09581150114536285,0
0,0.09581150114536285,0
0,0.09581150114536285,0
0,0.09581150114536285,0
0,0.09581150114536285,0
0,0.09581150114536285,0
0,0.09581150114536285,0
0,0.09581150114536285,0
0,0.09581150114536285,0
0,0.09581150114536285,0
0,0.09581150114536285,0
0,0.09581150114536285,0
0,0.09581150114536285,0
0,0.09581150114536285,0
0,0.09581150114536285,0
0,0.09581150114536285,0
0,0.09581150114536285,0
0,0.09581150114536285,0
0,0.09581150114536285,0
0,0.09581150114536285,0
0,0.09581150114536285,0
0,0.09581150114536285,0
0,0.09581150114536285,0
0,0.09581150114536285,0
0,0.09581150114536285,0
0,0.09581150114536285,0
0,0.09581150114536285,0
0,0.09581150114536285,0
0,0.09581150114536285,0
0,0.09581150114536285,0
0,0.09581150114536285,0
0,0.09581150114536285,0
0,0.09581150114536285,0
0,0.09581150114536285,0
0,0.09581150114536285,0
0,0.09581150114536285,0
0,0.09581150114536285,0
0,0.09581150114536285,0
0,0.09581150114536285,0
0,0.09581150114536285,0
0,0.09581150114536285,0
0,0.09581150114536285,0
0,0.09581150114536285,0
0,0.09581150114536285,0
0,0.09581150114536285,0
0,0.09581150114536285,0
0,0.09581150114536285,0
0,0.09581150114536285,0
0,0.09581150114536285,0
0,0.09581150114536285,0
0,0.09581150114536285,0
0,0.09581150114536285,0
0,0.09581150114536285,0
0,0.09581150114536285,0
0,0.09581150114536285,0
0,0.09581150114536285,0
0,0.09581150114536285,0
0,0.09581150114536285,0
0,0.09581150114536285,0
0,0.09581150114536285,0
0,0.09581150114536285,0
0,0.09581150114536285,0
0,0.09581150114536285,0
0,0.09581150114536285,0
0,0.09581150114536285,0
0,0.09581150114536285,0
0,0.09581150114536285,0
0,0.09581150114536285,0
0,0.09581150114536285,0
0,0.09581150114536285,0
0,0.09581150114536285,0
0,0.09581150114536285,0
0,0.09581150114536285,0
0,0.09581150114536285,0
0,0.09581150114536285,0
0,0.09581150114536285,0
0,0.09581150114536285,0
0,0.09581150114536285,0
0,0.09581150114536285,0
0,0.09581150114536285,0
0,0.09581150114536285,0
0,0.09581150114536285,0
0,0.09581150114536285,0
0,0.09581150114536285,0
0,0.09581150114536285,0
0,0.09581150114536285,0
0,0.09581150114536285,0
0,0.09581150114536285,0
0,0.09581150114536285,0
0,0.09581150114536285,0
0,0.09581150114536285,0
0,0.09581150114536285,0
0,0.09581150114536285,0
0,0.09581150114536285,0
0,0.09581150114536285,0
0,0.09581150114536285,0
0,0.09581150114536285,0
0,0.09581150114536285,0
0,0.09581150114536285,0
0,0.09581150114536285,0
0,0.09581150114536285,0
0,0.09581150114536285,0
0,0.09581150114536285,0
0,0.09581150114536285,0
0,0.09581150114536285,0
0,0.09581150114536285,0
0,0.09581150114536285,0
0,0.09581150114536285,0
0,0.09581150114536285,0
0,0.09581150114536285,0
0,0.09581150114536285,0
0,0.09581150114536285,0
0,0.09581150114536285,0
0,0.09581150114536285,0
0,0.09581150114536285,0
0,0.09581150114536285,0
0,0.09581150114536285,0
0,0.09581150114536285,0
0,0.09581150114536285,0
0,0.09581150114536285,0
0,0.09581150114536285,0
0,0.09581150114536285,0
0,0.09581150114536285,0
0,0.09581150114536285,0
0,0.09581150114536285,0
0,0.09581150114536285,0
0,0.09581150114536285,0
0,0.09581150114536285,0
0,0.09581150114536285,0
0,0.09581150114536285,0
0,0.09581150114536285,0
0,0.09581150114536285,0
0,0.09581150114536285,0
0,0.09581150114536285,0
0,0.09581150114536285,0
0,0.09581150114536285,0
0,0.09581150114536285,0
0,0.09581150114536285,0
0,0.09581150114536285,0
0,0.09581150114536285,0
0,0.09581150114536285,0
0,0.09581150114536285,0
0,0.09581150114536285,0
0,0.09581150114536285,0
0,0.09581150114536285,0
0,0.09581150114536285,0
0,0.09581150114536285,0
0,0.09581150114536285,0
0,0.09581150114536285,0
0,0.09581150114536285,0
0,0.09581150114536285,0
0,0.09581150114536285,0
0,0.09581150114536285,0
0,0.09581150114536285,0
0,0.09581150114536285,0
0,0.09581150114536285,0
0,0.09581150114536285,0
0,0.09581150114536285,0
0,0.09581150114536285,0
0,0.09581150114536285,0
0,0.09581150114536285,0
0,0.09581150114536285,0
0,0.09581150114536285,0
0,0.09581150114536285,0
0,0.09581150114536285,0
0,0.09581150114536285,0
0,0.09581150114536285,0
0,0.09581150114536285,0
0,0.09581150114536285,0
0,0.09581150114536285,0
0,0.09581150114536285,0
0,0.09581150114536285,0
0,0.09581150114536285,0
0,0.09581150114536285,0
0,0.09581150114536285,0
0,0.09581150114536285,0
0,0.09581150114536285,0
0,0.09581150114536285,0
0,0.09581150114536285,0
0,0.09581150114536285,0
0,0.09581150114536285,0
0,0.09581150114536285,0
0,0.09581150114536285,0
0,0.09581150114536285,0
0,0.09581150114536285,0
0,0.09581150114536285,0
0,0.09581150114536285,0
0,0.09581150114536285,0
0,0.09581150114536285,0
0,0.09581150114536285,0
0,0.09581150114536285,0
0,0.09581150114536285,0
0,0.09581150114536285,0
0,0.09581150114536285,0
0,0.09581150114536285,0
0,0.09581150114536285,0
0,0.09581150114536285,0
0,0.09581150114536285,0
0,0.09581150114536285,0
0,0.09581150114536285,0
0,0.09581150114536285,0
0,0.09581150114536285,0
0,0.09581150114536285,0
0,0.09581150114536285,0
0,0.09581150114536285,0
0,0.09581150114536285,0
0,0.09581150114536285,0
0,0.09581150114536285,0
0,0.09581150114536285,0
0,0.09581150114536285,0
0,0.09581150114536285,0
0,0.09581150114536285,0
0,0.09581150114536285,0
0,0.09581150114536285,0
0,0.09581150114536285,0
0,0.09581150114536285,0
0,0.09581150114536285,0
0,0.09581150114536285,0
0,0.09581150114536285,0
0,0.09581150114536285,0
0,0.09581150114536285,0
0,0.09581150114536285,0
0,0.09581150114536285,0
0,0.09581150114536285,0
0,0.09581150114536285,0
0,0.09581150114536285,0
0,0.09581150114536285,0
0,0.09581150114536285,0
0,0.09581150114536285,0
0,0.09581150114536285,0
0,0.09581150114536285,0
0,0.09581150114536285,0
0,0.09581150114536285,0
0,0.09581150114536285,0
0,0.09581150114536285,0
0,0.09581150114536285,0
0,0.09581150114536285,0
0,0.09581150114536285,0
0,0.09581150114536285,0
0,0.09581150114536285,0
0,0.09581150114536285,0
0,0.09581150114536285,0
0,0.09581150114536285,0
0,0.09581150114536285,0
0,0.09581150114536285,0
0,0.09581150114536285,0
0,0.09581150114536285,0
0,0.09581150114536285,0
0,0.09581150114536285,0
0,0.09581150114536285,0
0,0.09581150114536285,0
0,0.09581150114536285,0
0,0.09581150114536285,0
0,0.09581150114536285,0
0,0.09581150114536285,0
0,0.09581150114536285,0
0,0.09581150114536285,0
0,0.09581150114536285,0
0,0.09581150114536285,0
0,0.09581150114536285,0
0,0.09581150114536285,0
0,0.09581150114536285,0
0,0.09581150114536285,0
0,0.09581150114536285,0
0,0.09581150114536285,0
0,0.09581150114536285,0
0,0.09581150114536285,0
0,0.09581150114536285,0
0,0.09581150114536285,0
0,0.09581150114536285,0
0,0.09581150114536285,0
0,0.09581150114536285,0
0,0.09581150114536285,0
0,0.09581150114536285,0
0,0.09581150114536285,0
0,0.09581150114536285,0
0,0.09581150114536285,0
0,0.09581150114536285,0
0,0.09581150114536285,0
0,0.09581150114536285,0
0,0.09581150114536285,0
0,0.09581150114536285,0
0,0.09581150114536285,0
0,0.09581150114536285,0
0,0.09581150114536285,0
0,0.09581150114536285,0
0,0.09581150114536285,0
0,0.09581150114536285,0
0,0.09581150114536285,0
0,0.09581150114536285,0
0,0.09581150114536285,0
0,0.09581150114536285,0
0,0.09581150114536285,0
0,0.09581150114536285,0
0,0.09581150114536285,0
0,0.09581150114536285,0
0,0.09581150114536285,0
0,0.09581150114536285,0
0,0.09581150114536285,0
0,0.09581150114536285,0
0,0.09581150114536285,0
0,0.09581150114536285,0
0,0.09581150114536285,0
0,0.09581150114536285,0
0,0.09581150114536285,0
0,0.09581150114536285,0
0,0.09581150114536285,0
0,0.09581150114536285,0
0,0.09581150114536285,0
0,0.09581150114536285,0
0,0.09581150114536285,0
0,0.09581150114536285,0
0,0.09581150114536285,0
0,0.09581150114536285,0
0,0.09581150114536285,0
0,0.09581150114536285,0
0,0.09581150114536285,0
0,0.09581150114536285,0
0,0.09581150114536285,0
0,0.09581150114536285,0
0,0.09581150114536285,0
0,0.09581150114536285,0
0,0.09581150114536285,0
0,0.09581150114536285,0
0,0.09581150114536285,0
0,0.09581150114536285,0
0,0.09581150114536285,0
0,0.09581150114536285,0
0,0.09581150114536285,0
0,0.09581150114536285,0
0,0.09581150114536285,0
0,0.09581150114536285,0
0,0.09581150114536285,0
0,0.09581150114536285,0
0,0.09581150114536285,0
0,0.09581150114536285,0
0,0.09581150114536285,0
0,0.09581150114536285,0
0,0.09581150114536285,0
0,0.09581150114536285,0
0,0.09581150114536285,0
0,0.09581150114536285,0
0,0.09581150114536285,0
0,0.09581150114536285,0
0,0.09581150114536285,0
0,0.09581150114536285,0
0,0.09581150114536285,0
0,0.09581150114536285,0
0,0.09581150114536285,0
0,0.09581150114536285,0
0,0.09581150114536285,0
0,0.09581150114536285,0
0,0.09581150114536285,0
0,0.09581150114536285,0
0,0.09581150114536285,0
0,0.09581150114536285,0
0,0.09581150114536285,0
0,0.09581150114536285,0
0,0.09581150114536285,0
0,0.09581150114536285,0
0,0.09581150114536285,0
0,0.09581150114536285,0
0,0.09581150114536285,0
0,0.09581150114536285,0
0,0.09581150114536285,0
0,0.09581150114536285,0
0,0.09581150114536285,0
0,0.09581150114536285,0
0,0.09581150114536285,0
0,0.09581150114536285,0
0,0.09581150114536285,0
0,0.09581150114536285,0
0,0.09581150114536285,0
0,0.09581150114536285,0
0,0.09581150114536285,0
0,0.09581150114536285,0
0,0.09581150114536285,0
0,0.09581150114536285,0
0,0.09581150114536285,0
0,0.09581150114536285,0
0,0.09581150114536285,0
0,0.09581150114536285,0
0,0.09581150114536285,0
0,0.09581150114536285,0
0,0.09581150114536285,0
0,0.09581150114536285,0
0,0.09581150114536285,0
0,0.09581150114536285,0
0,0.09581150114536285,0
0,0.09581150114536285,0
0,0.09581150114536285,0
0,0.09581150114536285,0
0,0.09581150114536285,0
0,0.09581150114536285,0
0,0.09581150114536285,0
0,0.09581150114536285,0
0,0.09581150114536285,0
0,0.09581150114536285,0
0,0.09581150114536285,0
0,0.09581150114536285,0
0,0.09581150114536285,0
0,0.09581150114536285,0
0,0.09581150114536285,0
0,0.09581150114536285,0
0,0.09581150114536285,0
0,0.09581150114536285,0
0,0.09581150114536285,0
0,0.09581150114536285,0
0,0.09581150114536285,0
0,0.09581150114536285,0
0,0.09581150114536285,0
0,0.09581150114536285,0
0,0.09581150114536285,0
0,0.09581150114536285,0
0,0.09581150114536285,0
0,0.09581150114536285,0
0,0.09581150114536285,0
0,0.09581150114536285,0
0,0.09581150114536285,0
0,0.09581150114536285,0
0,0.09581150114536285,0
0,0.09581150114536285,0
0,0.09581150114536285,0
0,0.09581150114536285,0
0,0.09581150114536285,0
0,0.09581150114536285,0
0,0.09581150114536285,0
0,0.09581150114536285,0
0,0.09581150114536285,0
0,0.09581150114536285,0
0,0.09581150114536285,0
0,0.09581150114536285,0
0,0.09581150114536285,0
0,0.09581150114536285,0
0,0.09581150114536285,0
0,0.09581150114536285,0
0,0.09581150114536285,0
0,0.09581150114536285,0
0,0.09581150114536285,0
0,0.09581150114536285,0
0,0.09581150114536285,0
0,0.09581150114536285,0
0,0.09581150114536285,0
0,0.09581150114536285,0
0,0.09581150114536285,0
0,0.09581150114536285,0
0,0.09581150114536285,0
0,0.09581150114536285,0
0,0.09581150114536285,0
0,0.09581150114536285,0
0,0.09581150114536285,0
0,0.09581150114536285,0
0,0.09581150114536285,0
0,0.09581150114536285,0
0,0.09581150114536285,0
0,0.09581150114536285,0
0,0.09581150114536285,0
0,0.09581150114536285,0
0,0.09581150114536285,0
0,0.09581150114536285,0
0,0.09581150114536285,0
0,0.09581150114536285,0
0,0.09581150114536285,0
0,0.09581150114536285,0
0,0.09581150114536285,0
0,0.09581150114536285,0
0,0.09581150114536285,0
0,0.09581150114536285,0
0,0.09581150114536285,0
0,0.09581150114536285,0
0,0.09581150114536285,0
0,0.09581150114536285,0
0,0.09581150114536285,0
0,0.09581150114536285,0
0,0.09581150114536285,0
0,0.09581150114536285,0
0,0.09581150114536285,0
0,0.09581150114536285,0
0,0.09581150114536285,0
0,0.09581150114536285,0
0,0.09581150114536285,0
0,0.09581150114536285,0
0,0.09581150114536285,0
0,0.09581150114536285,0
0,0.09581150114536285,0
0,0.09581150114536285,0
0,0.09581150114536285,0
0,0.09581150114536285,0
0,0.09581150114536285,0
0,0.09581150114536285,0
0,0.09581150114536285,0
0,0.09581150114536285,0
0,0.09581150114536285,0
0,0.09581150114536285,0
0,0.09581150114536285,0
0,0.09581150114536285,0
0,0.09581150114536285,0
0,0.09581150114536285,0
0,0.09581150114536285,0
0,0.09581150114536285,0
0,0.09581150114536285,0
0,0.09581150114536285,0
0,0.09581150114536285,0
0,0.09581150114536285,0
0,0.09581150114536285,0
0,0.09581150114536285,0
0,0.09581150114536285,0
0,0.09581150114536285,0
0,0.09581150114536285,0
0,0.09581150114536285,0
0,0.09581150114536285,0
0,0.09581150114536285,0
0,0.09581150114536285,0
0,0.09581150114536285,0
0,0.09581150114536285,0
0,0.09581150114536285,0
0,0.09581150114536285,0
0,0.09581150114536285,0
0,0.09581150114536285,0
0,0.09581150114536285,0
0,0.09581150114536285,0
0,0.09581150114536285,0
0,0.09581150114536285,0
0,0.09581150114536285,0
0,0.09581150114536285,0
0,0.09581150114536285,0
0,0.09581150114536285,0
0,0.09581150114536285,0
0,0.09581150114536285,0
0,0.09581150114536285,0
0,0.09581150114536285,0
0,0.09581150114536285,0
0,0.09581150114536285,0
0,0.09581150114536285,0
0,0.09581150114536285,0
0,0.09581150114536285,0
0,0.09581150114536285,0
0,0.09581150114536285,0
0,0.09581150114536285,0
0,0.09581150114536285,0
0,0.09581150114536285,0
0,0.09581150114536285,0
0,0.09581150114536285,0
0,0.09581150114536285,0
0,0.09581150114536285,0
0,0.09581150114536285,0
0,0.09581150114536285,0
0,0.09581150114536285,0
0,0.09581150114536285,0
0,0.09581150114536285,0
0,0.09581150114536285,0
0,0.09581150114536285,0
0,0.09581150114536285,0
0,0.09581150114536285,0
0,0.09581150114536285,0
0,0.09581150114536285,0
0,0.09581150114536285,0
0,0.09581150114536285,0
0,0.09581150114536285,0
0,0.09581150114536285,0
0,0.09581150114536285,0
0,0.09581150114536285,0
0,0.09581150114536285,0
0,0.09581150114536285,0
0,0.09581150114536285,0
0,0.09581150114536285,0
0,0.09581150114536285,0
0,0.09581150114536285,0
0,0.09581150114536285,0
0,0.09581150114536285,0
0,0.09581150114536285,0
0,0.09581150114536285,0
0,0.09581150114536285,0
0,0.09581150114536285,0
0,0.09581150114536285,0
0,0.09581150114536285,0
0,0.09581150114536285,0
0,0.09581150114536285,0
0,0.09581150114536285,0
0,0.09581150114536285,0
0,0.09581150114536285,0
0,0.09581150114536285,0
0,0.09581150114536285,0
0,0.09581150114536285,0
0,0.09581150114536285,0
0,0.09581150114536285,0
0,0.09581150114536285,0
0,0.09581150114536285,0
0,0.09581150114536285,0
0,0.09581150114536285,0
0,0.09581150114536285,0
0,0.09581150114536285,0
0,0.09581150114536285,0
0,0.09581150114536285,0
0,0.09581150114536285,0
0,0.09581150114536285,0
0,0.09581150114536285,0
0,0.09581150114536285,0
0,0.09581150114536285,0
0,0.09581150114536285,0
0,0.09581150114536285,0
0,0.09581150114536285,0
0,0.09581150114536285,0
0,0.09581150114536285,0
0,0.09581150114536285,0
0,0.09581150114536285,0
0,0.09581150114536285,0
0,0.09581150114536285,0
0,0.09581150114536285,0
0,0.09581150114536285,0
0,0.09581150114536285,0
0,0.09581150114536285,0
0,0.09581150114536285,0
0,0.09581150114536285,0
0,0.09581150114536285,0
0,0.09581150114536285,0
0,0.09581150114536285,0
0,0.09581150114536285,0
0,0.09581150114536285,0
0,0.09581150114536285,0
0,0.09581150114536285,0
0,0.09581150114536285,0
0,0.09581150114536285,0
0,0.09581150114536285,0
0,0.09581150114536285,0
0,0.09581150114536285,0
0,0.09581150114536285,0
0,0.09581150114536285,0
0,0.09581150114536285,0
0,0.09581150114536285,0
0,0.09581150114536285,0
0,0.09581150114536285,0
0,0.09581150114536285,0
0,0.09581150114536285,0
0,0.09581150114536285,0
0,0.09581150114536285,0
0,0.09581150114536285,0
0,0.09581150114536285,0
0,0.09581150114536285,0
0,0.09581150114536285,0
0,0.09581150114536285,0
0,0.09581150114536285,0
0,0.09581150114536285,0
0,0.09581150114536285,0
0,0.09581150114536285,0
0,0.09581150114536285,0
0,0.09581150114536285,0
0,0.09581150114536285,0
0,0.09581150114536285,0
0,0.09581150114536285,0
0,0.09581150114536285,0
0,0.09581150114536285,0
0,0.09581150114536285,0
0,0.09581150114536285,0
0,0.09581150114536285,0
0,0.09581150114536285,0
0,0.09581150114536285,0
0,0.09581150114536285,0
0,0.09581150114536285,0
0,0.09581150114536285,0
0,0.09581150114536285,0
0,0.09581150114536285,0
0,0.09581150114536285,0
0,0.09581150114536285,0
0,0.09581150114536285,0
0,0.09581150114536285,0
0,0.09581150114536285,0
0,0.09581150114536285,0
0,0.09581150114536285,0
0,0.09581150114536285,0
0,0.09581150114536285,0
0,0.09581150114536285,0
0,0.09581150114536285,0
0,0.09581150114536285,0
0,0.09581150114536285,0
0,0.09581150114536285,0
0,0.09581150114536285,0
0,0.09581150114536285,0
0,0.09581150114536285,0
0,0.09581150114536285,0
0,0.09581150114536285,0
0,0.09581150114536285,0
0,0.09581150114536285,0
0,0.09581150114536285,0
0,0.09581150114536285,0
0,0.09581150114536285,0
0,0.09581150114536285,0
0,0.09581150114536285,0
0,0.09581150114536285,0
0,0.09581150114536285,0
0,0.09581150114536285,0
0,0.09581150114536285,0
0,0.09581150114536285,0
0,0.09581150114536285,0
0,0.09581150114536285,0
0,0.09581150114536285,0
0,0.09581150114536285,0
0,0.09581150114536285,0
0,0.09581150114536285,0
0,0.09581150114536285,0
0,0.09581150114536285,0
0,0.09581150114536285,0
0,0.09581150114536285,0
0,0.09581150114536285,0
0,0.09581150114536285,0
0,0.09581150114536285,0
0,0.09581150114536285,0
0,0.09581150114536285,0
0,0.09581150114536285,0
0,0.09581150114536285,0
0,0.09581150114536285,0
0,0.09581150114536285,0
0,0.09581150114536285,0
0,0.09581150114536285,0
0,0.09581150114536285,0
0,0.09581150114536285,0
0,0.09581150114536285,0
0,0.09581150114536285,0
0,0.09581150114536285,0
0,0.09581150114536285,0
0,0.09581150114536285,0
0,0.09581150114536285,0
0,0.09581150114536285,0
0,0.09581150114536285,0
0,0.09581150114536285,0
0,0.09581150114536285,0
0,0.09581150114536285,0
0,0.09581150114536285,0
0,0.09581150114536285,0
0,0.09581150114536285,0
0,0.09581150114536285,0
0,0.09581150114536285,0
0,0.09581150114536285,0
0,0.09581150114536285,0
0,0.09581150114536285,0
0,0.09581150114536285,0
0,0.09581150114536285,0
0,0.09581150114536285,0
0,0.09581150114536285,0
0,0.09581150114536285,0
0,0.09581150114536285,0
0,0.09581150114536285,0
0,0.09581150114536285,0
0,0.09581150114536285,0
0,0.09581150114536285,0
0,0.09581150114536285,0
0,0.09581150114536285,0
0,0.09581150114536285,0
0,0.09581150114536285,0
0,0.09581150114536285,0
0,0.09581150114536285,0
0,0.09581150114536285,0
0,0.09581150114536285,0
0,0.09581150114536285,0
0,0.09581150114536285,0
0,0.09581150114536285,0
0,0.09581150114536285,0
0,0.09581150114536285,0
0,0.09581150114536285,0
0,0.09581150114536285,0
0,0.09581150114536285,0
0,0.09581150114536285,0
0,0.09581150114536285,0
0,0.09581150114536285,0
0,0.09581150114536285,0
0,0.09581150114536285,0
0,0.09581150114536285,0
0,0.09581150114536285,0
0,0.09581150114536285,0
0,0.09581150114536285,0
0,0.09581150114536285,0
0,0.09581150114536285,0
0,0.09581150114536285,0
0,0.09581150114536285,0
0,0.09581150114536285,0
0,0.09581150114536285,0
0,0.09581150114536285,0
0,0.09581150114536285,0
0,0.09581150114536285,0
0,0.09581150114536285,0
0,0.09581150114536285,0
0,0.09581150114536285,0
0,0.09581150114536285,0
0,0.09581150114536285,0
0,0.09581150114536285,0
0,0.09581150114536285,0
0,0.09581150114536285,0
0,0.09581150114536285,0
0,0.09581150114536285,0
0,0.09581150114536285,0
0,0.09581150114536285,0
0,0.09581150114536285,0
0,0.09581150114536285,0
0,0.09581150114536285,0
0,0.09581150114536285,0
0,0.09581150114536285,0
0,0.09581150114536285,0
0,0.09581150114536285,0
0,0.09581150114536285,0
0,0.09581150114536285,0
0,0.09581150114536285,0
0,0.09581150114536285,0
0,0.09581150114536285,0
0,0.09581150114536285,0
0,0.09581150114536285,0
0,0.09581150114536285,0
0,0.09581150114536285,0
0,0.09581150114536285,0
0,0.09581150114536285,0
0,0.09581150114536285,0
0,0.09581150114536285,0
1,0.09581150114536285,0
1,0.8923224210739136,0
1,0.981092631816864,1
1,0.9951452612876892,1
0,0.9975383281707764,1
0,0.961729884147644,0
0,0.942573070526123,0
0,0.8941049575805664,0
0,0.8744238615036011,0
0,0.8507870435714722,0
0,0.8156508803367615,0
0,0.7756418585777283,0
0,0.7521151304244995,0
0,0.7438809871673584,0
0,0.7287083864212036,0
0,0.6997513175010681,0
0,0.6747884154319763,0
0,0.6947636008262634,0
0,0.7340033054351807,0
0,0.7579355239868164,0
0,0.7603940367698669,0
0,0.7519252300262451,0
0,0.735304594039917,0
0,0.7118744850158691,0
0,0.7156140804290771,0
0,0.7365089654922485,0
0,0.736833393573761,0
0,0.7225140929222107,0
0,0.7015150189399719,0
0,0.6747612357139587,0
0,0.6449623703956604,0
0,0.5560351610183716,0
0,0.5501806735992432,0
0,0.5379312634468079,0
0,0.5066333413124084,0
0,0.09581150114536285,0
0,0.09581150114536285,0
0,0.09581150114536285,0
0,0.09581150114536285,0
0,0.09581150114536285,0
0,0.09581150114536285,0
0,0.09581150114536285,0
0,0.09581150114536285,0
0,0.09581150114536285,0
0,0.09581150114536285,0
0,0.09581150114536285,0
0,0.09581150114536285,0
0,0.09581150114536285,0
0,0.09581150114536285,0
0,0.09581150114536285,0
0,0.09581150114536285,0
0,0.09581150114536285,0
0,0.09581150114536285,0
0,0.09581150114536285,0
0,0.09581150114536285,0
0,0.09581150114536285,0
0,0.09581150114536285,0
0,0.09581150114536285,0
0,0.09581150114536285,0
0,0.09581150114536285,0
0,0.09581150114536285,0
0,0.09581150114536285,0
0,0.09581150114536285,0
0,0.09581150114536285,0
0,0.09581150114536285,0
0,0.09581150114536285,0
0,0.09581150114536285,0
0,0.09581150114536285,0
0,0.09581150114536285,0
0,0.09581150114536285,0
0,0.09581150114536285,0
0,0.09581150114536285,0
0,0.09581150114536285,0
0,0.09581150114536285,0
0,0.09581150114536285,0
0,0.09581150114536285,0
0,0.09581150114536285,0
0,0.09581150114536285,0
0,0.09581150114536285,0
0,0.09581150114536285,0
0,0.09581150114536285,0
0,0.09581150114536285,0
0,0.09581150114536285,0
0,0.09581150114536285,0
0,0.09581150114536285,0
0,0.09581150114536285,0
0,0.09581150114536285,0
0,0.09581150114536285,0
0,0.09581150114536285,0
0,0.09581150114536285,0
0,0.09581150114536285,0
0,0.09581150114536285,0
0,0.09581150114536285,0
0,0.09581150114536285,0
0,0.09581150114536285,0
0,0.09581150114536285,0
0,0.09581150114536285,0
0,0.09581150114536285,0
0,0.09581150114536285,0
0,0.09581150114536285,0
0,0.09581150114536285,0
0,0.09581150114536285,0
0,0.09581150114536285,0
0,0.09581150114536285,0
0,0.09581150114536285,0
0,0.09581150114536285,0
0,0.09581150114536285,0
0,0.09581150114536285,0
0,0.09581150114536285,0
0,0.09581150114536285,0
0,0.09581150114536285,0
0,0.09581150114536285,0
0,0.09581150114536285,0
0,0.09581150114536285,0
0,0.09581150114536285,0
0,0.09581150114536285,0
0,0.09581150114536285,0
0,0.09581150114536285,0
0,0.09581150114536285,0
0,0.09581150114536285,0
0,0.09581150114536285,0
0,0.09581150114536285,0
0,0.09581150114536285,0
0,0.09581150114536285,0
0,0.09581150114536285,0
0,0.09581150114536285,0
0,0.09581150114536285,0
0,0.09581150114536285,0
0,0.09581150114536285,0
0,0.09581150114536285,0
0,0.09581150114536285,0
0,0.09581150114536285,0
0,0.09581150114536285,0
0,0.09581150114536285,0
0,0.09581150114536285,0
0,0.09581150114536285,0
0,0.09581150114536285,0
0,0.09581150114536285,0
0,0.09581150114536285,0
0,0.09581150114536285,0
0,0.09581150114536285,0
0,0.09581150114536285,0
0,0.09581150114536285,0
0,0.09581150114536285,0
0,0.09581150114536285,0
0,0.09581150114536285,0
0,0.09581150114536285,0
0,0.09581150114536285,0
0,0.09581150114536285,0
0,0.09581150114536285,0
0,0.09581150114536285,0
0,0.09581150114536285,0
0,0.09581150114536285,0
0,0.09581150114536285,0
0,0.09581150114536285,0
0,0.09581150114536285,0
0,0.09581150114536285,0
0,0.09581150114536285,0
0,0.09581150114536285,0
0,0.09581150114536285,0
0,0.09581150114536285,0
0,0.09581150114536285,0
0,0.09581150114536285,0
0,0.09581150114536285,0
0,0.09581150114536285,0
0,0.09581150114536285,0
0,0.09581150114536285,0
0,0.09581150114536285,0
0,0.09581150114536285,0
0,0.09581150114536285,0
0,0.09581150114536285,0
0,0.09581150114536285,0
0,0.09581150114536285,0
0,0.09581150114536285,0
0,0.09581150114536285,0
0,0.09581150114536285,0
0,0.09581150114536285,0
0,0.09581150114536285,0
0,0.09581150114536285,0
0,0.09581150114536285,0
0,0.09581150114536285,0
0,0.09581150114536285,0
0,0.09581150114536285,0
0,0.09581150114536285,0
0,0.09581150114536285,0
0,0.09581150114536285,0
0,0.09581150114536285,0
0,0.09581150114536285,0
0,0.09581150114536285,0
0,0.09581150114536285,0
0,0.09581150114536285,0
0,0.09581150114536285,0
0,0.09581150114536285,0
0,0.09581150114536285,0
0,0.09581150114536285,0
0,0.09581150114536285,0
0,0.09581150114536285,0
0,0.09581150114536285,0
0,0.09581150114536285,0
0,0.09581150114536285,0
0,0.09581150114536285,0
0,0.09581150114536285,0
0,0.09581150114536285,0
0,0.09581150114536285,0
0,0.09581150114536285,0
0,0.09581150114536285,0
0,0.09581150114536285,0
0,0.09581150114536285,0
0,0.09581150114536285,0
0,0.09581150114536285,0
0,0.09581150114536285,0
0,0.09581150114536285,0
0,0.09581150114536285,0
0,0.09581150114536285,0
0,0.09581150114536285,0
0,0.09581150114536285,0
0,0.09581150114536285,0
0,0.09581150114536285,0
0,0.09581150114536285,0
0,0.09581150114536285,0
0,0.09581150114536285,0
0,0.09581150114536285,0
0,0.09581150114536285,0
0,0.09581150114536285,0
0,0.09581150114536285,0
0,0.09581150114536285,0
0,0.09581150114536285,0
0,0.09581150114536285,0
0,0.09581150114536285,0
0,0.09581150114536285,0
0,0.09581150114536285,0
0,0.09581150114536285,0
0,0.09581150114536285,0
0,0.09581150114536285,0
0,0.09581150114536285,0
0,0.09581150114536285,0
0,0.09581150114536285,0
0,0.09581150114536285,0
0,0.8108029365539551,0
0,0.6471360921859741,0
0,0.5066333413124084,0
0,0.09581150114536285,0
0,0.09581150114536285,0
0,0.09581150114536285,0
0,0.09581150114536285,0
0,0.09581150114536285,0
0,0.09581150114536285,0
0,0.09581150114536285,0
0,0.09581150114536285,0
0,0.09581150114536285,0
0,0.09581150114536285,0
0,0.09581150114536285,0
0,0.09581150114536285,0
0,0.09581150114536285,0
0,0.09581150114536285,0
0,0.09581150114536285,0
0,0.09581150114536285,0
0,0.09581150114536285,0
0,0.09581150114536285,0
0,0.09581150114536285,0
0,0.09581150114536285,0
0,0.09581150114536285,0
0,0.09581150114536285,0
0,0.09581150114536285,0
0,0.09581150114536285,0
0,0.09581150114536285,0
0,0.09581150114536285,0
0,0.09581150114536285,0
0,0.09581150114536285,0
0,0.09581150114536285,0
0,0.09581150114536285,0
0,0.09581150114536285,0
0,0.09581150114536285,0
0,0.09581150114536285,0
0,0.09581150114536285,0
0,0.09581150114536285,0
0,0.09581150114536285,0
0,0.09581150114536285,0
0,0.09581150114536285,0
0,0.09581150114536285,0
0,0.09581150114536285,0
0,0.09581150114536285,0
0,0.09581150114536285,0
0,0.09581150114536285,0
0,0.09581150114536285,0
0,0.09581150114536285,0
0,0.09581150114536285,0
0,0.09581150114536285,0
0,0.09581150114536285,0
0,0.09581150114536285,0
0,0.09581150114536285,0
0,0.09581150114536285,0
0,0.09581150114536285,0
0,0.09581150114536285,0
0,0.09581150114536285,0
0,0.09581150114536285,0
0,0.09581150114536285,0
0,0.09581150114536285,0
0,0.09581150114536285,0
0,0.09581150114536285,0
0,0.09581150114536285,0
0,0.09581150114536285,0
0,0.09581150114536285,0
0,0.09581150114536285,0
0,0.09581150114536285,0
0,0.09581150114536285,0
0,0.09581150114536285,0
0,0.09581150114536285,0
0,0.09581150114536285,0
0,0.09581150114536285,0
0,0.09581150114536285,0
0,0.09581150114536285,0
0,0.09581150114536285,0
0,0.09581150114536285,0
0,0.09581150114536285,0
0,0.09581150114536285,0
0,0.09581150114536285,0
0,0.09581150114536285,0
0,0.09581150114536285,0
0,0.09581150114536285,0
0,0.09581150114536285,0
0,0.09581150114536285,0
0,0.09581150114536285,0
0,0.09581150114536285,0
0,0.09581150114536285,0
0,0.09581150114536285,0
0,0.09581150114536285,0
0,0.09581150114536285,0
0,0.09581150114536285,0
0,0.09581150114536285,0
0,0.09581150114536285,0
0,0.09581150114536285,0
0,0.09581150114536285,0
0,0.09581150114536285,0
0,0.09581150114536285,0
0,0.09581150114536285,0
0,0.09581150114536285,0
0,0.09581150114536285,0
0,0.09581150114536285,0
0,0.09581150114536285,0
0,0.09581150114536285,0
0,0.09581150114536285,0
0,0.09581150114536285,0
0,0.09581150114536285,0
0,0.09581150114536285,0
0,0.09581150114536285,0
0,0.09581150114536285,0
0,0.09581150114536285,0
0,0.09581150114536285,0
0,0.09581150114536285,0
0,0.09581150114536285,0
0,0.09581150114536285,0
0,0.09581150114536285,0
0,0.09581150114536285,0
0,0.09581150114536285,0
0,0.09581150114536285,0
0,0.09581150114536285,0
0,0.09581150114536285,0
0,0.09581150114536285,0
0,0.09581150114536285,0
0,0.09581150114536285,0
0,0.09581150114536285,0
0,0.09581150114536285,0
0,0.09581150114536285,0
0,0.09581150114536285,0
0,0.09581150114536285,0
0,0.09581150114536285,0
0,0.09581150114536285,0
0,0.09581150114536285,0
0,0.09581150114536285,0
0,0.09581150114536285,0
0,0.09581150114536285,0
0,0.09581150114536285,0
0,0.09581150114536285,0
0,0.09581150114536285,0
0,0.09581150114536285,0
0,0.09581150114536285,0
0,0.09581150114536285,0
0,0.09581150114536285,0
0,0.09581150114536285,0
0,0.09581150114536285,0
0,0.09581150114536285,0
0,0.09581150114536285,0
0,0.09581150114536285,0
0,0.09581150114536285,0
0,0.09581150114536285,0
0,0.09581150114536285,0
0,0.09581150114536285,0
0,0.09581150114536285,0
0,0.09581150114536285,0
0,0.09581150114536285,0
0,0.09581150114536285,0
0,0.09581150114536285,0
0,0.09581150114536285,0
0,0.09581150114536285,0
0,0.09581150114536285,0
0,0.09581150114536285,0
0,0.09581150114536285,0
0,0.09581150114536285,0
0,0.09581150114536285,0
0,0.09581150114536285,0
0,0.09581150114536285,0
0,0.09581150114536285,0
0,0.09581150114536285,0
0,0.09581150114536285,0
0,0.09581150114536285,0
0,0.09581150114536285,0
0,0.09581150114536285,0
0,0.09581150114536285,0
0,0.09581150114536285,0
0,0.09581150114536285,0
0,0.09581150114536285,0
0,0.09581150114536285,0
0,0.09581150114536285,0
0,0.09581150114536285,0
0,0.09581150114536285,0
0,0.09581150114536285,0
0,0.09581150114536285,0
0,0.09581150114536285,0
0,0.09581150114536285,0
0,0.09581150114536285,0
0,0.09581150114536285,0
0,0.09581150114536285,0
0,0.09581150114536285,0
0,0.09581150114536285,0
0,0.09581150114536285,0
0,0.09581150114536285,0
0,0.09581150114536285,0
0,0.09581150114536285,0
0,0.09581150114536285,0
0,0.09581150114536285,0
0,0.09581150114536285,0
0,0.09581150114536285,0
0,0.09581150114536285,0
0,0.09581150114536285,0
0,0.09581150114536285,0
0,0.09581150114536285,0
0,0.09581150114536285,0
0,0.09581150114536285,0
0,0.09581150114536285,0
0,0.09581150114536285,0
0,0.09581150114536285,0
0,0.09581150114536285,0
0,0.09581150114536285,0
0,0.09581150114536285,0
0,0.09581150114536285,0
0,0.09581150114536285,0
0,0.09581150114536285,0
0,0.09581150114536285,0
0,0.09581150114536285,0
0,0.09581150114536285,0
0,0.09581150114536285,0
0,0.09581150114536285,0
0,0.09581150114536285,0
0,0.09581150114536285,0
0,0.09581150114536285,0
0,0.09581150114536285,0
0,0.09581150114536285,0
0,0.09581150114536285,0
0,0.09581150114536285,0
0,0.09581150114536285,0
0,0.09581150114536285,0
0,0.09581150114536285,0
0,0.09581150114536285,0
0,0.09581150114536285,0
0,0.09581150114536285,0
0,0.09581150114536285,0
0,0.09581150114536285,0
0,0.09581150114536285,0
0,0.09581150114536285,0
0,0.09581150114536285,0
0,0.09581150114536285,0
0,0.09581150114536285,0
0,0.09581150114536285,0
0,0.09581150114536285,0
0,0.09581150114536285,0
0,0.09581150114536285,0
0,0.09581150114536285,0
0,0.09581150114536285,0
0,0.09581150114536285,0
0,0.09581150114536285,0
0,0.09581150114536285,0
0,0.09581150114536285,0
0,0.09581150114536285,0
0,0.09581150114536285,0
0,0.09581150114536285,0
0,0.09581150114536285,0
0,0.09581150114536285,0
0,0.09581150114536285,0
0,0.09581150114536285,0
0,0.09581150114536285,0
0,0.09581150114536285,0
0,0.09581150114536285,0
0,0.09581150114536285,0
0,0.09581150114536285,0
0,0.09581150114536285,0
0,0.09581150114536285,0
0,0.09581150114536285,0
0,0.09581150114536285,0
0,0.09581150114536285,0
0,0.09581150114536285,0
0,0.09581150114536285,0
0,0.09581150114536285,0
0,0.09581150114536285,0
0,0.09581150114536285,0
0,0.09581150114536285,0
0,0.09581150114536285,0
0,0.09581150114536285,0
0,0.09581150114536285,0
0,0.09581150114536285,0
0,0.09581150114536285,0
0,0.09581150114536285,0
0,0.09581150114536285,0
0,0.09581150114536285,0
0,0.09581150114536285,0
0,0.09581150114536285,0
0,0.09581150114536285,0
0,0.09581150114536285,0
0,0.09581150114536285,0
0,0.09581150114536285,0
0,0.09581150114536285,0
0,0.09581150114536285,0
0,0.09581150114536285,0
0,0.09581150114536285,0
0,0.09581150114536285,0
0,0.09581150114536285,0
0,0.09581150114536285,0
0,0.09581150114536285,0
0,0.09581150114536285,0
0,0.09581150114536285,0
0,0.09581150114536285,0
0,0.09581150114536285,0
0,0.09581150114536285,0
0,0.09581150114536285,0
0,0.09581150114536285,0
0,0.09581150114536285,0
0,0.09581150114536285,0
0,0.09581150114536285,0
0,0.09581150114536285,0
0,0.09581150114536285,0
0,0.09581150114536285,0
0,0.09581150114536285,0
0,0.09581150114536285,0
0,0.09581150114536285,0
0,0.09581150114536285,0
0,0.09581150114536285,0
0,0.09581150114536285,0
0,0.09581150114536285,0
0,0.09581150114536285,0
0,0.09581150114536285,0
0,0.09581150114536285,0
0,0.09581150114536285,0
0,0.09581150114536285,0
0,0.09581150114536285,0
0,0.09581150114536285,0
0,0.09581150114536285,0
0,0.09581150114536285,0
0,0.09581150114536285,0
0,0.09581150114536285,0
0,0.09581150114536285,0
0,0.09581150114536285,0
0,0.09581150114536285,0
0,0.09581150114536285,0
0,0.09581150114536285,0
0,0.09581150114536285,0
0,0.09581150114536285,0
0,0.09581150114536285,0
0,0.09581150114536285,0
0,0.09581150114536285,0
0,0.09581150114536285,0
0,0.09581150114536285,0
0,0.09581150114536285,0
0,0.09581150114536285,0
0,0.09581150114536285,0
0,0.09581150114536285,0
0,0.09581150114536285,0
0,0.09581150114536285,0
0,0.09581150114536285,0
0,0.09581150114536285,0
0,0.09581150114536285,0
0,0.09581150114536285,0
0,0.09581150114536285,0
0,0.09581150114536285,0
0,0.09581150114536285,0
0,0.09581150114536285,0
0,0.09581150114536285,0
0,0.09581150114536285,0
0,0.09581150114536285,0
0,0.09581150114536285,0
0,0.09581150114536285,0
0,0.09581150114536285,0
0,0.09581150114536285,0
0,0.09581150114536285,0
0,0.09581150114536285,0
0,0.09581150114536285,0
0,0.09581150114536285,0
0,0.09581150114536285,0
0,0.09581150114536285,0
0,0.09581150114536285,0
0,0.09581150114536285,0
0,0.09581150114536285,0
0,0.09581150114536285,0
0,0.09581150114536285,0
0,0.09581150114536285,0
0,0.09581150114536285,0
0,0.09581150114536285,0
0,0.09581150114536285,0
0,0.09581150114536285,0
0,0.09581150114536285,0
0,0.09581150114536285,0
0,0.09581150114536285,0
0,0.09581150114536285,0
0,0.09581150114536285,0
0,0.09581150114536285,0
0,0.09581150114536285,0
0,0.09581150114536285,0
0,0.09581150114536285,0
0,0.09581150114536285,0
0,0.09581150114536285,0
0,0.09581150114536285,0
0,0.09581150114536285,0
0,0.09581150114536285,0
0,0.09581150114536285,0
0,0.09581150114536285,0
0,0.09581150114536285,0
0,0.09581150114536285,0
0,0.09581150114536285,0
0,0.09581150114536285,0
0,0.09581150114536285,0
0,0.09581150114536285,0
0,0.09581150114536285,0
0,0.09581150114536285,0
0,0.09581150114536285,0
0,0.09581150114536285,0
0,0.09581150114536285,0
0,0.09581150114536285,0
0,0.09581150114536285,0
0,0.09581150114536285,0
0,0.09581150114536285,0
0,0.09581150114536285,0
0,0.09581150114536285,0
0,0.09581150114536285,0
0,0.09581150114536285,0
0,0.09581150114536285,0
0,0.09581150114536285,0
0,0.09581150114536285,0
0,0.09581150114536285,0
0,0.09581150114536285,0
0,0.09581150114536285,0
0,0.09581150114536285,0
0,0.09581150114536285,0
0,0.09581150114536285,0
0,0.09581150114536285,0
0,0.09581150114536285,0
0,0.09581150114536285,0
0,0.09581150114536285,0
0,0.09581150114536285,0
0,0.09581150114536285,0
0,0.09581150114536285,0
0,0.09581150114536285,0
0,0.09581150114536285,0
0,0.09581150114536285,0
0,0.09581150114536285,0
0,0.09581150114536285,0
0,0.09581150114536285,0
0,0.09581150114536285,0
0,0.09581150114536285,0
0,0.09581150114536285,0
0,0.09581150114536285,0
0,0.09581150114536285,0
0,0.09581150114536285,0
0,0.09581150114536285,0
0,0.09581150114536285,0
0,0.09581150114536285,0
0,0.09581150114536285,0
0,0.09581150114536285,0
0,0.09581150114536285,0
0,0.09581150114536285,0
0,0.09581150114536285,0
0,0.09581150114536285,0
0,0.09581150114536285,0
0,0.09581150114536285,0
0,0.09581150114536285,0
0,0.09581150114536285,0
0,0.09581150114536285,0
0,0.09581150114536285,0
0,0.09581150114536285,0
0,0.09581150114536285,0
0,0.09581150114536285,0
0,0.09581150114536285,0
0,0.09581150114536285,0
0,0.09581150114536285,0
0,0.09581150114536285,0
0,0.09581150114536285,0
0,0.09581150114536285,0
0,0.09581150114536285,0
0,0.09581150114536285,0
0,0.09581150114536285,0
0,0.09581150114536285,0
0,0.09581150114536285,0
0,0.09581150114536285,0
0,0.09581150114536285,0
0,0.09581150114536285,0
0,0.09581150114536285,0
0,0.09581150114536285,0
0,0.09581150114536285,0
0,0.09581150114536285,0
0,0.09581150114536285,0
0,0.09581150114536285,0
0,0.09581150114536285,0
0,0.09581150114536285,0
0,0.09581150114536285,0
0,0.09581150114536285,0
0,0.09581150114536285,0
0,0.09581150114536285,0
0,0.09581150114536285,0
0,0.09581150114536285,0
0,0.09581150114536285,0
0,0.09581150114536285,0
1,0.09581150114536285,0
0,0.8923224210739136,0
0,0.8895574808120728,0
0,0.883767306804657,0
0,0.8632813096046448,0
0,0.8468464016914368,0
0,0.8307079672813416,0
0,0.8125883340835571,0
0,0.7851958274841309,0
0,0.7540867328643799,0
0,0.7434166669845581,0
0,0.7469439506530762,0
0,0.7541808485984802,0
0,0.7545438408851624,0
0,0.7282616496086121,0
0,0.6804725527763367,0
0,0.6562877893447876,0
0,0.6852715611457825,0
0,0.7351422905921936,0
0,0.7442667484283447,0
0,0.7101284265518188,0
0,0.6404545903205872,0
0,0.5794359445571899,0
0,0.5981054902076721,0
0,0.6770144104957581,0
0,0.7196396589279175,0
0,0.7175034880638123,0
0,0.6955389380455017,0
0,0.670813798904419,0
0,0.6545332670211792,0
0,0.6471360921859741,0
0,0.5066333413124084,0
0,0.09581150114536285,0
0,0.09581150114536285,0
0,0.09581150114536285,0
0,0.09581150114536285,0
0,0.09581150114536285,0
0,0.09581150114536285,0
0,0.09581150114536285,0
0,0.09581150114536285,0
0,0.09581150114536285,0
0,0.09581150114536285,0
0,0.09581150114536285,0
0,0.09581150114536285,0
0,0.09581150114536285,0
0,0.09581150114536285,0
0,0.09581150114536285,0
0,0.09581150114536285,0
0,0.09581150114536285,0
0,0.09581150114536285,0
0,0.09581150114536285,0
0,0.09581150114536285,0
0,0.09581150114536285,0
0,0.09581150114536285,0
0,0.09581150114536285,0
0,0.09581150114536285,0
0,0.09581150114536285,0
0,0.09581150114536285,0
0,0.09581150114536285,0
0,0.09581150114536285,0
0,0.09581150114536285,0
0,0.09581150114536285,0
0,0.09581150114536285,0
0,0.09581150114536285,0
0,0.09581150114536285,0
0,0.09581150114536285,0
0,0.09581150114536285,0
0,0.09581150114536285,0
0,0.09581150114536285,0
0,0.09581150114536285,0
0,0.09581150114536285,0
0,0.09581150114536285,0
0,0.09581150114536285,0
0,0.09581150114536285,0
0,0.09581150114536285,0
0,0.09581150114536285,0
0,0.09581150114536285,0
0,0.09581150114536285,0
0,0.09581150114536285,0
0,0.09581150114536285,0
0,0.09581150114536285,0
0,0.09581150114536285,0
0,0.09581150114536285,0
0,0.09581150114536285,0
0,0.09581150114536285,0
0,0.09581150114536285,0
0,0.09581150114536285,0
0,0.09581150114536285,0
0,0.09581150114536285,0
0,0.09581150114536285,0
0,0.09581150114536285,0
0,0.09581150114536285,0
0,0.09581150114536285,0
0,0.09581150114536285,0
0,0.09581150114536285,0
0,0.09581150114536285,0
0,0.09581150114536285,0
0,0.09581150114536285,0
0,0.09581150114536285,0
0,0.09581150114536285,0
0,0.09581150114536285,0
0,0.09581150114536285,0
0,0.09581150114536285,0
0,0.09581150114536285,0
0,0.09581150114536285,0
0,0.09581150114536285,0
0,0.09581150114536285,0
0,0.09581150114536285,0
0,0.09581150114536285,0
0,0.09581150114536285,0
0,0.09581150114536285,0
0,0.09581150114536285,0
0,0.09581150114536285,0
0,0.09581150114536285,0
0,0.09581150114536285,0
0,0.09581150114536285,0
0,0.09581150114536285,0
0,0.09581150114536285,0
0,0.09581150114536285,0
0,0.09581150114536285,0
0,0.09581150114536285,0
0,0.09581150114536285,0
0,0.09581150114536285,0
0,0.09581150114536285,0
0,0.09581150114536285,0
0,0.09581150114536285,0
0,0.09581150114536285,0
0,0.09581150114536285,0
0,0.09581150114536285,0
1,0.09581150114536285,0
0,0.8923224210739136,0
0,0.8895574808120728,0
0,0.883767306804657,0
0,0.8632813096046448,0
0,0.8468464016914368,0
0,0.8307079672813416,0
0,0.8125883340835571,0
0,0.7851958274841309,0
0,0.7540867328643799,0
0,0.7434166669845581,0
0,0.7469439506530762,0
0,0.7541808485984802,0
0,0.7545438408851624,0
0,0.7282616496086121,0
0,0.6804725527763367,0
0,0.6562877893447876,0
0,0.6852715611457825,0
0,0.7351422905921936,0
0,0.7442667484283447,0
0,0.7101284265518188,0
0,0.6404545903205872,0
0,0.5794359445571899,0
0,0.5981054902076721,0
0,0.6770144104957581,0
0,0.7196396589279175,0
0,0.7175034880638123,0
0,0.6955389380455017,0
0,0.670813798904419,0
0,0.6545332670211792,0
0,0.6471360921859741,0
0,0.5066333413124084,0
0,0.09581150114536285,0
0,0.09581150114536285,0
0,0.09581150114536285,0
0,0.09581150114536285,0
0,0.09581150114536285,0
0,0.09581150114536285,0
0,0.09581150114536285,0
0,0.09581150114536285,0
0,0.09581150114536285,0
0,0.09581150114536285,0
0,0.09581150114536285,0
0,0.09581150114536285,0
1,0.09581150114536285,0
0,0.8923224210739136,0
0,0.8895574808120728,0
0,0.883767306804657,0
0,0.8632813096046448,0
0,0.8468464016914368,0
0,0.8307079672813416,0
0,0.8125883340835571,0
0,0.7851958274841309,0
0,0.7540867328643799,0
0,0.7434166669845581,0
0,0.7469439506530762,0
0,0.7541808485984802,0
0,0.7545438408851624,0
0,0.7282616496086121,0
0,0.6804725527763367,0
0,0.6562877893447876,0
0,0.6852715611457825,0
0,0.7351422905921936,0
0,0.7442667484283447,0
0,0.7101284265518188,0
0,0.6404545903205872,0
0,0.5794359445571899,0
0,0.5981054902076721,0
0,0.6770144104957581,0
0,0.7196396589279175,0
0,0.7175034880638123,0
0,0.6955389380455017,0
0,0.670813798904419,0
0,0.6545332670211792,0
0,0.6471360921859741,0
0,0.5066333413124084,0
0,0.09581150114536285,0
0,0.09581150114536285,0
0,0.09581150114536285,0
0,0.09581150114536285,0
0,0.09581150114536285,0
0,0.09581150114536285,0
0,0.09581150114536285,0
0,0.09581150114536285,0
0,0.09581150114536285,0
0,0.09581150114536285,0
0,0.09581150114536285,0
0,0.09581150114536285,0
0,0.09581150114536285,0
0,0.09581150114536285,0
0,0.09581150114536285,0
0,0.09581150114536285,0
0,0.09581150114536285,0
0,0.09581150114536285,0
0,0.09581150114536285,0
0,0.09581150114536285,0
0,0.09581150114536285,0
0,0.09581150114536285,0
0,0.09581150114536285,0
0,0.09581150114536285,0
0,0.09581150114536285,0
0,0.09581150114536285,0
0,0.09581150114536285,0
0,0.09581150114536285,0
0,0.09581150114536285,0
0,0.09581150114536285,0
0,0.09581150114536285,0
0,0.09581150114536285,0
0,0.09581150114536285,0
0,0.09581150114536285,0
0,0.09581150114536285,0
0,0.09581150114536285,0
0,0.09581150114536285,0
0,0.09581150114536285,0
0,0.09581150114536285,0
0,0.09581150114536285,0
0,0.09581150114536285,0
0,0.09581150114536285,0
0,0.09581150114536285,0
0,0.09581150114536285,0
0,0.09581150114536285,0
0,0.09581150114536285,0
0,0.09581150114536285,0
0,0.09581150114536285,0
0,0.09581150114536285,0
0,0.09581150114536285,0
0,0.09581150114536285,0
0,0.09581150114536285,0
0,0.09581150114536285,0
0,0.09581150114536285,0
0,0.09581150114536285,0
0,0.09581150114536285,0
0,0.09581150114536285,0
0,0.09581150114536285,0
0,0.09581150114536285,0
0,0.09581150114536285,0
0,0.09581150114536285,0
0,0.09581150114536285,0
0,0.09581150114536285,0
0,0.09581150114536285,0
0,0.09581150114536285,0
0,0.09581150114536285,0
0,0.09581150114536285,0
0,0.09581150114536285,0
0,0.09581150114536285,0
0,0.09581150114536285,0
0,0.09581150114536285,0
0,0.09581150114536285,0
0,0.09581150114536285,0
0,0.09581150114536285,0
0,0.09581150114536285,0
0,0.09581150114536285,0
0,0.09581150114536285,0
0,0.09581150114536285,0
0,0.09581150114536285,0
0,0.09581150114536285,0
0,0.09581150114536285,0
0,0.09581150114536285,0
0,0.09581150114536285,0
0,0.09581150114536285,0
0,0.09581150114536285,0
0,0.09581150114536285,0
0,0.09581150114536285,0
0,0.09581150114536285,0
0,0.09581150114536285,0
0,0.09581150114536285,0
0,0.09581150114536285,0
0,0.09581150114536285,0
0,0.09581150114536285,0
0,0.09581150114536285,0
0,0.09581150114536285,0
0,0.09581150114536285,0
0,0.09581150114536285,0
0,0.09581150114536285,0
0,0.09581150114536285,0
0,0.09581150114536285,0
0,0.09581150114536285,0
0,0.09581150114536285,0
0,0.09581150114536285,0
0,0.09581150114536285,0
0,0.09581150114536285,0
0,0.09581150114536285,0
0,0.09581150114536285,0
0,0.09581150114536285,0
0,0.09581150114536285,0
0,0.09581150114536285,0
0,0.09581150114536285,0
0,0.09581150114536285,0
0,0.09581150114536285,0
0,0.09581150114536285,0
0,0.09581150114536285,0
0,0.09581150114536285,0
0,0.09581150114536285,0
0,0.09581150114536285,0
0,0.09581150114536285,0
0,0.09581150114536285,0
0,0.09581150114536285,0
0,0.09581150114536285,0
0,0.09581150114536285,0
0,0.09581150114536285,0
0,0.09581150114536285,0
0,0.09581150114536285,0
0,0.09581150114536285,0
0,0.09581150114536285,0
0,0.09581150114536285,0
0,0.09581150114536285,0
0,0.09581150114536285,0
0,0.09581150114536285,0
0,0.09581150114536285,0
0,0.09581150114536285,0
0,0.09581150114536285,0
0,0.09581150114536285,0
0,0.09581150114536285,0
0,0.09581150114536285,0
0,0.09581150114536285,0
0,0.09581150114536285,0
0,0.09581150114536285,0
0,0.09581150114536285,0
0,0.09581150114536285,0
0,0.09581150114536285,0
0,0.09581150114536285,0
0,0.09581150114536285,0
0,0.09581150114536285,0
0,0.09581150114536285,0
0,0.09581150114536285,0
0,0.09581150114536285,0
0,0.09581150114536285,0
0,0.09581150114536285,0
0,0.09581150114536285,0
0,0.09581150114536285,0
0,0.09581150114536285,0
0,0.09581150114536285,0
0,0.09581150114536285,0
0,0.09581150114536285,0
0,0.09581150114536285,0
0,0.09581150114536285,0
0,0.09581150114536285,0
0,0.09581150114536285,0
0,0.09581150114536285,0
0,0.09581150114536285,0
0,0.09581150114536285,0
0,0.09581150114536285,0
0,0.09581150114536285,0
0,0.09581150114536285,0
0,0.09581150114536285,0
0,0.09581150114536285,0
0,0.09581150114536285,0
0,0.09581150114536285,0
0,0.09581150114536285,0
0,0.09581150114536285,0
0,0.09581150114536285,0
0,0.09581150114536285,0
0,0.09581150114536285,0
0,0.09581150114536285,0
0,0.09581150114536285,0
0,0.09581150114536285,0
0,0.09581150114536285,0
0,0.09581150114536285,0
0,0.09581150114536285,0
0,0.09581150114536285,0
0,0.09581150114536285,0
0,0.09581150114536285,0
0,0.09581150114536285,0
0,0.09581150114536285,0
0,0.09581150114536285,0
0,0.09581150114536285,0
0,0.09581150114536285,0
0,0.09581150114536285,0
0,0.09581150114536285,0
0,0.09581150114536285,0
0,0.09581150114536285,0
0,0.09581150114536285,0
0,0.09581150114536285,0
0,0.09581150114536285,0
0,0.09581150114536285,0
0,0.09581150114536285,0
0,0.09581150114536285,0
0,0.09581150114536285,0
0,0.09581150114536285,0
0,0.09581150114536285,0
0,0.09581150114536285,0
0,0.09581150114536285,0
0,0.09581150114536285,0
0,0.09581150114536285,0
0,0.09581150114536285,0
0,0.09581150114536285,0
0,0.09581150114536285,0
0,0.09581150114536285,0
0,0.09581150114536285,0
0,0.09581150114536285,0
0,0.09581150114536285,0
0,0.09581150114536285,0
0,0.09581150114536285,0
0,0.09581150114536285,0
0,0.09581150114536285,0
0,0.09581150114536285,0
0,0.09581150114536285,0
0,0.09581150114536285,0
0,0.09581150114536285,0
0,0.09581150114536285,0
0,0.09581150114536285,0
0,0.09581150114536285,0
0,0.09581150114536285,0
0,0.09581150114536285,0
0,0.09581150114536285,0
0,0.09581150114536285,0
0,0.09581150114536285,0
0,0.09581150114536285,0
0,0.09581150114536285,0
0,0.09581150114536285,0
0,0.09581150114536285,0
0,0.09581150114536285,0
0,0.09581150114536285,0
0,0.09581150114536285,0
0,0.09581150114536285,0
0,0.09581150114536285,0
0,0.09581150114536285,0
0,0.09581150114536285,0
0,0.09581150114536285,0
0,0.09581150114536285,0
0,0.09581150114536285,0
0,0.09581150114536285,0
0,0.09581150114536285,0
0,0.09581150114536285,0
0,0.09581150114536285,0
0,0.09581150114536285,0
0,0.09581150114536285,0
0,0.09581150114536285,0
0,0.09581150114536285,0
0,0.09581150114536285,0
0,0.09581150114536285,0
0,0.09581150114536285,0
0,0.09581150114536285,0
0,0.09581150114536285,0
0,0.09581150114536285,0
0,0.09581150114536285,0
0,0.09581150114536285,0
0,0.09581150114536285,0
0,0.09581150114536285,0
0,0.09581150114536285,0
0,0.09581150114536285,0
0,0.09581150114536285,0
0,0.09581150114536285,0
0,0.09581150114536285,0
0,0.09581150114536285,0
0,0.09581150114536285,0
0,0.09581150114536285,0
0,0.09581150114536285,0
0,0.09581150114536285,0
0,0.09581150114536285,0
0,0.09581150114536285,0
0,0.09581150114536285,0
0,0.09581150114536285,0
0,0.09581150114536285,0
0,0.09581150114536285,0
0,0.09581150114536285,0
0,0.09581150114536285,0
0,0.09581150114536285,0
0,0.09581150114536285,0
0,0.09581150114536285,0
0,0.09581150114536285,0
0,0.09581150114536285,0
0,0.09581150114536285,0
0,0.09581150114536285,0
0,0.09581150114536285,0
0,0.09581150114536285,0
0,0.09581150114536285,0
0,0.09581150114536285,0
0,0.09581150114536285,0
0,0.09581150114536285,0
0,0.09581150114536285,0
0,0.09581150114536285,0
0,0.09581150114536285,0
0,0.09581150114536285,0
0,0.09581150114536285,0
0,0.09581150114536285,0
0,0.09581150114536285,0
0,0.09581150114536285,0
0,0.09581150114536285,0
0,0.09581150114536285,0
0,0.09581150114536285,0
0,0.09581150114536285,0
0,0.09581150114536285,0
0,0.09581150114536285,0
0,0.09581150114536285,0
0,0.09581150114536285,0
0,0.09581150114536285,0
0,0.09581150114536285,0
0,0.09581150114536285,0
0,0.09581150114536285,0
0,0.09581150114536285,0
0,0.09581150114536285,0
0,0.09581150114536285,0
0,0.09581150114536285,0
0,0.09581150114536285,0
0,0.09581150114536285,0
0,0.09581150114536285,0
0,0.09581150114536285,0
0,0.09581150114536285,0
0,0.09581150114536285,0
0,0.09581150114536285,0
0,0.09581150114536285,0
0,0.09581150114536285,0
0,0.09581150114536285,0
0,0.09581150114536285,0
0,0.09581150114536285,0
0,0.09581150114536285,0
0,0.09581150114536285,0
0,0.09581150114536285,0
0,0.09581150114536285,0
0,0.09581150114536285,0
0,0.09581150114536285,0
0,0.09581150114536285,0
0,0.09581150114536285,0
0,0.09581150114536285,0
0,0.09581150114536285,0
0,0.09581150114536285,0
0,0.09581150114536285,0
0,0.09581150114536285,0
0,0.09581150114536285,0
0,0.09581150114536285,0
0,0.09581150114536285,0
0,0.09581150114536285,0
0,0.09581150114536285,0
0,0.09581150114536285,0
0,0.09581150114536285,0
0,0.09581150114536285,0
0,0.09581150114536285,0
0,0.09581150114536285,0
0,0.09581150114536285,0
0,0.09581150114536285,0
0,0.09581150114536285,0
0,0.09581150114536285,0
0,0.09581150114536285,0
0,0.09581150114536285,0
0,0.09581150114536285,0
0,0.09581150114536285,0
0,0.09581150114536285,0
0,0.09581150114536285,0
0,0.09581150114536285,0
0,0.09581150114536285,0
0,0.09581150114536285,0
0,0.09581150114536285,0
0,0.09581150114536285,0
0,0.09581150114536285,0
0,0.09581150114536285,0
0,0.09581150114536285,0
0,0.09581150114536285,0
0,0.09581150114536285,0
0,0.09581150114536285,0
0,0.09581150114536285,0
0,0.09581150114536285,0
0,0.09581150114536285,0
0,0.09581150114536285,0
0,0.09581150114536285,0
0,0.09581150114536285,0
0,0.09581150114536285,0
0,0.09581150114536285,0
0,0.09581150114536285,0
0,0.09581150114536285,0
0,0.09581150114536285,0
0,0.09581150114536285,0
0,0.09581150114536285,0
0,0.09581150114536285,0
0,0.09581150114536285,0
0,0.09581150114536285,0
0,0.09581150114536285,0
0,0.09581150114536285,0
0,0.09581150114536285,0
0,0.09581150114536285,0
0,0.09581150114536285,0
0,0.09581150114536285,0
0,0.09581150114536285,0
0,0.09581150114536285,0
0,0.09581150114536285,0
0,0.09581150114536285,0
0,0.09581150114536285,0
0,0.09581150114536285,0
0,0.09581150114536285,0
0,0.09581150114536285,0
0,0.09581150114536285,0
0,0.09581150114536285,0
0,0.09581150114536285,0
0,0.09581150114536285,0
0,0.09581150114536285,0
0,0.09581150114536285,0
0,0.09581150114536285,0
0,0.09581150114536285,0
0,0.09581150114536285,0
0,0.09581150114536285,0
0,0.09581150114536285,0
0,0.09581150114536285,0
0,0.09581150114536285,0
0,0.09581150114536285,0
0,0.09581150114536285,0
0,0.09581150114536285,0
0,0.09581150114536285,0
0,0.09581150114536285,0
0,0.09581150114536285,0
0,0.09581150114536285,0
0,0.09581150114536285,0
0,0.09581150114536285,0
0,0.09581150114536285,0
0,0.09581150114536285,0
0,0.09581150114536285,0
0,0.09581150114536285,0
0,0.09581150114536285,0
0,0.09581150114536285,0
0,0.09581150114536285,0
0,0.09581150114536285,0
0,0.09581150114536285,0
0,0.09581150114536285,0
0,0.09581150114536285,0
0,0.09581150114536285,0
0,0.09581150114536285,0
0,0.09581150114536285,0
0,0.09581150114536285,0
0,0.09581150114536285,0
0,0.09581150114536285,0
0,0.09581150114536285,0
0,0.09581150114536285,0
0,0.09581150114536285,0
0,0.09581150114536285,0
0,0.09581150114536285,0
0,0.09581150114536285,0
0,0.09581150114536285,0
0,0.09581150114536285,0
0,0.09581150114536285,0
0,0.09581150114536285,0
0,0.09581150114536285,0
0,0.09581150114536285,0
0,0.09581150114536285,0
0,0.09581150114536285,0
0,0.09581150114536285,0
0,0.09581150114536285,0
0,0.09581150114536285,0
0,0.09581150114536285,0
0,0.09581150114536285,0
0,0.09581150114536285,0
0,0.09581150114536285,0
0,0.09581150114536285,0
0,0.09581150114536285,0
0,0.09581150114536285,0
0,0.09581150114536285,0
0,0.09581150114536285,0
0,0.09581150114536285,0
0,0.09581150114536285,0
0,0.09581150114536285,0
0,0.09581150114536285,0
0,0.09581150114536285,0
0,0.09581150114536285,0
0,0.09581150114536285,0
0,0.09581150114536285,0
0,0.09581150114536285,0
0,0.09581150114536285,0
0,0.09581150114536285,0
0,0.09581150114536285,0
0,0.09581150114536285,0
0,0.09581150114536285,0
0,0.09581150114536285,0
0,0.09581150114536285,0
0,0.09581150114536285,0
0,0.09581150114536285,0
0,0.09581150114536285,0
0,0.09581150114536285,0
0,0.09581150114536285,0
0,0.09581150114536285,0
0,0.09581150114536285,0
0,0.09581150114536285,0
0,0.09581150114536285,0
0,0.09581150114536285,0
0,0.09581150114536285,0
0,0.09581150114536285,0
0,0.09581150114536285,0
0,0.09581150114536285,0
0,0.09581150114536285,0
0,0.09581150114536285,0
0,0.09581150114536285,0
0,0.09581150114536285,0
0,0.09581150114536285,0
0,0.09581150114536285,0
0,0.09581150114536285,0
0,0.09581150114536285,0
0,0.09581150114536285,0
0,0.09581150114536285,0
0,0.09581150114536285,0
0,0.09581150114536285,0
0,0.09581150114536285,0
0,0.09581150114536285,0
0,0.09581150114536285,0
0,0.09581150114536285,0
0,0.09581150114536285,0
0,0.09581150114536285,0
0,0.09581150114536285,0
0,0.09581150114536285,0
0,0.09581150114536285,0
0,0.09581150114536285,0
0,0.09581150114536285,0
0,0.09581150114536285,0
0,0.09581150114536285,0
0,0.09581150114536285,0
0,0.09581150114536285,0
0,0.09581150114536285,0
0,0.09581150114536285,0
0,0.09581150114536285,0
0,0.09581150114536285,0
0,0.09581150114536285,0
0,0.09581150114536285,0
0,0.09581150114536285,0
0,0.09581150114536285,0
0,0.09581150114536285,0
0,0.09581150114536285,0
0,0.09581150114536285,0
0,0.09581150114536285,0
0,0.09581150114536285,0
0,0.09581150114536285,0
0,0.09581150114536285,0
0,0.09581150114536285,0
0,0.09581150114536285,0
0,0.09581150114536285,0
0,0.09581150114536285,0
0,0.09581150114536285,0
0,0.09581150114536285,0
0,0.09581150114536285,0
0,0.09581150114536285,0
0,0.09581150114536285,0
0,0.09581150114536285,0
0,0.09581150114536285,0
0,0.09581150114536285,0
0,0.09581150114536285,0
0,0.09581150114536285,0
0,0.09581150114536285,0
0,0.09581150114536285,0
0,0.09581150114536285,0
0,0.09581150114536285,0
0,0.09581150114536285,0
0,0.09581150114536285,0
0,0.09581150114536285,0
0,0.09581150114536285,0
0,0.09581150114536285,0
0,0.09581150114536285,0
0,0.09581150114536285,0
0,0.09581150114536285,0
0,0.09581150114536285,0
0,0.09581150114536285,0
0,0.09581150114536285,0
0,0.09581150114536285,0
0,0.09581150114536285,0
0,0.09581150114536285,0
0,0.09581150114536285,0
0,0.09581150114536285,0
0,0.09581150114536285,0
0,0.09581150114536285,0
0,0.09581150114536285,0
0,0.09581150114536285,0
0,0.09581150114536285,0
0,0.09581150114536285,0
0,0.09581150114536285,0
0,0.09581150114536285,0
0,0.09581150114536285,0
0,0.09581150114536285,0
0,0.09581150114536285,0
0,0.09581150114536285,0
0,0.09581150114536285,0
0,0.09581150114536285,0
0,0.09581150114536285,0
0,0.09581150114536285,0
0,0.09581150114536285,0
0,0.09581150114536285,0
0,0.09581150114536285,0
0,0.09581150114536285,0
0,0.09581150114536285,0
1,0.09581150114536285,0
1,0.8923224210739136,0
0,0.981092631816864,1
0,0.9270108938217163,0
0,0.9185540676116943,0
0,0.8833516836166382,0
0,0.8689602017402649,0
0,0.8507657647132874,0
0,0.8275550007820129,0
0,0.7990856170654297,0
0,0.769963264465332,0
0,0.7532873749732971,0
0,0.7538947463035583,0
0,0.7542856335639954,0
0,0.7431461215019226,0
0,0.7132699489593506,0
0,0.6852289438247681,0
0,0.7061834335327148,0
0,0.7460248470306396,0
0,0.76247638463974,0
0,0.7510955929756165,0
0,0.7142133712768555,0
0,0.6613062024116516,0
0,0.6431778073310852,0
0,0.6908496022224426,0
0,0.7320390343666077,0
0,0.735016405582428,0
0,0.7165073156356812,0
0,0.6932235360145569,0
0,0.6733537912368774,0
0,0.6551180481910706,0
0,0.5379312634468079,0
0,0.5066333413124084,0
0,0.09581150114536285,0
0,0.09581150114536285,0
0,0.09581150114536285,0
0,0.09581150114536285,0
0,0.09581150114536285,0
0,0.09581150114536285,0
0,0.09581150114536285,0
0,0.09581150114536285,0
0,0.09581150114536285,0
0,0.09581150114536285,0
0,0.09581150114536285,0
0,0.09581150114536285,0
0,0.09581150114536285,0
0,0.09581150114536285,0
0,0.09581150114536285,0
0,0.09581150114536285,0
0,0.09581150114536285,0
0,0.09581150114536285,0
0,0.09581150114536285,0
0,0.09581150114536285,0
0,0.09581150114536285,0
0,0.09581150114536285,0
0,0.09581150114536285,0
0,0.09581150114536285,0
0,0.09581150114536285,0
0,0.09581150114536285,0
0,0.09581150114536285,0
0,0.09581150114536285,0
0,0.09581150114536285,0
0,0.09581150114536285,0
0,0.09581150114536285,0
0,0.09581150114536285,0
0,0.09581150114536285,0
0,0.09581150114536285,0
0,0.09581150114536285,0
0,0.09581150114536285,0
0,0.09581150114536285,0
0,0.09581150114536285,0
0,0.09581150114536285,0
0,0.09581150114536285,0
0,0.09581150114536285,0
0,0.09581150114536285,0
0,0.09581150114536285,0
0,0.09581150114536285,0
0,0.09581150114536285,0
0,0.09581150114536285,0
0,0.09581150114536285,0
0,0.09581150114536285,0
0,0.09581150114536285,0
0,0.09581150114536285,0
0,0.09581150114536285,0
0,0.09581150114536285,0
0,0.09581150114536285,0
0,0.09581150114536285,0
0,0.09581150114536285,0
0,0.09581150114536285,0
0,0.09581150114536285,0
0,0.09581150114536285,0
0,0.09581150114536285,0
0,0.09581150114536285,0
0,0.09581150114536285,0
0,0.09581150114536285,0
0,0.09581150114536285,0
0,0.09581150114536285,0
0,0.09581150114536285,0
0,0.09581150114536285,0
0,0.09581150114536285,0
0,0.09581150114536285,0
0,0.09581150114536285,0
0,0.09581150114536285,0
0,0.09581150114536285,0
0,0.09581150114536285,0
0,0.09581150114536285,0
0,0.09581150114536285,0
0,0.09581150114536285,0
0,0.09581150114536285,0
0,0.09581150114536285,0
0,0.09581150114536285,0
0,0.09581150114536285,0
0,0.09581150114536285,0
0,0.09581150114536285,0
0,0.09581150114536285,0
0,0.09581150114536285,0
0,0.09581150114536285,0
0,0.09581150114536285,0
0,0.09581150114536285,0
0,0.09581150114536285,0
0,0.09581150114536285,0
0,0.09581150114536285,0
0,0.09581150114536285,0
0,0.09581150114536285,0
0,0.09581150114536285,0
0,0.09581150114536285,0
0,0.09581150114536285,0
0,0.09581150114536285,0
0,0.09581150114536285,0
0,0.09581150114536285,0
0,0.09581150114536285,0
0,0.09581150114536285,0
0,0.09581150114536285,0
0,0.09581150114536285,0
0,0.09581150114536285,0
0,0.09581150114536285,0
0,0.09581150114536285,0
0,0.09581150114536285,0
0,0.09581150114536285,0
0,0.09581150114536285,0
0,0.09581150114536285,0
0,0.09581150114536285,0
0,0.09581150114536285,0
0,0.09581150114536285,0
0,0.09581150114536285,0
0,0.09581150114536285,0
0,0.09581150114536285,0
0,0.09581150114536285,0
0,0.09581150114536285,0
0,0.09581150114536285,0
0,0.09581150114536285,0
0,0.09581150114536285,0
0,0.09581150114536285,0
0,0.09581150114536285,0
0,0.09581150114536285,0
0,0.09581150114536285,0
0,0.09581150114536285,0
0,0.09581150114536285,0
0,0.09581150114536285,0
0,0.09581150114536285,0
0,0.09581150114536285,0
0,0.09581150114536285,0
1,0.09581150114536285,0
0,0.9887634515762329,1
1,0.9464721083641052,0
1,0.9912511706352234,1
1,0.9963074922561646,1
1,0.996010422706604,1
0,0.9987474679946899,1
1,0.9913238286972046,1
1,0.9962794184684753,1
1,0.9971054196357727,1
0,0.9982372522354126,1
0,0.9894899725914001,1
0,0.9862686991691589,1
0,0.9792051911354065,1
0,0.9675852656364441,0
0,0.9529562592506409,0
0,0.9370427131652832,0
0,0.9270712733268738,0
0,0.9158799648284912,0
0,0.9037439227104187,0
0,0.8920097947120667,0
0,0.8793997168540955,0
0,0.8699986338615417,0
0,0.8679690361022949,0
0,0.8679999709129333,0
0,0.8656961917877197,0
0,0.8574832677841187,0
0,0.8457213640213013,0
0,0.8368930220603943,0
0,0.8281676769256592,0
0,0.8206478357315063,0
0,0.8440724611282349,0
0,0.756036639213562,0
0,0.7838620543479919,0
0,0.8109366297721863,0
0,0.8113813400268555,0
0,0.8309245705604553,0
0,0.6503737568855286,0
0,0.5501806735992432,0
0,0.5379312634468079,0
0,0.5066333413124084,0
0,0.09581150114536285,0
0,0.09581150114536285,0
0,0.09581150114536285,0
0,0.09581150114536285,0
0,0.09581150114536285,0
0,0.09581150114536285,0
0,0.09581150114536285,0
0,0.09581150114536285,0
0,0.09581150114536285,0
0,0.09581150114536285,0
0,0.09581150114536285,0
0,0.09581150114536285,0
0,0.09581150114536285,0
0,0.09581150114536285,0
0,0.09581150114536285,0
0,0.09581150114536285,0
0,0.09581150114536285,0
0,0.09581150114536285,0
0,0.09581150114536285,0
0,0.09581150114536285,0
0,0.09581150114536285,0
0,0.09581150114536285,0
0,0.09581150114536285,0
0,0.09581150114536285,0
0,0.09581150114536285,0
0,0.09581150114536285,0
0,0.09581150114536285,0
0,0.09581150114536285,0
0,0.09581150114536285,0
0,0.09581150114536285,0
0,0.09581150114536285,0
0,0.09581150114536285,0
1,0.09581150114536285,0
0,0.8923224210739136,0
0,0.8895574808120728,0
0,0.883767306804657,0
0,0.8632813096046448,0
0,0.8468464016914368,0
0,0.8307079672813416,0
0,0.8125883340835571,0
0,0.7851958274841309,0
0,0.7540867328643799,0
0,0.7434166669845581,0
0,0.7469439506530762,0
0,0.7541808485984802,0
0,0.7545438408851624,0
0,0.7282616496086121,0
0,0.6804725527763367,0
0,0.6562877893447876,0
0,0.6852715611457825,0
0,0.7351422905921936,0
0,0.7442667484283447,0
0,0.7101284265518188,0
0,0.6404545903205872,0
0,0.5794359445571899,0
1,0.5981054902076721,0
0,0.8787726163864136,0
0,0.900083601474762,0
0,0.909785807132721,0
0,0.8924167156219482,0
0,0.8838109970092773,0
0,0.8765164613723755,0
0,0.8689513802528381,0
0,0.8806776404380798,0
0,0.7540867328643799,0
0,0.7434166669845581,0
0,0.7469439506530762,0
0,0.7541808485984802,0
0,0.7545438408851624,0
0,0.7282616496086121,0
0,0.6804725527763367,0
0,0.6562877893447876,0
0,0.6852715611457825,0
0,0.7351422905921936,0
0,0.7442667484283447,0
0,0.7101284265518188,0
0,0.6404545903205872,0
0,0.5794359445571899,0
0,0.5981054902076721,0
0,0.6770144104957581,0
0,0.7196396589279175,0
0,0.7175034880638123,0
0,0.6955389380455017,0
0,0.670813798904419,0
0,0.6545332670211792,0
0,0.6471360921859741,0
0,0.5066333413124084,0
0,0.09581150114536285,0
0,0.09581150114536285,0
0,0.09581150114536285,0
0,0.09581150114536285,0
0,0.09581150114536285,0
0,0.09581150114536285,0
0,0.09581150114536285,0
0,0.09581150114536285,0
0,0.09581150114536285,0
0,0.09581150114536285,0
0,0.09581150114536285,0
0,0.09581150114536285,0
0,0.09581150114536285,0
0,0.09581150114536285,0
0,0.09581150114536285,0
0,0.09581150114536285,0
0,0.09581150114536285,0
0,0.09581150114536285,0
0,0.09581150114536285,0
0,0.09581150114536285,0
0,0.09581150114536285,0
0,0.09581150114536285,0
0,0.09581150114536285,0
0,0.09581150114536285,0
0,0.09581150114536285,0
0,0.09581150114536285,0
0,0.09581150114536285,0
0,0.09581150114536285,0
0,0.09581150114536285,0
0,0.09581150114536285,0
0,0.09581150114536285,0
0,0.09581150114536285,0
0,0.09581150114536285,0
0,0.09581150114536285,0
0,0.09581150114536285,0
0,0.09581150114536285,0
0,0.09581150114536285,0
0,0.09581150114536285,0
0,0.09581150114536285,0
0,0.09581150114536285,0
0,0.09581150114536285,0
0,0.09581150114536285,0
0,0.09581150114536285,0
0,0.09581150114536285,0
0,0.09581150114536285,0
0,0.09581150114536285,0
0,0.09581150114536285,0
0,0.09581150114536285,0
0,0.09581150114536285,0
0,0.09581150114536285,0
0,0.09581150114536285,0
0,0.09581150114536285,0
0,0.09581150114536285,0
0,0.09581150114536285,0
0,0.09581150114536285,0
0,0.09581150114536285,0
0,0.09581150114536285,0
0,0.09581150114536285,0
0,0.09581150114536285,0
0,0.09581150114536285,0
0,0.09581150114536285,0
0,0.09581150114536285,0
0,0.09581150114536285,0
0,0.09581150114536285,0
0,0.09581150114536285,0
0,0.09581150114536285,0
0,0.09581150114536285,0
0,0.09581150114536285,0
0,0.09581150114536285,0
0,0.09581150114536285,0
0,0.09581150114536285,0
0,0.09581150114536285,0
0,0.09581150114536285,0
0,0.09581150114536285,0
0,0.09581150114536285,0
0,0.09581150114536285,0
0,0.09581150114536285,0
0,0.09581150114536285,0
0,0.09581150114536285,0
0,0.09581150114536285,0
0,0.09581150114536285,0
0,0.09581150114536285,0
0,0.09581150114536285,0
0,0.09581150114536285,0
0,0.09581150114536285,0
0,0.09581150114536285,0
0,0.09581150114536285,0
0,0.09581150114536285,0
0,0.09581150114536285,0
0,0.09581150114536285,0
0,0.09581150114536285,0
0,0.09581150114536285,0
0,0.09581150114536285,0
0,0.09581150114536285,0
0,0.09581150114536285,0
0,0.09581150114536285,0
0,0.09581150114536285,0
0,0.09581150114536285,0
0,0.09581150114536285,0
0,0.09581150114536285,0
0,0.09581150114536285,0
0,0.09581150114536285,0
0,0.09581150114536285,0
0,0.09581150114536285,0
0,0.09581150114536285,0
0,0.09581150114536285,0
0,0.09581150114536285,0
0,0.09581150114536285,0
0,0.09581150114536285,0
0,0.09581150114536285,0
0,0.09581150114536285,0
0,0.09581150114536285,0
0,0.09581150114536285,0
0,0.09581150114536285,0
0,0.09581150114536285,0
0,0.09581150114536285,0
0,0.09581150114536285,0
0,0.09581150114536285,0
0,0.09581150114536285,0
0,0.09581150114536285,0
0,0.09581150114536285,0
0,0.09581150114536285,0
0,0.09581150114536285,0
0,0.09581150114536285,0
0,0.09581150114536285,0
0,0.09581150114536285,0
0,0.09581150114536285,0
0,0.09581150114536285,0
0,0.09581150114536285,0
0,0.09581150114536285,0
0,0.09581150114536285,0
0,0.09581150114536285,0
0,0.09581150114536285,0
0,0.09581150114536285,0
0,0.09581150114536285,0
0,0.09581150114536285,0
0,0.09581150114536285,0
0,0.09581150114536285,0
0,0.09581150114536285,0
0,0.09581150114536285,0
0,0.09581150114536285,0
0,0.09581150114536285,0
0,0.09581150114536285,0
0,0.09581150114536285,0
0,0.09581150114536285,0
0,0.09581150114536285,0
0,0.09581150114536285,0
0,0.09581150114536285,0
0,0.09581150114536285,0
0,0.09581150114536285,0
0,0.09581150114536285,0
0,0.09581150114536285,0
0,0.09581150114536285,0
0,0.09581150114536285,0
0,0.09581150114536285,0
0,0.09581150114536285,0
0,0.09581150114536285,0
0,0.09581150114536285,0
0,0.09581150114536285,0
0,0.09581150114536285,0
0,0.09581150114536285,0
0,0.09581150114536285,0
0,0.09581150114536285,0
0,0.09581150114536285,0
0,0.09581150114536285,0
0,0.09581150114536285,0
0,0.09581150114536285,0
0,0.09581150114536285,0
0,0.09581150114536285,0
0,0.09581150114536285,0
0,0.09581150114536285,0
0,0.09581150114536285,0
0,0.09581150114536285,0
0,0.09581150114536285,0
0,0.09581150114536285,0
0,0.09581150114536285,0
0,0.09581150114536285,0
0,0.09581150114536285,0
0,0.09581150114536285,0
0,0.09581150114536285,0
0,0.09581150114536285,0
0,0.09581150114536285,0
0,0.09581150114536285,0
0,0.09581150114536285,0
0,0.09581150114536285,0
0,0.09581150114536285,0
0,0.09581150114536285,0
0,0.09581150114536285,0
0,0.09581150114536285,0
0,0.09581150114536285,0
0,0.09581150114536285,0
0,0.09581150114536285,0
0,0.09581150114536285,0
0,0.09581150114536285,0
0,0.09581150114536285,0
0,0.09581150114536285,0
0,0.09581150114536285,0
0,0.09581150114536285,0
0,0.09581150114536285,0
0,0.09581150114536285,0
0,0.09581150114536285,0
0,0.09581150114536285,0
0,0.09581150114536285,0
0,0.09581150114536285,0
0,0.09581150114536285,0
0,0.09581150114536285,0
0,0.09581150114536285,0
0,0.09581150114536285,0
0,0.09581150114536285,0
0,0.09581150114536285,0
0,0.09581150114536285,0
0,0.09581150114536285,0
0,0.09581150114536285,0
0,0.09581150114536285,0
0,0.09581150114536285,0
0,0.09581150114536285,0
0,0.09581150114536285,0
0,0.09581150114536285,0
0,0.09581150114536285,0
0,0.09581150114536285,0
0,0.09581150114536285,0
0,0.09581150114536285,0
0,0.09581150114536285,0
0,0.09581150114536285,0
0,0.09581150114536285,0
0,0.09581150114536285,0
0,0.09581150114536285,0
0,0.09581150114536285,0
0,0.09581150114536285,0
0,0.09581150114536285,0
0,0.09581150114536285,0
0,0.09581150114536285,0
0,0.09581150114536285,0
0,0.09581150114536285,0
0,0.09581150114536285,0
0,0.09581150114536285,0
0,0.09581150114536285,0
0,0.09581150114536285,0
0,0.09581150114536285,0
0,0.09581150114536285,0
0,0.09581150114536285,0
0,0.09581150114536285,0
0,0.09581150114536285,0
0,0.09581150114536285,0
0,0.09581150114536285,0
0,0.09581150114536285,0
0,0.09581150114536285,0
0,0.09581150114536285,0
0,0.09581150114536285,0
0,0.09581150114536285,0
0,0.09581150114536285,0
0,0.09581150114536285,0
0,0.09581150114536285,0
0,0.09581150114536285,0
0,0.09581150114536285,0
0,0.09581150114536285,0
0,0.09581150114536285,0
0,0.09581150114536285,0
0,0.09581150114536285,0
0,0.09581150114536285,0
0,0.09581150114536285,0
0,0.09581150114536285,0
0,0.09581150114536285,0
0,0.09581150114536285,0
0,0.09581150114536285,0
0,0.09581150114536285,0
0,0.09581150114536285,0
0,0.09581150114536285,0
0,0.09581150114536285,0
0,0.09581150114536285,0
0,0.09581150114536285,0
0,0.09581150114536285,0
0,0.09581150114536285,0
0,0.09581150114536285,0
0,0.09581150114536285,0
0,0.09581150114536285,0
0,0.09581150114536285,0
0,0.09581150114536285,0
0,0.09581150114536285,0
0,0.09581150114536285,0
0,0.09581150114536285,0
0,0.09581150114536285,0
0,0.09581150114536285,0
0,0.09581150114536285,0
0,0.09581150114536285,0
0,0.09581150114536285,0
0,0.09581150114536285,0
0,0.09581150114536285,0
0,0.09581150114536285,0
0,0.09581150114536285,0
0,0.09581150114536285,0
0,0.09581150114536285,0
0,0.09581150114536285,0
0,0.09581150114536285,0
0,0.09581150114536285,0
0,0.09581150114536285,0
0,0.09581150114536285,0
0,0.09581150114536285,0
0,0.09581150114536285,0
0,0.09581150114536285,0
0,0.09581150114536285,0
0,0.09581150114536285,0
0,0.09581150114536285,0
0,0.09581150114536285,0
0,0.09581150114536285,0
0,0.09581150114536285,0
0,0.09581150114536285,0
0,0.09581150114536285,0
0,0.09581150114536285,0
0,0.09581150114536285,0
0,0.09581150114536285,0
0,0.09581150114536285,0
0,0.09581150114536285,0
0,0.09581150114536285,0
0,0.09581150114536285,0
0,0.09581150114536285,0
0,0.09581150114536285,0
0,0.09581150114536285,0
0,0.09581150114536285,0
0,0.09581150114536285,0
0,0.09581150114536285,0
0,0.09581150114536285,0
0,0.09581150114536285,0
0,0.09581150114536285,0
0,0.09581150114536285,0
0,0.09581150114536285,0
0,0.09581150114536285,0
0,0.09581150114536285,0
0,0.09581150114536285,0
0,0.09581150114536285,0
0,0.09581150114536285,0
0,0.09581150114536285,0
0,0.09581150114536285,0
0,0.09581150114536285,0
0,0.09581150114536285,0
0,0.09581150114536285,0
0,0.09581150114536285,0
0,0.09581150114536285,0
0,0.09581150114536285,0
0,0.09581150114536285,0
0,0.09581150114536285,0
0,0.09581150114536285,0
0,0.09581150114536285,0
0,0.09581150114536285,0
0,0.09581150114536285,0
0,0.09581150114536285,0
0,0.09581150114536285,0
0,0.09581150114536285,0
0,0.09581150114536285,0
0,0.09581150114536285,0
0,0.09581150114536285,0
0,0.09581150114536285,0
0,0.09581150114536285,0
0,0.09581150114536285,0
0,0.09581150114536285,0
0,0.09581150114536285,0
0,0.09581150114536285,0
0,0.09581150114536285,0
0,0.09581150114536285,0
0,0.09581150114536285,0
0,0.09581150114536285,0
0,0.09581150114536285,0
0,0.09581150114536285,0
0,0.09581150114536285,0
0,0.09581150114536285,0
0,0.09581150114536285,0
0,0.09581150114536285,0
0,0.09581150114536285,0
0,0.09581150114536285,0
0,0.09581150114536285,0
0,0.09581150114536285,0
0,0.09581150114536285,0
0,0.09581150114536285,0
0,0.09581150114536285,0
0,0.09581150114536285,0
0,0.09581150114536285,0
0,0.09581150114536285,0
0,0.09581150114536285,0
0,0.09581150114536285,0
0,0.09581150114536285,0
0,0.09581150114536285,0
0,0.09581150114536285,0
0,0.09581150114536285,0
0,0.09581150114536285,0
0,0.09581150114536285,0
0,0.09581150114536285,0
0,0.09581150114536285,0
0,0.09581150114536285,0
0,0.09581150114536285,0
0,0.09581150114536285,0
0,0.09581150114536285,0
0,0.09581150114536285,0
0,0.09581150114536285,0
0,0.09581150114536285,0
0,0.09581150114536285,0
0,0.09581150114536285,0
0,0.09581150114536285,0
0,0.09581150114536285,0
0,0.09581150114536285,0
0,0.09581150114536285,0
0,0.09581150114536285,0
0,0.09581150114536285,0
0,0.09581150114536285,0
0,0.09581150114536285,0
0,0.09581150114536285,0
0,0.09581150114536285,0
0,0.09581150114536285,0
0,0.09581150114536285,0
0,0.09581150114536285,0
0,0.09581150114536285,0
0,0.09581150114536285,0
0,0.09581150114536285,0
0,0.09581150114536285,0
0,0.09581150114536285,0
0,0.09581150114536285,0
0,0.09581150114536285,0
0,0.09581150114536285,0
0,0.09581150114536285,0
0,0.09581150114536285,0
0,0.09581150114536285,0
0,0.09581150114536285,0
0,0.09581150114536285,0
0,0.09581150114536285,0
0,0.09581150114536285,0
0,0.09581150114536285,0
0,0.09581150114536285,0
0,0.09581150114536285,0
0,0.09581150114536285,0
0,0.09581150114536285,0
0,0.09581150114536285,0
0,0.09581150114536285,0
0,0.09581150114536285,0
0,0.09581150114536285,0
0,0.09581150114536285,0
0,0.09581150114536285,0
0,0.09581150114536285,0
0,0.09581150114536285,0
0,0.09581150114536285,0
0,0.09581150114536285,0
0,0.09581150114536285,0
0,0.09581150114536285,0
0,0.09581150114536285,0
0,0.09581150114536285,0
0,0.09581150114536285,0
0,0.09581150114536285,0
0,0.09581150114536285,0
0,0.09581150114536285,0
0,0.09581150114536285,0
0,0.09581150114536285,0
0,0.09581150114536285,0
0,0.09581150114536285,0
0,0.09581150114536285,0
0,0.09581150114536285,0
0,0.09581150114536285,0
0,0.09581150114536285,0
0,0.09581150114536285,0
0,0.09581150114536285,0
0,0.09581150114536285,0
0,0.09581150114536285,0
0,0.09581150114536285,0
0,0.09581150114536285,0
0,0.09581150114536285,0
0,0.09581150114536285,0
0,0.09581150114536285,0
0,0.09581150114536285,0
0,0.09581150114536285,0
0,0.09581150114536285,0
0,0.09581150114536285,0
0,0.09581150114536285,0
0,0.09581150114536285,0
0,0.09581150114536285,0
0,0.09581150114536285,0
0,0.09581150114536285,0
0,0.09581150114536285,0
0,0.09581150114536285,0
0,0.09581150114536285,0
0,0.09581150114536285,0
0,0.09581150114536285,0
0,0.09581150114536285,0
0,0.09581150114536285,0
0,0.09581150114536285,0
0,0.09581150114536285,0
0,0.09581150114536285,0
0,0.09581150114536285,0
0,0.09581150114536285,0
0,0.09581150114536285,0
0,0.09581150114536285,0
0,0.09581150114536285,0
0,0.09581150114536285,0
0,0.09581150114536285,0
0,0.09581150114536285,0
0,0.09581150114536285,0
0,0.09581150114536285,0
0,0.09581150114536285,0
0,0.09581150114536285,0
0,0.09581150114536285,0
0,0.09581150114536285,0
0,0.09581150114536285,0
0,0.09581150114536285,0
0,0.09581150114536285,0
0,0.09581150114536285,0
0,0.09581150114536285,0
0,0.09581150114536285,0
0,0.09581150114536285,0
0,0.09581150114536285,0
0,0.09581150114536285,0
0,0.09581150114536285,0
0,0.09581150114536285,0
0,0.09581150114536285,0
0,0.09581150114536285,0
0,0.09581150114536285,0
0,0.09581150114536285,0
0,0.09581150114536285,0
0,0.09581150114536285,0
0,0.09581150114536285,0
0,0.09581150114536285,0
0,0.09581150114536285,0
0,0.09581150114536285,0
0,0.09581150114536285,0
0,0.09581150114536285,0
0,0.09581150114536285,0
0,0.09581150114536285,0
0,0.09581150114536285,0
0,0.09581150114536285,0
0,0.09581150114536285,0
0,0.09581150114536285,0
0,0.09581150114536285,0
0,0.09581150114536285,0
0,0.09581150114536285,0
0,0.09581150114536285,0
0,0.09581150114536285,0
0,0.09581150114536285,0
0,0.09581150114536285,0
0,0.09581150114536285,0
0,0.09581150114536285,0
0,0.09581150114536285,0
0,0.09581150114536285,0
0,0.09581150114536285,0
0,0.09581150114536285,0
0,0.09581150114536285,0
0,0.09581150114536285,0
0,0.09581150114536285,0
0,0.09581150114536285,0
0,0.09581150114536285,0
0,0.09581150114536285,0
0,0.09581150114536285,0
0,0.09581150114536285,0
0,0.09581150114536285,0
0,0.09581150114536285,0
0,0.09581150114536285,0
0,0.09581150114536285,0
0,0.09581150114536285,0
0,0.09581150114536285,0
0,0.09581150114536285,0
0,0.09581150114536285,0
0,0.09581150114536285,0
0,0.09581150114536285,0
0,0.09581150114536285,0
0,0.09581150114536285,0
0,0.09581150114536285,0
0,0.09581150114536285,0
0,0.09581150114536285,0
0,0.09581150114536285,0
0,0.09581150114536285,0
0,0.09581150114536285,0
0,0.09581150114536285,0
0,0.09581150114536285,0
0,0.09581150114536285,0
0,0.09581150114536285,0
0,0.09581150114536285,0
0,0.09581150114536285,0
0,0.09581150114536285,0
0,0.09581150114536285,0
0,0.09581150114536285,0
0,0.09581150114536285,0
0,0.09581150114536285,0
0,0.09581150114536285,0
0,0.09581150114536285,0
0,0.09581150114536285,0
0,0.09581150114536285,0
0,0.09581150114536285,0
0,0.09581150114536285,0
0,0.09581150114536285,0
0,0.09581150114536285,0
0,0.09581150114536285,0
0,0.09581150114536285,0
0,0.09581150114536285,0
0,0.09581150114536285,0
0,0.09581150114536285,0
0,0.09581150114536285,0
0,0.09581150114536285,0
0,0.09581150114536285,0
0,0.09581150114536285,0
0,0.09581150114536285,0
0,0.09581150114536285,0
0,0.09581150114536285,0
0,0.09581150114536285,0
0,0.09581150114536285,0
0,0.09581150114536285,0
0,0.09581150114536285,0
0,0.09581150114536285,0
0,0.09581150114536285,0
0,0.09581150114536285,0
0,0.09581150114536285,0
0,0.09581150114536285,0
0,0.09581150114536285,0
0,0.09581150114536285,0
0,0.09581150114536285,0
0,0.09581150114536285,0
0,0.09581150114536285,0
0,0.09581150114536285,0
0,0.09581150114536285,0
0,0.09581150114536285,0
0,0.09581150114536285,0
0,0.09581150114536285,0
0,0.09581150114536285,0
0,0.09581150114536285,0
0,0.09581150114536285,0
0,0.09581150114536285,0
0,0.09581150114536285,0
0,0.09581150114536285,0
0,0.09581150114536285,0
0,0.09581150114536285,0
0,0.09581150114536285,0
0,0.09581150114536285,0
0,0.09581150114536285,0
0,0.09581150114536285,0
0,0.09581150114536285,0
0,0.09581150114536285,0
0,0.09581150114536285,0
0,0.09581150114536285,0
0,0.09581150114536285,0
0,0.09581150114536285,0
0,0.09581150114536285,0
0,0.09581150114536285,0
0,0.09581150114536285,0
0,0.09581150114536285,0
0,0.09581150114536285,0
0,0.09581150114536285,0
0,0.09581150114536285,0
0,0.09581150114536285,0
0,0.09581150114536285,0
0,0.09581150114536285,0
0,0.09581150114536285,0
0,0.09581150114536285,0
0,0.09581150114536285,0
0,0.09581150114536285,0
0,0.09581150114536285,0
0,0.09581150114536285,0
0,0.09581150114536285,0
0,0.09581150114536285,0
0,0.09581150114536285,0
0,0.09581150114536285,0
0,0.09581150114536285,0
0,0.09581150114536285,0
0,0.09581150114536285,0
0,0.09581150114536285,0
0,0.09581150114536285,0
0,0.09581150114536285,0
0,0.09581150114536285,0
0,0.09581150114536285,0
0,0.09581150114536285,0
0,0.09581150114536285,0
0,0.09581150114536285,0
0,0.09581150114536285,0
0,0.09581150114536285,0
0,0.09581150114536285,0
0,0.09581150114536285,0
0,0.09581150114536285,0
0,0.09581150114536285,0
0,0.09581150114536285,0
0,0.09581150114536285,0
0,0.09581150114536285,0
0,0.09581150114536285,0
0,0.09581150114536285,0
0,0.09581150114536285,0
0,0.09581150114536285,0
0,0.09581150114536285,0
0,0.09581150114536285,0
0,0.09581150114536285,0
0,0.09581150114536285,0
0,0.09581150114536285,0
0,0.09581150114536285,0
0,0.09581150114536285,0
0,0.09581150114536285,0
0,0.09581150114536285,0
0,0.09581150114536285,0
0,0.09581150114536285,0
0,0.09581150114536285,0
0,0.09581150114536285,0
0,0.09581150114536285,0
0,0.09581150114536285,0
0,0.09581150114536285,0
0,0.09581150114536285,0
0,0.09581150114536285,0
0,0.09581150114536285,0
0,0.09581150114536285,0
0,0.09581150114536285,0
0,0.09581150114536285,0
0,0.09581150114536285,0
0,0.09581150114536285,0
0,0.09581150114536285,0
0,0.09581150114536285,0
0,0.09581150114536285,0
0,0.09581150114536285,0
0,0.09581150114536285,0
0,0.09581150114536285,0
0,0.09581150114536285,0
0,0.09581150114536285,0
0,0.09581150114536285,0
0,0.09581150114536285,0
0,0.09581150114536285,0
0,0.09581150114536285,0
0,0.09581150114536285,0
0,0.09581150114536285,0
0,0.09581150114536285,0
0,0.09581150114536285,0
0,0.09581150114536285,0
0,0.09581150114536285,0
0,0.09581150114536285,0
0,0.09581150114536285,0
0,0.09581150114536285,0
0,0.09581150114536285,0
0,0.09581150114536285,0
0,0.09581150114536285,0
0,0.09581150114536285,0
0,0.09581150114536285,0
0,0.09581150114536285,0
0,0.09581150114536285,0
0,0.09581150114536285,0
0,0.09581150114536285,0
0,0.09581150114536285,0
0,0.09581150114536285,0
0,0.09581150114536285,0
0,0.09581150114536285,0
0,0.09581150114536285,0
0,0.09581150114536285,0
0,0.09581150114536285,0
0,0.09581150114536285,0
0,0.09581150114536285,0
0,0.09581150114536285,0
0,0.09581150114536285,0
0,0.09581150114536285,0
0,0.09581150114536285,0
0,0.09581150114536285,0
0,0.09581150114536285,0
0,0.09581150114536285,0
0,0.09581150114536285,0
0,0.09581150114536285,0
0,0.09581150114536285,0
0,0.09581150114536285,0
0,0.09581150114536285,0
0,0.09581150114536285,0
0,0.09581150114536285,0
0,0.09581150114536285,0
0,0.09581150114536285,0
0,0.09581150114536285,0
0,0.09581150114536285,0
0,0.09581150114536285,0
0,0.09581150114536285,0
0,0.09581150114536285,0
0,0.09581150114536285,0
0,0.09581150114536285,0
0,0.09581150114536285,0
0,0.09581150114536285,0
0,0.09581150114536285,0
0,0.09581150114536285,0
0,0.09581150114536285,0
0,0.09581150114536285,0
0,0.09581150114536285,0
0,0.09581150114536285,0
0,0.09581150114536285,0
0,0.09581150114536285,0
0,0.09581150114536285,0
0,0.09581150114536285,0
0,0.09581150114536285,0
0,0.09581150114536285,0
0,0.09581150114536285,0
0,0.09581150114536285,0
0,0.09581150114536285,0
0,0.09581150114536285,0
0,0.09581150114536285,0
0,0.09581150114536285,0
0,0.09581150114536285,0
0,0.09581150114536285,0
0,0.09581150114536285,0
0,0.09581150114536285,0
0,0.09581150114536285,0
0,0.09581150114536285,0
0,0.09581150114536285,0
0,0.09581150114536285,0
0,0.09581150114536285,0
0,0.09581150114536285,0
0,0.09581150114536285,0
0,0.09581150114536285,0
0,0.09581150114536285,0
0,0.09581150114536285,0
0,0.09581150114536285,0
0,0.09581150114536285,0
0,0.09581150114536285,0
0,0.09581150114536285,0
0,0.09581150114536285,0
0,0.09581150114536285,0
0,0.09581150114536285,0
0,0.09581150114536285,0
0,0.09581150114536285,0
0,0.09581150114536285,0
0,0.09581150114536285,0
0,0.09581150114536285,0
0,0.09581150114536285,0
0,0.09581150114536285,0
0,0.09581150114536285,0
0,0.09581150114536285,0
0,0.09581150114536285,0
0,0.09581150114536285,0
0,0.09581150114536285,0
0,0.09581150114536285,0
0,0.09581150114536285,0
0,0.09581150114536285,0
0,0.09581150114536285,0
0,0.09581150114536285,0
0,0.09581150114536285,0
0,0.09581150114536285,0
0,0.09581150114536285,0
0,0.09581150114536285,0
0,0.09581150114536285,0
0,0.09581150114536285,0
0,0.09581150114536285,0
0,0.09581150114536285,0
0,0.09581150114536285,0
0,0.09581150114536285,0
0,0.09581150114536285,0
0,0.09581150114536285,0
0,0.09581150114536285,0
0,0.09581150114536285,0
0,0.09581150114536285,0
0,0.09581150114536285,0
0,0.09581150114536285,0
0,0.09581150114536285,0
0,0.09581150114536285,0
0,0.09581150114536285,0
0,0.09581150114536285,0
0,0.09581150114536285,0
0,0.09581150114536285,0
0,0.09581150114536285,0
0,0.09581150114536285,0
0,0.09581150114536285,0
0,0.09581150114536285,0
0,0.09581150114536285,0
0,0.09581150114536285,0
0,0.09581150114536285,0
0,0.09581150114536285,0
0,0.09581150114536285,0
0,0.09581150114536285,0
0,0.09581150114536285,0
0,0.09581150114536285,0
0,0.09581150114536285,0
0,0.09581150114536285,0
0,0.09581150114536285,0
0,0.09581150114536285,0
0,0.09581150114536285,0
0,0.09581150114536285,0
0,0.09581150114536285,0
0,0.09581150114536285,0
0,0.09581150114536285,0
0,0.09581150114536285,0
0,0.09581150114536285,0
0,0.09581150114536285,0
0,0.09581150114536285,0
0,0.09581150114536285,0
0,0.09581150114536285,0
0,0.09581150114536285,0
0,0.09581150114536285,0
0,0.09581150114536285,0
0,0.09581150114536285,0
0,0.09581150114536285,0
0,0.09581150114536285,0
0,0.09581150114536285,0
0,0.09581150114536285,0
0,0.09581150114536285,0
0,0.09581150114536285,0
0,0.09581150114536285,0
0,0.09581150114536285,0
0,0.09581150114536285,0
0,0.09581150114536285,0
0,0.09581150114536285,0
0,0.09581150114536285,0
0,0.09581150114536285,0
0,0.09581150114536285,0
0,0.09581150114536285,0
0,0.09581150114536285,0
0,0.09581150114536285,0
0,0.09581150114536285,0
0,0.09581150114536285,0
0,0.09581150114536285,0
0,0.09581150114536285,0
0,0.09581150114536285,0
0,0.09581150114536285,0
0,0.09581150114536285,0
0,0.09581150114536285,0
0,0.09581150114536285,0
0,0.09581150114536285,0
0,0.09581150114536285,0
0,0.09581150114536285,0
0,0.09581150114536285,0
0,0.09581150114536285,0
0,0.09581150114536285,0
0,0.09581150114536285,0
0,0.09581150114536285,0
0,0.09581150114536285,0
0,0.09581150114536285,0
0,0.09581150114536285,0
0,0.09581150114536285,0
0,0.09581150114536285,0
0,0.09581150114536285,0
0,0.09581150114536285,0
0,0.09581150114536285,0
0,0.09581150114536285,0
0,0.09581150114536285,0
0,0.09581150114536285,0
0,0.09581150114536285,0
0,0.09581150114536285,0
0,0.09581150114536285,0
0,0.09581150114536285,0
0,0.09581150114536285,0
0,0.09581150114536285,0
0,0.09581150114536285,0
0,0.09581150114536285,0
0,0.09581150114536285,0
0,0.09581150114536285,0
0,0.09581150114536285,0
0,0.09581150114536285,0
0,0.09581150114536285,0
0,0.09581150114536285,0
0,0.09581150114536285,0
0,0.09581150114536285,0
0,0.09581150114536285,0
0,0.09581150114536285,0
0,0.09581150114536285,0
0,0.09581150114536285,0
0,0.09581150114536285,0
0,0.09581150114536285,0
0,0.09581150114536285,0
0,0.09581150114536285,0
0,0.09581150114536285,0
0,0.09581150114536285,0
0,0.09581150114536285,0
0,0.09581150114536285,0
0,0.09581150114536285,0
0,0.09581150114536285,0
0,0.09581150114536285,0
0,0.09581150114536285,0
0,0.09581150114536285,0
0,0.09581150114536285,0
0,0.09581150114536285,0
0,0.09581150114536285,0
0,0.09581150114536285,0
0,0.09581150114536285,0
0,0.09581150114536285,0
0,0.09581150114536285,0
0,0.09581150114536285,0
0,0.09581150114536285,0
0,0.09581150114536285,0
0,0.09581150114536285,0
0,0.09581150114536285,0
0,0.09581150114536285,0
0,0.09581150114536285,0
0,0.09581150114536285,0
0,0.09581150114536285,0
0,0.09581150114536285,0
0,0.09581150114536285,0
0,0.09581150114536285,0
0,0.09581150114536285,0
0,0.09581150114536285,0
0,0.09581150114536285,0
0,0.09581150114536285,0
0,0.09581150114536285,0
0,0.09581150114536285,0
0,0.09581150114536285,0
0,0.09581150114536285,0
0,0.09581150114536285,0
0,0.09581150114536285,0
0,0.09581150114536285,0
0,0.09581150114536285,0
0,0.09581150114536285,0
0,0.09581150114536285,0
0,0.09581150114536285,0
0,0.09581150114536285,0
0,0.09581150114536285,0
0,0.09581150114536285,0
0,0.09581150114536285,0
0,0.09581150114536285,0
0,0.09581150114536285,0
0,0.09581150114536285,0
0,0.09581150114536285,0
0,0.09581150114536285,0
0,0.09581150114536285,0
0,0.09581150114536285,0
0,0.09581150114536285,0
0,0.09581150114536285,0
0,0.09581150114536285,0
0,0.09581150114536285,0
0,0.09581150114536285,0
0,0.09581150114536285,0
0,0.09581150114536285,0
0,0.09581150114536285,0
0,0.09581150114536285,0
0,0.09581150114536285,0
0,0.09581150114536285,0
0,0.09581150114536285,0
0,0.09581150114536285,0
0,0.09581150114536285,0
0,0.09581150114536285,0
0,0.09581150114536285,0
0,0.09581150114536285,0
0,0.09581150114536285,0
0,0.09581150114536285,0
0,0.09581150114536285,0
0,0.09581150114536285,0
0,0.09581150114536285,0
0,0.09581150114536285,0
0,0.09581150114536285,0
0,0.09581150114536285,0
0,0.09581150114536285,0
0,0.09581150114536285,0
0,0.09581150114536285,0
0,0.09581150114536285,0
0,0.09581150114536285,0
0,0.09581150114536285,0
0,0.09581150114536285,0
0,0.09581150114536285,0
0,0.09581150114536285,0
0,0.09581150114536285,0
0,0.09581150114536285,0
0,0.09581150114536285,0
0,0.09581150114536285,0
0,0.09581150114536285,0
0,0.09581150114536285,0
0,0.09581150114536285,0
0,0.09581150114536285,0
0,0.09581150114536285,0
0,0.09581150114536285,0
0,0.09581150114536285,0
0,0.09581150114536285,0
0,0.09581150114536285,0
0,0.09581150114536285,0
0,0.09581150114536285,0
0,0.09581150114536285,0
0,0.09581150114536285,0
0,0.09581150114536285,0
0,0.09581150114536285,0
0,0.09581150114536285,0
0,0.09581150114536285,0
0,0.09581150114536285,0
0,0.09581150114536285,0
0,0.09581150114536285,0
0,0.09581150114536285,0
0,0.09581150114536285,0
0,0.09581150114536285,0
0,0.09581150114536285,0
0,0.09581150114536285,0
0,0.09581150114536285,0
0,0.09581150114536285,0
0,0.09581150114536285,0
0,0.09581150114536285,0
0,0.09581150114536285,0
0,0.09581150114536285,0
0,0.09581150114536285,0
0,0.09581150114536285,0
0,0.09581150114536285,0
0,0.09581150114536285,0
0,0.09581150114536285,0
0,0.09581150114536285,0
0,0.09581150114536285,0
0,0.09581150114536285,0
0,0.09581150114536285,0
0,0.09581150114536285,0
0,0.09581150114536285,0
0,0.09581150114536285,0
0,0.09581150114536285,0
0,0.09581150114536285,0
0,0.09581150114536285,0
0,0.09581150114536285,0
0,0.09581150114536285,0
0,0.09581150114536285,0
0,0.09581150114536285,0
0,0.09581150114536285,0
0,0.09581150114536285,0
0,0.09581150114536285,0
0,0.09581150114536285,0
0,0.09581150114536285,0
0,0.09581150114536285,0
0,0.09581150114536285,0
0,0.09581150114536285,0
0,0.09581150114536285,0
0,0.09581150114536285,0
0,0.09581150114536285,0
0,0.09581150114536285,0
0,0.09581150114536285,0
0,0.09581150114536285,0
0,0.09581150114536285,0
0,0.09581150114536285,0
0,0.09581150114536285,0
0,0.09581150114536285,0
0,0.09581150114536285,0
0,0.09581150114536285,0
0,0.09581150114536285,0
0,0.09581150114536285,0
0,0.09581150114536285,0
0,0.09581150114536285,0
0,0.09581150114536285,0
0,0.09581150114536285,0
0,0.09581150114536285,0
0,0.09581150114536285,0
0,0.09581150114536285,0
0,0.09581150114536285,0
0,0.09581150114536285,0
0,0.09581150114536285,0
0,0.09581150114536285,0
0,0.09581150114536285,0
0,0.09581150114536285,0
0,0.09581150114536285,0
0,0.09581150114536285,0
0,0.09581150114536285,0
0,0.09581150114536285,0
0,0.09581150114536285,0
0,0.09581150114536285,0
0,0.09581150114536285,0
0,0.09581150114536285,0
0,0.09581150114536285,0
0,0.09581150114536285,0
0,0.09581150114536285,0
0,0.09581150114536285,0
0,0.09581150114536285,0
0,0.09581150114536285,0
0,0.09581150114536285,0
0,0.09581150114536285,0
0,0.09581150114536285,0
0,0.09581150114536285,0
0,0.09581150114536285,0
0,0.09581150114536285,0
0,0.09581150114536285,0
0,0.09581150114536285,0
0,0.09581150114536285,0
0,0.09581150114536285,0
0,0.09581150114536285,0
0,0.09581150114536285,0
0,0.09581150114536285,0
0,0.09581150114536285,0
0,0.09581150114536285,0
0,0.09581150114536285,0
0,0.09581150114536285,0
0,0.09581150114536285,0
0,0.09581150114536285,0
0,0.09581150114536285,0
0,0.09581150114536285,0
0,0.09581150114536285,0
0,0.09581150114536285,0
0,0.09581150114536285,0
0,0.09581150114536285,0
0,0.09581150114536285,0
0,0.09581150114536285,0
0,0.09581150114536285,0
0,0.09581150114536285,0
0,0.09581150114536285,0
0,0.09581150114536285,0
0,0.09581150114536285,0
0,0.09581150114536285,0
0,0.09581150114536285,0
0,0.09581150114536285,0
0,0.09581150114536285,0
0,0.09581150114536285,0
0,0.09581150114536285,0
0,0.09581150114536285,0
0,0.09581150114536285,0
0,0.09581150114536285,0
0,0.09581150114536285,0
0,0.09581150114536285,0
0,0.09581150114536285,0
0,0.09581150114536285,0
0,0.09581150114536285,0
0,0.09581150114536285,0
0,0.09581150114536285,0
0,0.09581150114536285,0
0,0.09581150114536285,0
0,0.09581150114536285,0
0,0.09581150114536285,0
0,0.09581150114536285,0
0,0.09581150114536285,0
0,0.09581150114536285,0
0,0.09581150114536285,0
0,0.09581150114536285,0
0,0.09581150114536285,0
0,0.09581150114536285,0
0,0.09581150114536285,0
0,0.09581150114536285,0
0,0.09581150114536285,0
0,0.09581150114536285,0
0,0.09581150114536285,0
0,0.09581150114536285,0
0,0.09581150114536285,0
0,0.09581150114536285,0
0,0.09581150114536285,0
0,0.09581150114536285,0
0,0.09581150114536285,0
0,0.09581150114536285,0
0,0.09581150114536285,0
0,0.09581150114536285,0
0,0.09581150114536285,0
0,0.09581150114536285,0
0,0.09581150114536285,0
0,0.09581150114536285,0
0,0.09581150114536285,0
0,0.09581150114536285,0
0,0.09581150114536285,0
0,0.09581150114536285,0
0,0.09581150114536285,0
0,0.09581150114536285,0
0,0.09581150114536285,0
0,0.09581150114536285,0
0,0.09581150114536285,0
0,0.09581150114536285,0
0,0.09581150114536285,0
0,0.09581150114536285,0
0,0.09581150114536285,0
0,0.09581150114536285,0
0,0.09581150114536285,0
0,0.09581150114536285,0
0,0.09581150114536285,0
0,0.09581150114536285,0
0,0.09581150114536285,0
0,0.09581150114536285,0
0,0.09581150114536285,0
0,0.09581150114536285,0
0,0.09581150114536285,0
0,0.09581150114536285,0
0,0.09581150114536285,0
0,0.09581150114536285,0
0,0.09581150114536285,0
0,0.09581150114536285,0
0,0.09581150114536285,0
0,0.09581150114536285,0
0,0.09581150114536285,0
0,0.09581150114536285,0
0,0.09581150114536285,0
0,0.09581150114536285,0
0,0.09581150114536285,0
0,0.09581150114536285,0
0,0.09581150114536285,0
0,0.09581150114536285,0
0,0.09581150114536285,0
0,0.09581150114536285,0
0,0.09581150114536285,0
0,0.09581150114536285,0
0,0.09581150114536285,0
0,0.09581150114536285,0
0,0.09581150114536285,0
0,0.09581150114536285,0
0,0.09581150114536285,0
0,0.09581150114536285,0
0,0.09581150114536285,0
0,0.09581150114536285,0
0,0.09581150114536285,0
0,0.09581150114536285,0
0,0.09581150114536285,0
0,0.09581150114536285,0
0,0.09581150114536285,0
0,0.09581150114536285,0
0,0.09581150114536285,0
0,0.09581150114536285,0
0,0.09581150114536285,0
0,0.09581150114536285,0
0,0.09581150114536285,0
0,0.09581150114536285,0
0,0.09581150114536285,0
0,0.09581150114536285,0
0,0.09581150114536285,0
0,0.09581150114536285,0
0,0.09581150114536285,0
0,0.09581150114536285,0
0,0.09581150114536285,0
0,0.09581150114536285,0
0,0.09581150114536285,0
0,0.09581150114536285,0
0,0.09581150114536285,0
0,0.09581150114536285,0
0,0.09581150114536285,0
0,0.09581150114536285,0
0,0.09581150114536285,0
0,0.09581150114536285,0
0,0.09581150114536285,0
0,0.09581150114536285,0
0,0.09581150114536285,0
0,0.09581150114536285,0
0,0.09581150114536285,0
0,0.09581150114536285,0
0,0.09581150114536285,0
0,0.09581150114536285,0
0,0.09581150114536285,0
0,0.09581150114536285,0
0,0.09581150114536285,0
0,0.09581150114536285,0
0,0.09581150114536285,0
0,0.09581150114536285,0
0,0.09581150114536285,0
0,0.09581150114536285,0
0,0.09581150114536285,0
0,0.09581150114536285,0
0,0.09581150114536285,0
0,0.09581150114536285,0
0,0.09581150114536285,0
0,0.09581150114536285,0
0,0.09581150114536285,0
0,0.09581150114536285,0
0,0.09581150114536285,0
0,0.09581150114536285,0
0,0.09581150114536285,0
0,0.09581150114536285,0
0,0.09581150114536285,0
0,0.09581150114536285,0
0,0.09581150114536285,0
0,0.09581150114536285,0
0,0.09581150114536285,0
0,0.09581150114536285,0
0,0.09581150114536285,0
0,0.09581150114536285,0
0,0.09581150114536285,0
0,0.09581150114536285,0
0,0.09581150114536285,0
0,0.09581150114536285,0
0,0.09581150114536285,0
0,0.09581150114536285,0
0,0.09581150114536285,0
0,0.09581150114536285,0
0,0.09581150114536285,0
0,0.09581150114536285,0
0,0.09581150114536285,0
0,0.09581150114536285,0
0,0.09581150114536285,0
0,0.09581150114536285,0
0,0.09581150114536285,0
0,0.09581150114536285,0
0,0.09581150114536285,0
0,0.09581150114536285,0
0,0.09581150114536285,0
0,0.09581150114536285,0
0,0.09581150114536285,0
0,0.09581150114536285,0
0,0.09581150114536285,0
0,0.09581150114536285,0
0,0.09581150114536285,0
0,0.09581150114536285,0
0,0.09581150114536285,0
0,0.09581150114536285,0
0,0.09581150114536285,0
0,0.09581150114536285,0
0,0.09581150114536285,0
0,0.09581150114536285,0
0,0.09581150114536285,0
0,0.09581150114536285,0
0,0.09581150114536285,0
0,0.09581150114536285,0
0,0.09581150114536285,0
0,0.09581150114536285,0
0,0.09581150114536285,0
0,0.09581150114536285,0
0,0.09581150114536285,0
0,0.09581150114536285,0
1,0.09581150114536285,0
1,0.8923224210739136,0
0,0.981092631816864,1
0,0.9270108938217163,0
0,0.9185540676116943,0
0,0.8833516836166382,0
0,0.8689602017402649,0
0,0.8507657647132874,0
0,0.8275550007820129,0
0,0.7990856170654297,0
0,0.769963264465332,0
0,0.7532873749732971,0
0,0.7538947463035583,0
0,0.7542856335639954,0
0,0.7431461215019226,0
0,0.7132699489593506,0
0,0.6852289438247681,0
0,0.7061834335327148,0
0,0.7460248470306396,0
0,0.76247638463974,0
0,0.7510955929756165,0
0,0.7142133712768555,0
0,0.6613062024116516,0
0,0.6431778073310852,0
0,0.6908496022224426,0
0,0.7320390343666077,0
0,0.735016405582428,0
0,0.7165073156356812,0
0,0.6932235360145569,0
0,0.6733537912368774,0
0,0.6551180481910706,0
0,0.5379312634468079,0
0,0.5066333413124084,0
0,0.09581150114536285,0
0,0.09581150114536285,0
0,0.09581150114536285,0
0,0.09581150114536285,0
0,0.09581150114536285,0
0,0.09581150114536285,0
0,0.09581150114536285,0
0,0.09581150114536285,0
0,0.09581150114536285,0
0,0.09581150114536285,0
0,0.09581150114536285,0
0,0.09581150114536285,0
0,0.09581150114536285,0
0,0.09581150114536285,0
0,0.09581150114536285,0
0,0.09581150114536285,0
0,0.09581150114536285,0
0,0.09581150114536285,0
0,0.09581150114536285,0
0,0.09581150114536285,0
0,0.09581150114536285,0
0,0.09581150114536285,0
0,0.09581150114536285,0
0,0.09581150114536285,0
0,0.09581150114536285,0
0,0.09581150114536285,0
0,0.09581150114536285,0
0,0.09581150114536285,0
0,0.09581150114536285,0
0,0.09581150114536285,0
0,0.09581150114536285,0
0,0.09581150114536285,0
0,0.09581150114536285,0
0,0.09581150114536285,0
0,0.09581150114536285,0
0,0.09581150114536285,0
0,0.09581150114536285,0
0,0.09581150114536285,0
0,0.09581150114536285,0
0,0.09581150114536285,0
0,0.09581150114536285,0
0,0.09581150114536285,0
0,0.09581150114536285,0
0,0.09581150114536285,0
0,0.09581150114536285,0
0,0.09581150114536285,0
0,0.09581150114536285,0
0,0.09581150114536285,0
0,0.09581150114536285,0
0,0.09581150114536285,0
0,0.09581150114536285,0
0,0.09581150114536285,0
0,0.09581150114536285,0
0,0.09581150114536285,0
0,0.09581150114536285,0
0,0.09581150114536285,0
0,0.09581150114536285,0
0,0.09581150114536285,0
0,0.09581150114536285,0
0,0.09581150114536285,0
0,0.09581150114536285,0
0,0.09581150114536285,0
0,0.09581150114536285,0
0,0.09581150114536285,0
0,0.09581150114536285,0
0,0.09581150114536285,0
0,0.09581150114536285,0
0,0.09581150114536285,0
0,0.09581150114536285,0
0,0.09581150114536285,0
0,0.09581150114536285,0
0,0.09581150114536285,0
0,0.09581150114536285,0
0,0.09581150114536285,0
0,0.09581150114536285,0
0,0.09581150114536285,0
0,0.09581150114536285,0
0,0.09581150114536285,0
0,0.09581150114536285,0
0,0.09581150114536285,0
0,0.09581150114536285,0
0,0.09581150114536285,0
0,0.09581150114536285,0
0,0.09581150114536285,0
0,0.09581150114536285,0
0,0.09581150114536285,0
0,0.09581150114536285,0
0,0.09581150114536285,0
0,0.09581150114536285,0
0,0.09581150114536285,0
0,0.09581150114536285,0
0,0.09581150114536285,0
0,0.09581150114536285,0
0,0.09581150114536285,0
0,0.09581150114536285,0
0,0.09581150114536285,0
0,0.09581150114536285,0
0,0.09581150114536285,0
0,0.09581150114536285,0
0,0.09581150114536285,0
0,0.09581150114536285,0
0,0.09581150114536285,0
0,0.09581150114536285,0
0,0.09581150114536285,0
0,0.09581150114536285,0
0,0.09581150114536285,0
0,0.09581150114536285,0
0,0.09581150114536285,0
0,0.09581150114536285,0
0,0.09581150114536285,0
0,0.09581150114536285,0
0,0.09581150114536285,0
0,0.09581150114536285,0
0,0.09581150114536285,0
0,0.09581150114536285,0
0,0.09581150114536285,0
0,0.09581150114536285,0
0,0.09581150114536285,0
0,0.09581150114536285,0
0,0.09581150114536285,0
0,0.09581150114536285,0
0,0.09581150114536285,0
0,0.09581150114536285,0
0,0.09581150114536285,0
0,0.09581150114536285,0
0,0.09581150114536285,0
0,0.09581150114536285,0
0,0.09581150114536285,0
0,0.09581150114536285,0
0,0.09581150114536285,0
0,0.09581150114536285,0
0,0.09581150114536285,0
0,0.09581150114536285,0
0,0.09581150114536285,0
0,0.09581150114536285,0
0,0.09581150114536285,0
0,0.09581150114536285,0
0,0.09581150114536285,0
0,0.09581150114536285,0
0,0.09581150114536285,0
0,0.09581150114536285,0
0,0.09581150114536285,0
0,0.09581150114536285,0
0,0.09581150114536285,0
0,0.09581150114536285,0
0,0.09581150114536285,0
0,0.09581150114536285,0
0,0.09581150114536285,0
0,0.09581150114536285,0
0,0.09581150114536285,0
0,0.09581150114536285,0
0,0.09581150114536285,0
0,0.09581150114536285,0
0,0.09581150114536285,0
0,0.09581150114536285,0
0,0.09581150114536285,0
0,0.09581150114536285,0
0,0.09581150114536285,0
0,0.09581150114536285,0
0,0.09581150114536285,0
0,0.09581150114536285,0
0,0.09581150114536285,0
0,0.09581150114536285,0
0,0.09581150114536285,0
0,0.09581150114536285,0
0,0.09581150114536285,0
0,0.09581150114536285,0
0,0.09581150114536285,0
0,0.09581150114536285,0
0,0.09581150114536285,0
0,0.09581150114536285,0
0,0.09581150114536285,0
0,0.09581150114536285,0
0,0.09581150114536285,0
0,0.09581150114536285,0
0,0.09581150114536285,0
0,0.09581150114536285,0
0,0.09581150114536285,0
0,0.09581150114536285,0
0,0.09581150114536285,0
0,0.09581150114536285,0
0,0.09581150114536285,0
0,0.09581150114536285,0
0,0.09581150114536285,0
0,0.09581150114536285,0
0,0.09581150114536285,0
0,0.09581150114536285,0
0,0.09581150114536285,0
0,0.09581150114536285,0
0,0.09581150114536285,0
0,0.09581150114536285,0
0,0.09581150114536285,0
0,0.09581150114536285,0
0,0.09581150114536285,0
0,0.09581150114536285,0
0,0.09581150114536285,0
0,0.09581150114536285,0
0,0.09581150114536285,0
0,0.09581150114536285,0
0,0.09581150114536285,0
0,0.09581150114536285,0
0,0.09581150114536285,0
0,0.09581150114536285,0
0,0.09581150114536285,0
0,0.09581150114536285,0
0,0.09581150114536285,0
0,0.09581150114536285,0
0,0.09581150114536285,0
0,0.09581150114536285,0
0,0.09581150114536285,0
0,0.09581150114536285,0
0,0.09581150114536285,0
0,0.09581150114536285,0
0,0.09581150114536285,0
0,0.09581150114536285,0
0,0.09581150114536285,0
0,0.09581150114536285,0
0,0.09581150114536285,0
0,0.09581150114536285,0
0,0.09581150114536285,0
0,0.09581150114536285,0
0,0.09581150114536285,0
0,0.09581150114536285,0
0,0.09581150114536285,0
0,0.09581150114536285,0
0,0.09581150114536285,0
0,0.09581150114536285,0
0,0.09581150114536285,0
0,0.09581150114536285,0
0,0.09581150114536285,0
0,0.09581150114536285,0
0,0.09581150114536285,0
0,0.09581150114536285,0
0,0.09581150114536285,0
0,0.09581150114536285,0
0,0.09581150114536285,0
0,0.09581150114536285,0
0,0.09581150114536285,0
0,0.09581150114536285,0
0,0.09581150114536285,0
0,0.09581150114536285,0
0,0.09581150114536285,0
0,0.09581150114536285,0
0,0.09581150114536285,0
0,0.09581150114536285,0
0,0.09581150114536285,0
0,0.09581150114536285,0
0,0.09581150114536285,0
0,0.09581150114536285,0
0,0.09581150114536285,0
0,0.09581150114536285,0
0,0.09581150114536285,0
0,0.09581150114536285,0
0,0.09581150114536285,0
0,0.09581150114536285,0
0,0.09581150114536285,0
0,0.09581150114536285,0
0,0.09581150114536285,0
0,0.09581150114536285,0
0,0.09581150114536285,0
0,0.09581150114536285,0
0,0.09581150114536285,0
0,0.09581150114536285,0
0,0.09581150114536285,0
0,0.09581150114536285,0
0,0.09581150114536285,0
0,0.09581150114536285,0
0,0.09581150114536285,0
0,0.09581150114536285,0
0,0.09581150114536285,0
0,0.09581150114536285,0
0,0.09581150114536285,0
0,0.09581150114536285,0
0,0.09581150114536285,0
0,0.09581150114536285,0
0,0.09581150114536285,0
0,0.09581150114536285,0
0,0.09581150114536285,0
0,0.09581150114536285,0
0,0.09581150114536285,0
0,0.09581150114536285,0
0,0.09581150114536285,0
0,0.09581150114536285,0
0,0.09581150114536285,0
0,0.09581150114536285,0
0,0.09581150114536285,0
0,0.09581150114536285,0
0,0.09581150114536285,0
0,0.09581150114536285,0
0,0.09581150114536285,0
0,0.09581150114536285,0
0,0.09581150114536285,0
0,0.09581150114536285,0
0,0.09581150114536285,0
0,0.09581150114536285,0
0,0.09581150114536285,0
0,0.09581150114536285,0
0,0.09581150114536285,0
0,0.09581150114536285,0
0,0.09581150114536285,0
0,0.09581150114536285,0
0,0.09581150114536285,0
0,0.09581150114536285,0
0,0.09581150114536285,0
0,0.09581150114536285,0
0,0.09581150114536285,0
0,0.09581150114536285,0
0,0.09581150114536285,0
0,0.09581150114536285,0
0,0.09581150114536285,0
0,0.09581150114536285,0
0,0.09581150114536285,0
0,0.09581150114536285,0
0,0.09581150114536285,0
0,0.09581150114536285,0
0,0.09581150114536285,0
0,0.09581150114536285,0
0,0.09581150114536285,0
0,0.09581150114536285,0
0,0.09581150114536285,0
0,0.09581150114536285,0
0,0.09581150114536285,0
0,0.09581150114536285,0
0,0.09581150114536285,0
0,0.09581150114536285,0
0,0.09581150114536285,0
0,0.09581150114536285,0
0,0.09581150114536285,0
0,0.09581150114536285,0
0,0.09581150114536285,0
0,0.09581150114536285,0
0,0.09581150114536285,0
0,0.09581150114536285,0
0,0.09581150114536285,0
0,0.09581150114536285,0
0,0.09581150114536285,0
0,0.09581150114536285,0
0,0.09581150114536285,0
0,0.09581150114536285,0
0,0.09581150114536285,0
0,0.09581150114536285,0
0,0.09581150114536285,0
0,0.09581150114536285,0
0,0.09581150114536285,0
0,0.09581150114536285,0
0,0.09581150114536285,0
0,0.09581150114536285,0
0,0.09581150114536285,0
0,0.09581150114536285,0
0,0.09581150114536285,0
0,0.09581150114536285,0
0,0.09581150114536285,0
0,0.09581150114536285,0
0,0.09581150114536285,0
0,0.09581150114536285,0
0,0.09581150114536285,0
0,0.09581150114536285,0
0,0.09581150114536285,0
0,0.09581150114536285,0
0,0.09581150114536285,0
0,0.09581150114536285,0
0,0.09581150114536285,0
0,0.09581150114536285,0
0,0.09581150114536285,0
0,0.09581150114536285,0
0,0.09581150114536285,0
0,0.09581150114536285,0
0,0.09581150114536285,0
0,0.09581150114536285,0
0,0.09581150114536285,0
0,0.09581150114536285,0
0,0.09581150114536285,0
0,0.09581150114536285,0
0,0.09581150114536285,0
0,0.09581150114536285,0
0,0.09581150114536285,0
0,0.09581150114536285,0
0,0.09581150114536285,0
0,0.09581150114536285,0
0,0.09581150114536285,0
0,0.09581150114536285,0
0,0.09581150114536285,0
0,0.09581150114536285,0
0,0.09581150114536285,0
0,0.09581150114536285,0
0,0.09581150114536285,0
0,0.09581150114536285,0
0,0.09581150114536285,0
0,0.09581150114536285,0
0,0.09581150114536285,0
0,0.09581150114536285,0
0,0.09581150114536285,0
0,0.09581150114536285,0
0,0.09581150114536285,0
0,0.09581150114536285,0
0,0.09581150114536285,0
0,0.09581150114536285,0
0,0.09581150114536285,0
0,0.09581150114536285,0
0,0.09581150114536285,0
0,0.09581150114536285,0
0,0.09581150114536285,0
0,0.09581150114536285,0
0,0.09581150114536285,0
0,0.09581150114536285,0
0,0.09581150114536285,0
0,0.09581150114536285,0
0,0.09581150114536285,0
0,0.09581150114536285,0
0,0.09581150114536285,0
0,0.09581150114536285,0
0,0.09581150114536285,0
0,0.09581150114536285,0
0,0.09581150114536285,0
0,0.09581150114536285,0
0,0.09581150114536285,0
0,0.09581150114536285,0
0,0.09581150114536285,0
0,0.09581150114536285,0
0,0.09581150114536285,0
0,0.09581150114536285,0
0,0.09581150114536285,0
0,0.09581150114536285,0
0,0.09581150114536285,0
0,0.09581150114536285,0
0,0.09581150114536285,0
0,0.09581150114536285,0
0,0.09581150114536285,0
0,0.09581150114536285,0
0,0.09581150114536285,0
0,0.09581150114536285,0
0,0.09581150114536285,0
0,0.09581150114536285,0
0,0.09581150114536285,0
0,0.09581150114536285,0
0,0.09581150114536285,0
0,0.09581150114536285,0
0,0.09581150114536285,0
0,0.09581150114536285,0
0,0.09581150114536285,0
0,0.09581150114536285,0
0,0.09581150114536285,0
0,0.09581150114536285,0
0,0.09581150114536285,0
0,0.09581150114536285,0
0,0.09581150114536285,0
0,0.09581150114536285,0
0,0.09581150114536285,0
0,0.09581150114536285,0
0,0.09581150114536285,0
0,0.09581150114536285,0
0,0.09581150114536285,0
0,0.09581150114536285,0
0,0.09581150114536285,0
0,0.09581150114536285,0
0,0.09581150114536285,0
0,0.09581150114536285,0
0,0.09581150114536285,0
0,0.09581150114536285,0
0,0.09581150114536285,0
0,0.09581150114536285,0
0,0.09581150114536285,0
0,0.09581150114536285,0
0,0.09581150114536285,0
0,0.09581150114536285,0
0,0.09581150114536285,0
0,0.09581150114536285,0
0,0.09581150114536285,0
0,0.09581150114536285,0
0,0.09581150114536285,0
0,0.09581150114536285,0
0,0.09581150114536285,0
0,0.09581150114536285,0
0,0.09581150114536285,0
0,0.09581150114536285,0
0,0.09581150114536285,0
0,0.09581150114536285,0
0,0.09581150114536285,0
0,0.09581150114536285,0
0,0.09581150114536285,0
0,0.09581150114536285,0
0,0.09581150114536285,0
0,0.09581150114536285,0
0,0.09581150114536285,0
0,0.09581150114536285,0
0,0.09581150114536285,0
0,0.09581150114536285,0
0,0.09581150114536285,0
0,0.09581150114536285,0
0,0.09581150114536285,0
0,0.09581150114536285,0
0,0.09581150114536285,0
0,0.09581150114536285,0
0,0.09581150114536285,0
0,0.09581150114536285,0
0,0.09581150114536285,0
0,0.09581150114536285,0
0,0.09581150114536285,0
0,0.09581150114536285,0
0,0.09581150114536285,0
0,0.09581150114536285,0
0,0.09581150114536285,0
0,0.09581150114536285,0
0,0.09581150114536285,0
0,0.09581150114536285,0
0,0.09581150114536285,0
0,0.09581150114536285,0
0,0.09581150114536285,0
0,0.09581150114536285,0
0,0.09581150114536285,0
0,0.09581150114536285,0
0,0.09581150114536285,0
0,0.09581150114536285,0
0,0.09581150114536285,0
0,0.09581150114536285,0
0,0.09581150114536285,0
0,0.09581150114536285,0
0,0.09581150114536285,0
0,0.09581150114536285,0
0,0.09581150114536285,0
0,0.09581150114536285,0
0,0.09581150114536285,0
0,0.09581150114536285,0
0,0.09581150114536285,0
0,0.09581150114536285,0
0,0.09581150114536285,0
0,0.09581150114536285,0
0,0.09581150114536285,0
0,0.09581150114536285,0
0,0.09581150114536285,0
0,0.09581150114536285,0
0,0.09581150114536285,0
0,0.09581150114536285,0
0,0.09581150114536285,0
0,0.09581150114536285,0
0,0.09581150114536285,0
0,0.09581150114536285,0
0,0.09581150114536285,0
0,0.09581150114536285,0
0,0.09581150114536285,0
0,0.09581150114536285,0
0,0.09581150114536285,0
0,0.09581150114536285,0
0,0.09581150114536285,0
0,0.09581150114536285,0
0,0.09581150114536285,0
0,0.09581150114536285,0
0,0.09581150114536285,0
0,0.09581150114536285,0
0,0.09581150114536285,0
0,0.09581150114536285,0
0,0.09581150114536285,0
0,0.09581150114536285,0
0,0.09581150114536285,0
0,0.09581150114536285,0
0,0.09581150114536285,0
0,0.09581150114536285,0
0,0.09581150114536285,0
0,0.09581150114536285,0
0,0.09581150114536285,0
0,0.09581150114536285,0
0,0.09581150114536285,0
0,0.09581150114536285,0
0,0.09581150114536285,0
0,0.09581150114536285,0
0,0.09581150114536285,0
0,0.09581150114536285,0
0,0.09581150114536285,0
0,0.09581150114536285,0
0,0.09581150114536285,0
0,0.09581150114536285,0
0,0.09581150114536285,0
0,0.09581150114536285,0
0,0.09581150114536285,0
0,0.09581150114536285,0
0,0.09581150114536285,0
0,0.09581150114536285,0
0,0.09581150114536285,0
0,0.09581150114536285,0
0,0.09581150114536285,0
0,0.09581150114536285,0
0,0.09581150114536285,0
0,0.09581150114536285,0
0,0.09581150114536285,0
0,0.09581150114536285,0
0,0.09581150114536285,0
0,0.09581150114536285,0
0,0.09581150114536285,0
0,0.09581150114536285,0
0,0.09581150114536285,0
0,0.09581150114536285,0
0,0.09581150114536285,0
0,0.09581150114536285,0
0,0.09581150114536285,0
0,0.09581150114536285,0
0,0.09581150114536285,0
0,0.09581150114536285,0
0,0.09581150114536285,0
0,0.09581150114536285,0
0,0.09581150114536285,0
0,0.09581150114536285,0
0,0.09581150114536285,0
0,0.09581150114536285,0
0,0.09581150114536285,0
0,0.09581150114536285,0
0,0.09581150114536285,0
0,0.09581150114536285,0
0,0.7469439506530762,0
0,0.7541808485984802,0
0,0.7545438408851624,0
0,0.7282616496086121,0
0,0.6804725527763367,0
0,0.6562877893447876,0
0,0.6852715611457825,0
0,0.7351422905921936,0
0,0.7442667484283447,0
0,0.7101284265518188,0
0,0.6404545903205872,0
0,0.5794359445571899,0
0,0.5981054902076721,0
0,0.6770144104957581,0
0,0.7196396589279175,0
0,0.7175034880638123,0
0,0.6955389380455017,0
0,0.670813798904419,0
0,0.6545332670211792,0
0,0.6471360921859741,0
0,0.5066333413124084,0
0,0.09581150114536285,0
0,0.09581150114536285,0
0,0.09581150114536285,0
0,0.09581150114536285,0
0,0.09581150114536285,0
0,0.09581150114536285,0
0,0.09581150114536285,0
0,0.09581150114536285,0
0,0.09581150114536285,0
0,0.09581150114536285,0
0,0.09581150114536285,0
0,0.09581150114536285,0
0,0.09581150114536285,0
0,0.09581150114536285,0
0,0.09581150114536285,0
0,0.09581150114536285,0
0,0.09581150114536285,0
0,0.09581150114536285,0
0,0.09581150114536285,0
0,0.09581150114536285,0
0,0.09581150114536285,0
0,0.09581150114536285,0
0,0.09581150114536285,0
0,0.09581150114536285,0
0,0.09581150114536285,0
0,0.09581150114536285,0
0,0.09581150114536285,0
0,0.09581150114536285,0
0,0.09581150114536285,0
0,0.09581150114536285,0
0,0.09581150114536285,0
0,0.09581150114536285,0
0,0.09581150114536285,0
0,0.09581150114536285,0
0,0.09581150114536285,0
0,0.09581150114536285,0
0,0.09581150114536285,0
0,0.09581150114536285,0
0,0.09581150114536285,0
0,0.09581150114536285,0
0,0.09581150114536285,0
0,0.09581150114536285,0
0,0.09581150114536285,0
0,0.09581150114536285,0
0,0.09581150114536285,0
0,0.09581150114536285,0
0,0.09581150114536285,0
0,0.09581150114536285,0
0,0.09581150114536285,0
0,0.09581150114536285,0
0,0.09581150114536285,0
0,0.09581150114536285,0
0,0.09581150114536285,0
0,0.09581150114536285,0
0,0.09581150114536285,0
0,0.09581150114536285,0
0,0.09581150114536285,0
0,0.09581150114536285,0
0,0.09581150114536285,0
0,0.09581150114536285,0
0,0.09581150114536285,0
0,0.09581150114536285,0
0,0.09581150114536285,0
0,0.09581150114536285,0
0,0.09581150114536285,0
0,0.09581150114536285,0
0,0.09581150114536285,0
0,0.09581150114536285,0
0,0.09581150114536285,0
0,0.09581150114536285,0
0,0.09581150114536285,0
0,0.09581150114536285,0
0,0.09581150114536285,0
0,0.09581150114536285,0
0,0.09581150114536285,0
0,0.09581150114536285,0
0,0.09581150114536285,0
0,0.09581150114536285,0
0,0.09581150114536285,0
0,0.09581150114536285,0
0,0.09581150114536285,0
0,0.09581150114536285,0
0,0.09581150114536285,0
0,0.09581150114536285,0
0,0.09581150114536285,0
1,0.09581150114536285,0
0,0.8923224210739136,0
0,0.8895574808120728,0
0,0.883767306804657,0
0,0.8632813096046448,0
0,0.8468464016914368,0
0,0.8307079672813416,0
0,0.8125883340835571,0
0,0.7851958274841309,0
0,0.7540867328643799,0
0,0.7434166669845581,0
0,0.7469439506530762,0
0,0.7541808485984802,0
0,0.7545438408851624,0
0,0.7282616496086121,0
0,0.6804725527763367,0
0,0.6562877893447876,0
0,0.6852715611457825,0
0,0.7351422905921936,0
0,0.7442667484283447,0
0,0.7101284265518188,0
0,0.6404545903205872,0
0,0.5794359445571899,0
0,0.5981054902076721,0
0,0.6770144104957581,0
0,0.7196396589279175,0
0,0.7175034880638123,0
0,0.6955389380455017,0
0,0.670813798904419,0
0,0.6545332670211792,0
0,0.6471360921859741,0
0,0.5066333413124084,0
0,0.09581150114536285,0
0,0.09581150114536285,0
0,0.09581150114536285,0
0,0.09581150114536285,0
0,0.09581150114536285,0
0,0.09581150114536285,0
0,0.09581150114536285,0
0,0.09581150114536285,0
0,0.09581150114536285,0
0,0.09581150114536285,0
0,0.09581150114536285,0
0,0.09581150114536285,0
0,0.09581150114536285,0
0,0.09581150114536285,0
0,0.09581150114536285,0
0,0.09581150114536285,0
0,0.09581150114536285,0
0,0.09581150114536285,0
0,0.09581150114536285,0
0,0.09581150114536285,0
0,0.09581150114536285,0
0,0.09581150114536285,0
0,0.09581150114536285,0
0,0.09581150114536285,0
0,0.09581150114536285,0
0,0.09581150114536285,0
0,0.09581150114536285,0
0,0.09581150114536285,0
0,0.09581150114536285,0
0,0.09581150114536285,0
0,0.09581150114536285,0
0,0.09581150114536285,0
0,0.09581150114536285,0
0,0.09581150114536285,0
0,0.09581150114536285,0
0,0.09581150114536285,0
0,0.09581150114536285,0
0,0.09581150114536285,0
0,0.09581150114536285,0
0,0.09581150114536285,0
0,0.09581150114536285,0
0,0.09581150114536285,0
0,0.09581150114536285,0
0,0.09581150114536285,0
0,0.09581150114536285,0
0,0.09581150114536285,0
0,0.09581150114536285,0
0,0.09581150114536285,0
0,0.09581150114536285,0
0,0.09581150114536285,0
0,0.09581150114536285,0
0,0.09581150114536285,0
0,0.09581150114536285,0
0,0.09581150114536285,0
0,0.09581150114536285,0
0,0.09581150114536285,0
0,0.09581150114536285,0
0,0.09581150114536285,0
0,0.09581150114536285,0
0,0.09581150114536285,0
0,0.09581150114536285,0
0,0.09581150114536285,0
0,0.09581150114536285,0
0,0.09581150114536285,0
0,0.09581150114536285,0
0,0.09581150114536285,0
0,0.09581150114536285,0
0,0.09581150114536285,0
0,0.09581150114536285,0
0,0.09581150114536285,0
0,0.09581150114536285,0
0,0.09581150114536285,0
0,0.09581150114536285,0
0,0.09581150114536285,0
0,0.09581150114536285,0
0,0.09581150114536285,0
0,0.09581150114536285,0
0,0.09581150114536285,0
0,0.09581150114536285,0
0,0.09581150114536285,0
0,0.09581150114536285,0
0,0.09581150114536285,0
0,0.09581150114536285,0
0,0.09581150114536285,0
0,0.09581150114536285,0
0,0.09581150114536285,0
0,0.09581150114536285,0
0,0.09581150114536285,0
0,0.09581150114536285,0
0,0.09581150114536285,0
0,0.09581150114536285,0
0,0.09581150114536285,0
0,0.09581150114536285,0
0,0.09581150114536285,0
0,0.09581150114536285,0
0,0.09581150114536285,0
0,0.09581150114536285,0
0,0.09581150114536285,0
0,0.09581150114536285,0
0,0.09581150114536285,0
0,0.09581150114536285,0
0,0.09581150114536285,0
0,0.09581150114536285,0
0,0.09581150114536285,0
0,0.09581150114536285,0
0,0.09581150114536285,0
0,0.09581150114536285,0
0,0.09581150114536285,0
0,0.09581150114536285,0
0,0.09581150114536285,0
0,0.09581150114536285,0
0,0.09581150114536285,0
0,0.09581150114536285,0
0,0.09581150114536285,0
0,0.09581150114536285,0
0,0.09581150114536285,0
0,0.09581150114536285,0
0,0.09581150114536285,0
0,0.09581150114536285,0
0,0.09581150114536285,0
0,0.09581150114536285,0
0,0.09581150114536285,0
0,0.09581150114536285,0
0,0.09581150114536285,0
0,0.09581150114536285,0
0,0.09581150114536285,0
0,0.09581150114536285,0
0,0.09581150114536285,0
0,0.09581150114536285,0
0,0.09581150114536285,0
0,0.09581150114536285,0
0,0.09581150114536285,0
0,0.09581150114536285,0
0,0.09581150114536285,0
0,0.09581150114536285,0
0,0.09581150114536285,0
0,0.09581150114536285,0
0,0.09581150114536285,0
0,0.09581150114536285,0
0,0.09581150114536285,0
0,0.09581150114536285,0
0,0.09581150114536285,0
0,0.09581150114536285,0
0,0.09581150114536285,0
0,0.09581150114536285,0
0,0.09581150114536285,0
0,0.09581150114536285,0
0,0.09581150114536285,0
0,0.09581150114536285,0
0,0.09581150114536285,0
0,0.09581150114536285,0
0,0.09581150114536285,0
0,0.09581150114536285,0
0,0.09581150114536285,0
0,0.09581150114536285,0
0,0.09581150114536285,0
0,0.09581150114536285,0
0,0.09581150114536285,0
0,0.09581150114536285,0
0,0.09581150114536285,0
0,0.09581150114536285,0
0,0.09581150114536285,0
0,0.09581150114536285,0
0,0.09581150114536285,0
0,0.09581150114536285,0
0,0.09581150114536285,0
0,0.09581150114536285,0
0,0.09581150114536285,0
0,0.09581150114536285,0
0,0.09581150114536285,0
0,0.09581150114536285,0
0,0.09581150114536285,0
0,0.09581150114536285,0
0,0.09581150114536285,0
0,0.09581150114536285,0
0,0.09581150114536285,0
0,0.09581150114536285,0
0,0.09581150114536285,0
0,0.09581150114536285,0
0,0.09581150114536285,0
0,0.09581150114536285,0
0,0.09581150114536285,0
0,0.09581150114536285,0
0,0.09581150114536285,0
0,0.09581150114536285,0
0,0.09581150114536285,0
0,0.09581150114536285,0
0,0.09581150114536285,0
0,0.09581150114536285,0
0,0.09581150114536285,0
0,0.09581150114536285,0
0,0.09581150114536285,0
0,0.09581150114536285,0
0,0.09581150114536285,0
0,0.09581150114536285,0
0,0.09581150114536285,0
0,0.09581150114536285,0
0,0.09581150114536285,0
0,0.09581150114536285,0
0,0.09581150114536285,0
0,0.09581150114536285,0
0,0.09581150114536285,0
0,0.09581150114536285,0
0,0.09581150114536285,0
0,0.09581150114536285,0
0,0.09581150114536285,0
0,0.09581150114536285,0
0,0.09581150114536285,0
0,0.09581150114536285,0
0,0.09581150114536285,0
0,0.09581150114536285,0
0,0.09581150114536285,0
0,0.09581150114536285,0
0,0.09581150114536285,0
0,0.09581150114536285,0
0,0.09581150114536285,0
0,0.09581150114536285,0
0,0.09581150114536285,0
0,0.09581150114536285,0
0,0.09581150114536285,0
0,0.09581150114536285,0
0,0.09581150114536285,0
0,0.09581150114536285,0
0,0.09581150114536285,0
0,0.09581150114536285,0
0,0.09581150114536285,0
0,0.09581150114536285,0
0,0.09581150114536285,0
0,0.09581150114536285,0
0,0.09581150114536285,0
0,0.09581150114536285,0
0,0.09581150114536285,0
0,0.09581150114536285,0
0,0.09581150114536285,0
0,0.09581150114536285,0
0,0.09581150114536285,0
0,0.09581150114536285,0
0,0.09581150114536285,0
0,0.09581150114536285,0
0,0.09581150114536285,0
0,0.09581150114536285,0
0,0.09581150114536285,0
0,0.09581150114536285,0
0,0.09581150114536285,0
0,0.09581150114536285,0
0,0.09581150114536285,0
0,0.09581150114536285,0
0,0.09581150114536285,0
0,0.09581150114536285,0
0,0.09581150114536285,0
0,0.09581150114536285,0
0,0.09581150114536285,0
0,0.09581150114536285,0
0,0.09581150114536285,0
0,0.09581150114536285,0
0,0.09581150114536285,0
0,0.09581150114536285,0
0,0.09581150114536285,0
0,0.09581150114536285,0
0,0.09581150114536285,0
0,0.09581150114536285,0
0,0.09581150114536285,0
0,0.09581150114536285,0
0,0.09581150114536285,0
0,0.09581150114536285,0
0,0.09581150114536285,0
0,0.09581150114536285,0
0,0.09581150114536285,0
0,0.09581150114536285,0
0,0.09581150114536285,0
0,0.09581150114536285,0
0,0.09581150114536285,0
0,0.09581150114536285,0
0,0.09581150114536285,0
0,0.09581150114536285,0
0,0.09581150114536285,0
0,0.09581150114536285,0
0,0.09581150114536285,0
0,0.09581150114536285,0
0,0.09581150114536285,0
0,0.09581150114536285,0
0,0.09581150114536285,0
0,0.09581150114536285,0
0,0.09581150114536285,0
0,0.09581150114536285,0
0,0.09581150114536285,0
0,0.09581150114536285,0
0,0.09581150114536285,0
0,0.09581150114536285,0
0,0.09581150114536285,0
0,0.09581150114536285,0
0,0.09581150114536285,0
0,0.09581150114536285,0
0,0.09581150114536285,0
0,0.09581150114536285,0
0,0.09581150114536285,0
0,0.09581150114536285,0
0,0.09581150114536285,0
0,0.09581150114536285,0
0,0.09581150114536285,0
0,0.09581150114536285,0
0,0.09581150114536285,0
0,0.09581150114536285,0
0,0.09581150114536285,0
0,0.09581150114536285,0
0,0.09581150114536285,0
0,0.09581150114536285,0
0,0.09581150114536285,0
0,0.09581150114536285,0
0,0.09581150114536285,0
0,0.09581150114536285,0
0,0.09581150114536285,0
0,0.09581150114536285,0
0,0.09581150114536285,0
0,0.09581150114536285,0
0,0.09581150114536285,0
0,0.09581150114536285,0
0,0.09581150114536285,0
0,0.09581150114536285,0
0,0.09581150114536285,0
0,0.09581150114536285,0
0,0.09581150114536285,0
0,0.09581150114536285,0
0,0.09581150114536285,0
0,0.09581150114536285,0
0,0.09581150114536285,0
0,0.09581150114536285,0
0,0.09581150114536285,0
0,0.09581150114536285,0
0,0.09581150114536285,0
0,0.09581150114536285,0
0,0.09581150114536285,0
0,0.09581150114536285,0
0,0.09581150114536285,0
0,0.09581150114536285,0
0,0.09581150114536285,0
0,0.09581150114536285,0
0,0.09581150114536285,0
0,0.09581150114536285,0
0,0.09581150114536285,0
0,0.09581150114536285,0
0,0.09581150114536285,0
0,0.09581150114536285,0
0,0.09581150114536285,0
0,0.09581150114536285,0
0,0.09581150114536285,0
0,0.09581150114536285,0
0,0.09581150114536285,0
0,0.09581150114536285,0
0,0.09581150114536285,0
0,0.09581150114536285,0
0,0.09581150114536285,0
0,0.09581150114536285,0
0,0.09581150114536285,0
0,0.09581150114536285,0
0,0.09581150114536285,0
0,0.09581150114536285,0
0,0.09581150114536285,0
0,0.09581150114536285,0
0,0.09581150114536285,0
0,0.09581150114536285,0
0,0.09581150114536285,0
0,0.09581150114536285,0
0,0.09581150114536285,0
0,0.09581150114536285,0
0,0.09581150114536285,0
0,0.09581150114536285,0
0,0.09581150114536285,0
0,0.09581150114536285,0
0,0.09581150114536285,0
0,0.09581150114536285,0
0,0.09581150114536285,0
0,0.09581150114536285,0
0,0.09581150114536285,0
0,0.09581150114536285,0
0,0.09581150114536285,0
0,0.09581150114536285,0
0,0.09581150114536285,0
0,0.09581150114536285,0
0,0.09581150114536285,0
0,0.09581150114536285,0
0,0.09581150114536285,0
0,0.09581150114536285,0
0,0.09581150114536285,0
0,0.09581150114536285,0
0,0.09581150114536285,0
0,0.09581150114536285,0
0,0.09581150114536285,0
0,0.09581150114536285,0
0,0.09581150114536285,0
0,0.09581150114536285,0
0,0.09581150114536285,0
0,0.09581150114536285,0
0,0.09581150114536285,0
0,0.09581150114536285,0
0,0.09581150114536285,0
0,0.09581150114536285,0
0,0.09581150114536285,0
0,0.09581150114536285,0
0,0.09581150114536285,0
0,0.09581150114536285,0
0,0.09581150114536285,0
0,0.09581150114536285,0
0,0.09581150114536285,0
0,0.09581150114536285,0
0,0.09581150114536285,0
0,0.09581150114536285,0
0,0.09581150114536285,0
0,0.09581150114536285,0
0,0.09581150114536285,0
0,0.09581150114536285,0
0,0.09581150114536285,0
0,0.09581150114536285,0
0,0.09581150114536285,0
0,0.09581150114536285,0
0,0.09581150114536285,0
0,0.09581150114536285,0
0,0.09581150114536285,0
0,0.09581150114536285,0
0,0.09581150114536285,0
0,0.09581150114536285,0
0,0.09581150114536285,0
0,0.09581150114536285,0
0,0.09581150114536285,0
0,0.09581150114536285,0
0,0.09581150114536285,0
0,0.09581150114536285,0
0,0.09581150114536285,0
0,0.09581150114536285,0
0,0.09581150114536285,0
0,0.09581150114536285,0
0,0.09581150114536285,0
0,0.09581150114536285,0
0,0.09581150114536285,0
0,0.09581150114536285,0
0,0.09581150114536285,0
0,0.09581150114536285,0
0,0.09581150114536285,0
0,0.09581150114536285,0
0,0.09581150114536285,0
0,0.09581150114536285,0
0,0.09581150114536285,0
0,0.09581150114536285,0
0,0.09581150114536285,0
0,0.09581150114536285,0
0,0.09581150114536285,0
0,0.09581150114536285,0
0,0.09581150114536285,0
0,0.09581150114536285,0
0,0.09581150114536285,0
0,0.09581150114536285,0
0,0.09581150114536285,0
0,0.09581150114536285,0
0,0.09581150114536285,0
0,0.09581150114536285,0
0,0.09581150114536285,0
0,0.09581150114536285,0
0,0.09581150114536285,0
0,0.09581150114536285,0
0,0.09581150114536285,0
0,0.09581150114536285,0
0,0.09581150114536285,0
0,0.09581150114536285,0
0,0.09581150114536285,0
0,0.09581150114536285,0
0,0.09581150114536285,0
0,0.09581150114536285,0
0,0.09581150114536285,0
0,0.09581150114536285,0
0,0.09581150114536285,0
0,0.09581150114536285,0
0,0.09581150114536285,0
0,0.09581150114536285,0
0,0.09581150114536285,0
0,0.09581150114536285,0
0,0.09581150114536285,0
0,0.09581150114536285,0
0,0.09581150114536285,0
0,0.09581150114536285,0
0,0.09581150114536285,0
0,0.09581150114536285,0
0,0.09581150114536285,0
0,0.09581150114536285,0
0,0.09581150114536285,0
0,0.09581150114536285,0
0,0.09581150114536285,0
0,0.09581150114536285,0
0,0.09581150114536285,0
0,0.09581150114536285,0
0,0.09581150114536285,0
0,0.09581150114536285,0
0,0.09581150114536285,0
0,0.09581150114536285,0
0,0.09581150114536285,0
0,0.09581150114536285,0
0,0.09581150114536285,0
0,0.09581150114536285,0
0,0.09581150114536285,0
0,0.09581150114536285,0
0,0.09581150114536285,0
0,0.09581150114536285,0
0,0.09581150114536285,0
0,0.09581150114536285,0
0,0.09581150114536285,0
0,0.09581150114536285,0
0,0.09581150114536285,0
0,0.09581150114536285,0
0,0.09581150114536285,0
0,0.09581150114536285,0
0,0.09581150114536285,0
0,0.09581150114536285,0
0,0.09581150114536285,0
0,0.09581150114536285,0
0,0.09581150114536285,0
0,0.09581150114536285,0
0,0.09581150114536285,0
0,0.09581150114536285,0
0,0.09581150114536285,0
0,0.09581150114536285,0
0,0.09581150114536285,0
0,0.09581150114536285,0
0,0.09581150114536285,0
0,0.09581150114536285,0
0,0.09581150114536285,0
0,0.09581150114536285,0
0,0.09581150114536285,0
0,0.09581150114536285,0
0,0.09581150114536285,0
0,0.09581150114536285,0
0,0.09581150114536285,0
0,0.09581150114536285,0
0,0.09581150114536285,0
0,0.09581150114536285,0
0,0.09581150114536285,0
0,0.09581150114536285,0
0,0.09581150114536285,0
0,0.09581150114536285,0
0,0.09581150114536285,0
0,0.09581150114536285,0
0,0.09581150114536285,0
0,0.09581150114536285,0
0,0.09581150114536285,0
0,0.09581150114536285,0
0,0.09581150114536285,0
0,0.09581150114536285,0
0,0.09581150114536285,0
0,0.09581150114536285,0
0,0.09581150114536285,0
0,0.09581150114536285,0
0,0.09581150114536285,0
0,0.09581150114536285,0
0,0.09581150114536285,0
0,0.09581150114536285,0
0,0.09581150114536285,0
0,0.09581150114536285,0
0,0.09581150114536285,0
0,0.09581150114536285,0
0,0.09581150114536285,0
0,0.09581150114536285,0
0,0.09581150114536285,0
0,0.09581150114536285,0
0,0.09581150114536285,0
0,0.09581150114536285,0
0,0.09581150114536285,0
0,0.09581150114536285,0
0,0.09581150114536285,0
0,0.09581150114536285,0
0,0.09581150114536285,0
0,0.09581150114536285,0
0,0.09581150114536285,0
0,0.09581150114536285,0
0,0.09581150114536285,0
0,0.09581150114536285,0
0,0.09581150114536285,0
0,0.09581150114536285,0
0,0.09581150114536285,0
0,0.09581150114536285,0
0,0.09581150114536285,0
0,0.09581150114536285,0
0,0.09581150114536285,0
0,0.09581150114536285,0
0,0.09581150114536285,0
0,0.09581150114536285,0
0,0.09581150114536285,0
0,0.09581150114536285,0
0,0.09581150114536285,0
0,0.09581150114536285,0
0,0.09581150114536285,0
0,0.09581150114536285,0
0,0.09581150114536285,0
0,0.09581150114536285,0
0,0.09581150114536285,0
0,0.09581150114536285,0
0,0.09581150114536285,0
0,0.09581150114536285,0
0,0.09581150114536285,0
0,0.09581150114536285,0
0,0.09581150114536285,0
0,0.09581150114536285,0
0,0.09581150114536285,0
0,0.09581150114536285,0
0,0.09581150114536285,0
0,0.09581150114536285,0
0,0.09581150114536285,0
0,0.09581150114536285,0
0,0.09581150114536285,0
0,0.09581150114536285,0
0,0.09581150114536285,0
0,0.09581150114536285,0
0,0.09581150114536285,0
0,0.09581150114536285,0
0,0.09581150114536285,0
0,0.09581150114536285,0
0,0.09581150114536285,0
0,0.09581150114536285,0
0,0.09581150114536285,0
0,0.09581150114536285,0
0,0.09581150114536285,0
0,0.09581150114536285,0
0,0.09581150114536285,0
0,0.09581150114536285,0
0,0.09581150114536285,0
0,0.09581150114536285,0
0,0.09581150114536285,0
0,0.09581150114536285,0
0,0.09581150114536285,0
0,0.09581150114536285,0
0,0.09581150114536285,0
0,0.09581150114536285,0
0,0.09581150114536285,0
0,0.09581150114536285,0
0,0.09581150114536285,0
0,0.09581150114536285,0
0,0.09581150114536285,0
0,0.09581150114536285,0
0,0.09581150114536285,0
0,0.09581150114536285,0
0,0.09581150114536285,0
0,0.09581150114536285,0
0,0.09581150114536285,0
0,0.09581150114536285,0
0,0.09581150114536285,0
0,0.09581150114536285,0
0,0.09581150114536285,0
0,0.09581150114536285,0
0,0.09581150114536285,0
0,0.09581150114536285,0
0,0.09581150114536285,0
0,0.09581150114536285,0
0,0.09581150114536285,0
0,0.09581150114536285,0
0,0.09581150114536285,0
0,0.09581150114536285,0
0,0.09581150114536285,0
0,0.09581150114536285,0
0,0.09581150114536285,0
0,0.09581150114536285,0
0,0.09581150114536285,0
0,0.09581150114536285,0
0,0.09581150114536285,0
0,0.09581150114536285,0
0,0.09581150114536285,0
0,0.09581150114536285,0
0,0.09581150114536285,0
0,0.09581150114536285,0
0,0.09581150114536285,0
0,0.09581150114536285,0
0,0.09581150114536285,0
0,0.09581150114536285,0
0,0.09581150114536285,0
0,0.09581150114536285,0
0,0.09581150114536285,0
0,0.09581150114536285,0
0,0.09581150114536285,0
0,0.09581150114536285,0
0,0.09581150114536285,0
0,0.09581150114536285,0
0,0.09581150114536285,0
0,0.09581150114536285,0
0,0.09581150114536285,0
0,0.09581150114536285,0
0,0.09581150114536285,0
0,0.09581150114536285,0
0,0.09581150114536285,0
0,0.09581150114536285,0
0,0.09581150114536285,0
0,0.09581150114536285,0
0,0.09581150114536285,0
0,0.09581150114536285,0
0,0.09581150114536285,0
0,0.09581150114536285,0
0,0.09581150114536285,0
0,0.09581150114536285,0
0,0.09581150114536285,0
0,0.09581150114536285,0
0,0.09581150114536285,0
0,0.09581150114536285,0
0,0.09581150114536285,0
0,0.09581150114536285,0
0,0.09581150114536285,0
0,0.09581150114536285,0
0,0.09581150114536285,0
0,0.09581150114536285,0
0,0.09581150114536285,0
0,0.09581150114536285,0
0,0.09581150114536285,0
0,0.09581150114536285,0
0,0.09581150114536285,0
0,0.09581150114536285,0
0,0.09581150114536285,0
0,0.09581150114536285,0
0,0.09581150114536285,0
0,0.09581150114536285,0
0,0.09581150114536285,0
0,0.09581150114536285,0
0,0.09581150114536285,0
0,0.09581150114536285,0
0,0.09581150114536285,0
0,0.09581150114536285,0
0,0.09581150114536285,0
0,0.09581150114536285,0
0,0.09581150114536285,0
0,0.09581150114536285,0
0,0.09581150114536285,0
0,0.09581150114536285,0
0,0.09581150114536285,0
0,0.09581150114536285,0
0,0.09581150114536285,0
0,0.09581150114536285,0
0,0.09581150114536285,0
0,0.09581150114536285,0
0,0.09581150114536285,0
0,0.09581150114536285,0
0,0.09581150114536285,0
0,0.09581150114536285,0
0,0.09581150114536285,0
0,0.09581150114536285,0
0,0.09581150114536285,0
0,0.09581150114536285,0
0,0.09581150114536285,0
0,0.09581150114536285,0
0,0.09581150114536285,0
0,0.09581150114536285,0
0,0.09581150114536285,0
0,0.09581150114536285,0
0,0.09581150114536285,0
0,0.09581150114536285,0
0,0.09581150114536285,0
0,0.09581150114536285,0
0,0.09581150114536285,0
0,0.09581150114536285,0
0,0.09581150114536285,0
0,0.09581150114536285,0
0,0.09581150114536285,0
0,0.09581150114536285,0
0,0.09581150114536285,0
0,0.09581150114536285,0
0,0.09581150114536285,0
0,0.09581150114536285,0
0,0.09581150114536285,0
0,0.09581150114536285,0
0,0.09581150114536285,0
0,0.09581150114536285,0
0,0.09581150114536285,0
0,0.09581150114536285,0
0,0.09581150114536285,0
0,0.09581150114536285,0
0,0.09581150114536285,0
0,0.09581150114536285,0
0,0.09581150114536285,0
0,0.09581150114536285,0
0,0.09581150114536285,0
0,0.09581150114536285,0
0,0.09581150114536285,0
0,0.09581150114536285,0
0,0.09581150114536285,0
0,0.09581150114536285,0
0,0.09581150114536285,0
0,0.09581150114536285,0
0,0.09581150114536285,0
0,0.09581150114536285,0
0,0.09581150114536285,0
0,0.09581150114536285,0
0,0.09581150114536285,0
0,0.09581150114536285,0
0,0.09581150114536285,0
0,0.09581150114536285,0
0,0.09581150114536285,0
0,0.09581150114536285,0
0,0.09581150114536285,0
0,0.09581150114536285,0
0,0.09581150114536285,0
0,0.09581150114536285,0
0,0.09581150114536285,0
0,0.09581150114536285,0
0,0.09581150114536285,0
0,0.09581150114536285,0
0,0.09581150114536285,0
0,0.09581150114536285,0
0,0.09581150114536285,0
0,0.09581150114536285,0
0,0.09581150114536285,0
0,0.09581150114536285,0
0,0.09581150114536285,0
0,0.09581150114536285,0
0,0.09581150114536285,0
0,0.09581150114536285,0
0,0.09581150114536285,0
0,0.09581150114536285,0
0,0.09581150114536285,0
0,0.09581150114536285,0
0,0.09581150114536285,0
0,0.09581150114536285,0
0,0.09581150114536285,0
0,0.09581150114536285,0
0,0.09581150114536285,0
0,0.09581150114536285,0
0,0.09581150114536285,0
0,0.09581150114536285,0
0,0.09581150114536285,0
0,0.09581150114536285,0
0,0.09581150114536285,0
0,0.09581150114536285,0
0,0.09581150114536285,0
0,0.09581150114536285,0
0,0.09581150114536285,0
0,0.09581150114536285,0
0,0.09581150114536285,0
0,0.09581150114536285,0
0,0.09581150114536285,0
0,0.09581150114536285,0
0,0.09581150114536285,0
0,0.09581150114536285,0
0,0.09581150114536285,0
0,0.09581150114536285,0
0,0.09581150114536285,0
0,0.09581150114536285,0
0,0.09581150114536285,0
0,0.09581150114536285,0
0,0.09581150114536285,0
0,0.09581150114536285,0
0,0.09581150114536285,0
0,0.09581150114536285,0
0,0.09581150114536285,0
0,0.09581150114536285,0
0,0.09581150114536285,0
0,0.09581150114536285,0
0,0.09581150114536285,0
0,0.09581150114536285,0
0,0.09581150114536285,0
0,0.09581150114536285,0
0,0.09581150114536285,0
0,0.09581150114536285,0
0,0.09581150114536285,0
0,0.09581150114536285,0
0,0.09581150114536285,0
0,0.09581150114536285,0
0,0.09581150114536285,0
0,0.09581150114536285,0
0,0.09581150114536285,0
0,0.09581150114536285,0
0,0.09581150114536285,0
0,0.09581150114536285,0
0,0.09581150114536285,0
0,0.09581150114536285,0
0,0.09581150114536285,0
0,0.09581150114536285,0
0,0.09581150114536285,0
0,0.09581150114536285,0
0,0.09581150114536285,0
0,0.09581150114536285,0
0,0.09581150114536285,0
0,0.09581150114536285,0
0,0.09581150114536285,0
0,0.09581150114536285,0
0,0.09581150114536285,0
0,0.09581150114536285,0
0,0.09581150114536285,0
0,0.09581150114536285,0
0,0.09581150114536285,0
0,0.09581150114536285,0
0,0.09581150114536285,0
0,0.09581150114536285,0
0,0.09581150114536285,0
0,0.09581150114536285,0
0,0.09581150114536285,0
0,0.09581150114536285,0
0,0.09581150114536285,0
0,0.09581150114536285,0
0,0.09581150114536285,0
0,0.09581150114536285,0
0,0.09581150114536285,0
0,0.09581150114536285,0
0,0.09581150114536285,0
0,0.09581150114536285,0
0,0.09581150114536285,0
0,0.09581150114536285,0
0,0.09581150114536285,0
0,0.09581150114536285,0
0,0.09581150114536285,0
0,0.09581150114536285,0
0,0.09581150114536285,0
0,0.09581150114536285,0
0,0.09581150114536285,0
0,0.09581150114536285,0
0,0.09581150114536285,0
0,0.09581150114536285,0
0,0.09581150114536285,0
0,0.09581150114536285,0
0,0.09581150114536285,0
0,0.09581150114536285,0
0,0.09581150114536285,0
0,0.09581150114536285,0
0,0.09581150114536285,0
0,0.09581150114536285,0
0,0.09581150114536285,0
0,0.09581150114536285,0
0,0.09581150114536285,0
0,0.09581150114536285,0
0,0.09581150114536285,0
0,0.09581150114536285,0
0,0.09581150114536285,0
0,0.09581150114536285,0
0,0.09581150114536285,0
0,0.09581150114536285,0
0,0.09581150114536285,0
0,0.09581150114536285,0
0,0.09581150114536285,0
0,0.09581150114536285,0
0,0.09581150114536285,0
0,0.09581150114536285,0
0,0.09581150114536285,0
0,0.09581150114536285,0
0,0.09581150114536285,0
0,0.09581150114536285,0
0,0.09581150114536285,0
0,0.09581150114536285,0
0,0.09581150114536285,0
0,0.09581150114536285,0
0,0.09581150114536285,0
0,0.09581150114536285,0
0,0.09581150114536285,0
0,0.09581150114536285,0
0,0.09581150114536285,0
0,0.09581150114536285,0
0,0.09581150114536285,0
0,0.09581150114536285,0
0,0.09581150114536285,0
0,0.09581150114536285,0
0,0.09581150114536285,0
0,0.09581150114536285,0
0,0.09581150114536285,0
0,0.09581150114536285,0
0,0.09581150114536285,0
0,0.09581150114536285,0
0,0.09581150114536285,0
0,0.09581150114536285,0
0,0.09581150114536285,0
0,0.09581150114536285,0
0,0.09581150114536285,0
0,0.09581150114536285,0
0,0.09581150114536285,0
0,0.09581150114536285,0
0,0.09581150114536285,0
0,0.09581150114536285,0
0,0.09581150114536285,0
0,0.09581150114536285,0
0,0.09581150114536285,0
0,0.09581150114536285,0
0,0.09581150114536285,0
0,0.09581150114536285,0
0,0.09581150114536285,0
0,0.09581150114536285,0
0,0.09581150114536285,0
0,0.09581150114536285,0
0,0.09581150114536285,0
0,0.09581150114536285,0
0,0.09581150114536285,0
0,0.09581150114536285,0
0,0.09581150114536285,0
0,0.09581150114536285,0
0,0.09581150114536285,0
0,0.09581150114536285,0
0,0.09581150114536285,0
0,0.09581150114536285,0
0,0.09581150114536285,0
0,0.09581150114536285,0
0,0.09581150114536285,0
0,0.09581150114536285,0
0,0.09581150114536285,0
0,0.09581150114536285,0
0,0.09581150114536285,0
0,0.09581150114536285,0
0,0.09581150114536285,0
0,0.09581150114536285,0
0,0.09581150114536285,0
0,0.09581150114536285,0
0,0.09581150114536285,0
0,0.09581150114536285,0
0,0.09581150114536285,0
0,0.09581150114536285,0
0,0.09581150114536285,0
0,0.09581150114536285,0
0,0.09581150114536285,0
0,0.09581150114536285,0
0,0.09581150114536285,0
0,0.09581150114536285,0
0,0.09581150114536285,0
0,0.09581150114536285,0
0,0.09581150114536285,0
0,0.09581150114536285,0
0,0.09581150114536285,0
0,0.09581150114536285,0
0,0.09581150114536285,0
0,0.09581150114536285,0
0,0.09581150114536285,0
0,0.09581150114536285,0
0,0.09581150114536285,0
0,0.09581150114536285,0
0,0.09581150114536285,0
0,0.09581150114536285,0
0,0.09581150114536285,0
0,0.09581150114536285,0
0,0.09581150114536285,0
0,0.09581150114536285,0
0,0.09581150114536285,0
0,0.09581150114536285,0
0,0.09581150114536285,0
0,0.09581150114536285,0
0,0.09581150114536285,0
0,0.09581150114536285,0
0,0.09581150114536285,0
0,0.09581150114536285,0
0,0.09581150114536285,0
0,0.09581150114536285,0
0,0.09581150114536285,0
0,0.09581150114536285,0
0,0.09581150114536285,0
0,0.09581150114536285,0
0,0.09581150114536285,0
0,0.09581150114536285,0
0,0.09581150114536285,0
0,0.09581150114536285,0
0,0.09581150114536285,0
0,0.09581150114536285,0
0,0.09581150114536285,0
0,0.09581150114536285,0
0,0.09581150114536285,0
0,0.09581150114536285,0
0,0.09581150114536285,0
0,0.09581150114536285,0
0,0.09581150114536285,0
0,0.09581150114536285,0
0,0.09581150114536285,0
0,0.09581150114536285,0
0,0.09581150114536285,0
0,0.09581150114536285,0
0,0.09581150114536285,0
0,0.09581150114536285,0
0,0.09581150114536285,0
0,0.09581150114536285,0
0,0.09581150114536285,0
0,0.09581150114536285,0
0,0.09581150114536285,0
0,0.09581150114536285,0
0,0.09581150114536285,0
0,0.09581150114536285,0
0,0.09581150114536285,0
0,0.09581150114536285,0
0,0.09581150114536285,0
0,0.09581150114536285,0
0,0.09581150114536285,0
0,0.09581150114536285,0
0,0.09581150114536285,0
0,0.09581150114536285,0
0,0.09581150114536285,0
0,0.09581150114536285,0
0,0.09581150114536285,0
0,0.09581150114536285,0
0,0.09581150114536285,0
0,0.09581150114536285,0
0,0.09581150114536285,0
0,0.09581150114536285,0
0,0.09581150114536285,0
0,0.09581150114536285,0
0,0.09581150114536285,0
0,0.09581150114536285,0
0,0.09581150114536285,0
0,0.09581150114536285,0
0,0.09581150114536285,0
0,0.09581150114536285,0
0,0.09581150114536285,0
0,0.09581150114536285,0
0,0.09581150114536285,0
0,0.09581150114536285,0
0,0.09581150114536285,0
0,0.09581150114536285,0
0,0.09581150114536285,0
0,0.09581150114536285,0
0,0.09581150114536285,0
0,0.09581150114536285,0
0,0.09581150114536285,0
0,0.09581150114536285,0
0,0.09581150114536285,0
0,0.09581150114536285,0
0,0.09581150114536285,0
0,0.09581150114536285,0
0,0.09581150114536285,0
0,0.09581150114536285,0
0,0.09581150114536285,0
0,0.09581150114536285,0
0,0.09581150114536285,0
0,0.09581150114536285,0
0,0.09581150114536285,0
0,0.09581150114536285,0
0,0.09581150114536285,0
0,0.09581150114536285,0
0,0.09581150114536285,0
0,0.09581150114536285,0
0,0.09581150114536285,0
0,0.09581150114536285,0
0,0.09581150114536285,0
0,0.09581150114536285,0
0,0.09581150114536285,0
0,0.09581150114536285,0
0,0.09581150114536285,0
0,0.09581150114536285,0
0,0.09581150114536285,0
0,0.09581150114536285,0
0,0.09581150114536285,0
0,0.09581150114536285,0
0,0.09581150114536285,0
0,0.09581150114536285,0
0,0.09581150114536285,0
0,0.09581150114536285,0
0,0.09581150114536285,0
0,0.09581150114536285,0
0,0.09581150114536285,0
0,0.09581150114536285,0
0,0.09581150114536285,0
0,0.09581150114536285,0
0,0.09581150114536285,0
0,0.09581150114536285,0
0,0.09581150114536285,0
0,0.09581150114536285,0
0,0.09581150114536285,0
0,0.09581150114536285,0
0,0.09581150114536285,0
0,0.09581150114536285,0
0,0.09581150114536285,0
0,0.09581150114536285,0
0,0.09581150114536285,0
0,0.09581150114536285,0
0,0.09581150114536285,0
0,0.09581150114536285,0
0,0.09581150114536285,0
0,0.09581150114536285,0
0,0.09581150114536285,0
0,0.09581150114536285,0
0,0.09581150114536285,0
0,0.09581150114536285,0
0,0.09581150114536285,0
0,0.09581150114536285,0
0,0.09581150114536285,0
0,0.09581150114536285,0
0,0.09581150114536285,0
0,0.09581150114536285,0
0,0.09581150114536285,0
0,0.09581150114536285,0
0,0.09581150114536285,0
0,0.09581150114536285,0
0,0.09581150114536285,0
0,0.09581150114536285,0
0,0.09581150114536285,0
0,0.09581150114536285,0
0,0.09581150114536285,0
0,0.09581150114536285,0
0,0.09581150114536285,0
0,0.09581150114536285,0
0,0.09581150114536285,0
0,0.09581150114536285,0
0,0.09581150114536285,0
0,0.09581150114536285,0
0,0.09581150114536285,0
0,0.09581150114536285,0
0,0.09581150114536285,0
0,0.09581150114536285,0
0,0.09581150114536285,0
0,0.09581150114536285,0
0,0.09581150114536285,0
0,0.09581150114536285,0
0,0.09581150114536285,0
0,0.09581150114536285,0
0,0.09581150114536285,0
0,0.09581150114536285,0
0,0.09581150114536285,0
0,0.09581150114536285,0
0,0.09581150114536285,0
0,0.09581150114536285,0
0,0.09581150114536285,0
0,0.09581150114536285,0
0,0.09581150114536285,0
0,0.09581150114536285,0
0,0.09581150114536285,0
0,0.09581150114536285,0
0,0.09581150114536285,0
0,0.09581150114536285,0
0,0.09581150114536285,0
0,0.09581150114536285,0
0,0.09581150114536285,0
0,0.09581150114536285,0
0,0.09581150114536285,0
0,0.09581150114536285,0
0,0.09581150114536285,0
0,0.09581150114536285,0
0,0.09581150114536285,0
0,0.09581150114536285,0
0,0.09581150114536285,0
0,0.09581150114536285,0
0,0.09581150114536285,0
0,0.09581150114536285,0
0,0.09581150114536285,0
0,0.09581150114536285,0
0,0.09581150114536285,0
0,0.09581150114536285,0
0,0.09581150114536285,0
0,0.09581150114536285,0
0,0.09581150114536285,0
0,0.09581150114536285,0
0,0.09581150114536285,0
0,0.09581150114536285,0
0,0.09581150114536285,0
0,0.09581150114536285,0
0,0.09581150114536285,0
0,0.09581150114536285,0
0,0.09581150114536285,0
0,0.09581150114536285,0
0,0.09581150114536285,0
0,0.09581150114536285,0
0,0.09581150114536285,0
0,0.09581150114536285,0
0,0.09581150114536285,0
0,0.09581150114536285,0
0,0.09581150114536285,0
0,0.09581150114536285,0
0,0.09581150114536285,0
0,0.09581150114536285,0
0,0.09581150114536285,0
0,0.09581150114536285,0
0,0.09581150114536285,0
0,0.09581150114536285,0
0,0.09581150114536285,0
0,0.09581150114536285,0
0,0.09581150114536285,0
0,0.09581150114536285,0
0,0.09581150114536285,0
0,0.09581150114536285,0
0,0.09581150114536285,0
0,0.09581150114536285,0
0,0.09581150114536285,0
0,0.09581150114536285,0
0,0.09581150114536285,0
0,0.09581150114536285,0
0,0.09581150114536285,0
0,0.09581150114536285,0
0,0.09581150114536285,0
0,0.09581150114536285,0
0,0.09581150114536285,0
0,0.09581150114536285,0
0,0.09581150114536285,0
0,0.09581150114536285,0
0,0.09581150114536285,0
0,0.09581150114536285,0
0,0.09581150114536285,0
0,0.09581150114536285,0
0,0.09581150114536285,0
0,0.09581150114536285,0
0,0.09581150114536285,0
0,0.09581150114536285,0
0,0.09581150114536285,0
0,0.09581150114536285,0
0,0.09581150114536285,0
0,0.09581150114536285,0
0,0.09581150114536285,0
0,0.09581150114536285,0
0,0.09581150114536285,0
0,0.09581150114536285,0
0,0.09581150114536285,0
0,0.09581150114536285,0
0,0.09581150114536285,0
0,0.09581150114536285,0
0,0.09581150114536285,0
0,0.09581150114536285,0
0,0.09581150114536285,0
0,0.8529778122901917,0
0,0.8391616344451904,0
0,0.8096618056297302,0
0,0.8238909244537354,0
0,0.8451452255249023,0
0,0.8611509203910828,0
0,0.8749416470527649,0
0,0.7743383049964905,0
0,0.7565404176712036,0
0,0.7586432695388794,0
0,0.7802621126174927,0
0,0.8108029365539551,0
0,0.6471360921859741,0
0,0.5066333413124084,0
0,0.09581150114536285,0
0,0.09581150114536285,0
0,0.09581150114536285,0
0,0.09581150114536285,0
0,0.09581150114536285,0
0,0.09581150114536285,0
0,0.09581150114536285,0
0,0.09581150114536285,0
0,0.09581150114536285,0
0,0.09581150114536285,0
0,0.09581150114536285,0
0,0.09581150114536285,0
0,0.09581150114536285,0
0,0.09581150114536285,0
0,0.09581150114536285,0
0,0.09581150114536285,0
0,0.09581150114536285,0
0,0.09581150114536285,0
0,0.09581150114536285,0
0,0.09581150114536285,0
0,0.09581150114536285,0
0,0.09581150114536285,0
0,0.09581150114536285,0
0,0.09581150114536285,0
0,0.09581150114536285,0
0,0.09581150114536285,0
0,0.09581150114536285,0
0,0.09581150114536285,0
0,0.09581150114536285,0
0,0.09581150114536285,0
0,0.09581150114536285,0
0,0.09581150114536285,0
0,0.09581150114536285,0
0,0.09581150114536285,0
0,0.09581150114536285,0
0,0.09581150114536285,0
1,0.09581150114536285,0
0,0.8923224210739136,0
0,0.8895574808120728,0
0,0.883767306804657,0
0,0.8632813096046448,0
0,0.8468464016914368,0
0,0.8307079672813416,0
0,0.8125883340835571,0
0,0.7851958274841309,0
0,0.7540867328643799,0
0,0.7434166669845581,0
0,0.7469439506530762,0
0,0.7541808485984802,0
0,0.7545438408851624,0
0,0.7282616496086121,0
0,0.6804725527763367,0
0,0.6562877893447876,0
0,0.6852715611457825,0
0,0.7351422905921936,0
0,0.7442667484283447,0
0,0.7101284265518188,0
0,0.6404545903205872,0
0,0.5794359445571899,0
0,0.5981054902076721,0
0,0.6770144104957581,0
0,0.7196396589279175,0
0,0.7175034880638123,0
0,0.6955389380455017,0
0,0.670813798904419,0
0,0.6545332670211792,0
0,0.6471360921859741,0
0,0.5066333413124084,0
0,0.09581150114536285,0
0,0.09581150114536285,0
0,0.09581150114536285,0
0,0.09581150114536285,0
0,0.09581150114536285,0
0,0.09581150114536285,0
0,0.09581150114536285,0
0,0.09581150114536285,0
0,0.09581150114536285,0
0,0.09581150114536285,0
0,0.09581150114536285,0
0,0.09581150114536285,0
0,0.09581150114536285,0
0,0.09581150114536285,0
0,0.09581150114536285,0
0,0.09581150114536285,0
0,0.09581150114536285,0
0,0.09581150114536285,0
0,0.09581150114536285,0
0,0.09581150114536285,0
0,0.09581150114536285,0
0,0.09581150114536285,0
0,0.09581150114536285,0
0,0.09581150114536285,0
0,0.09581150114536285,0
0,0.09581150114536285,0
0,0.09581150114536285,0
0,0.09581150114536285,0
0,0.09581150114536285,0
0,0.09581150114536285,0
0,0.09581150114536285,0
0,0.09581150114536285,0
0,0.09581150114536285,0
0,0.09581150114536285,0
0,0.09581150114536285,0
0,0.09581150114536285,0
0,0.09581150114536285,0
0,0.09581150114536285,0
0,0.09581150114536285,0
0,0.09581150114536285,0
0,0.09581150114536285,0
0,0.09581150114536285,0
0,0.09581150114536285,0
0,0.09581150114536285,0
0,0.09581150114536285,0
0,0.09581150114536285,0
0,0.09581150114536285,0
0,0.09581150114536285,0
0,0.09581150114536285,0
0,0.09581150114536285,0
0,0.09581150114536285,0
0,0.09581150114536285,0
0,0.09581150114536285,0
0,0.09581150114536285,0
0,0.09581150114536285,0
0,0.09581150114536285,0
0,0.09581150114536285,0
0,0.09581150114536285,0
0,0.09581150114536285,0
0,0.09581150114536285,0
0,0.09581150114536285,0
0,0.09581150114536285,0
0,0.09581150114536285,0
0,0.09581150114536285,0
0,0.09581150114536285,0
0,0.09581150114536285,0
0,0.09581150114536285,0
0,0.09581150114536285,0
0,0.09581150114536285,0
0,0.09581150114536285,0
0,0.09581150114536285,0
0,0.09581150114536285,0
0,0.09581150114536285,0
0,0.09581150114536285,0
0,0.09581150114536285,0
0,0.09581150114536285,0
0,0.09581150114536285,0
0,0.09581150114536285,0
0,0.09581150114536285,0
0,0.09581150114536285,0
0,0.09581150114536285,0
0,0.09581150114536285,0
0,0.09581150114536285,0
0,0.09581150114536285,0
0,0.09581150114536285,0
0,0.09581150114536285,0
0,0.09581150114536285,0
0,0.09581150114536285,0
0,0.09581150114536285,0
0,0.09581150114536285,0
0,0.09581150114536285,0
0,0.09581150114536285,0
0,0.09581150114536285,0
0,0.09581150114536285,0
0,0.09581150114536285,0
0,0.09581150114536285,0
0,0.09581150114536285,0
0,0.09581150114536285,0
0,0.09581150114536285,0
0,0.09581150114536285,0
0,0.09581150114536285,0
0,0.09581150114536285,0
0,0.09581150114536285,0
0,0.09581150114536285,0
0,0.09581150114536285,0
0,0.09581150114536285,0
0,0.09581150114536285,0
0,0.09581150114536285,0
0,0.09581150114536285,0
0,0.09581150114536285,0
0,0.09581150114536285,0
0,0.09581150114536285,0
0,0.09581150114536285,0
0,0.09581150114536285,0
0,0.09581150114536285,0
0,0.09581150114536285,0
0,0.09581150114536285,0
0,0.09581150114536285,0
0,0.09581150114536285,0
0,0.09581150114536285,0
0,0.09581150114536285,0
0,0.09581150114536285,0
0,0.09581150114536285,0
0,0.09581150114536285,0
0,0.09581150114536285,0
0,0.09581150114536285,0
0,0.09581150114536285,0
0,0.09581150114536285,0
0,0.09581150114536285,0
0,0.09581150114536285,0
0,0.09581150114536285,0
0,0.09581150114536285,0
0,0.09581150114536285,0
0,0.09581150114536285,0
0,0.09581150114536285,0
0,0.09581150114536285,0
0,0.09581150114536285,0
0,0.09581150114536285,0
0,0.09581150114536285,0
0,0.09581150114536285,0
0,0.09581150114536285,0
0,0.09581150114536285,0
0,0.09581150114536285,0
0,0.09581150114536285,0
0,0.09581150114536285,0
0,0.09581150114536285,0
0,0.09581150114536285,0
0,0.09581150114536285,0
0,0.09581150114536285,0
0,0.09581150114536285,0
0,0.09581150114536285,0
0,0.09581150114536285,0
0,0.09581150114536285,0
0,0.09581150114536285,0
0,0.09581150114536285,0
0,0.09581150114536285,0
0,0.09581150114536285,0
0,0.09581150114536285,0
0,0.09581150114536285,0
0,0.09581150114536285,0
0,0.09581150114536285,0
0,0.09581150114536285,0
0,0.09581150114536285,0
0,0.09581150114536285,0
0,0.09581150114536285,0
0,0.09581150114536285,0
0,0.09581150114536285,0
0,0.09581150114536285,0
0,0.09581150114536285,0
0,0.09581150114536285,0
0,0.09581150114536285,0
0,0.09581150114536285,0
0,0.09581150114536285,0
0,0.09581150114536285,0
0,0.09581150114536285,0
0,0.09581150114536285,0
0,0.09581150114536285,0
0,0.09581150114536285,0
0,0.09581150114536285,0
0,0.09581150114536285,0
0,0.09581150114536285,0
0,0.09581150114536285,0
0,0.09581150114536285,0
0,0.09581150114536285,0
0,0.09581150114536285,0
0,0.09581150114536285,0
0,0.09581150114536285,0
0,0.09581150114536285,0
0,0.09581150114536285,0
0,0.09581150114536285,0
0,0.09581150114536285,0
0,0.09581150114536285,0
0,0.09581150114536285,0
0,0.09581150114536285,0
0,0.09581150114536285,0
0,0.09581150114536285,0
0,0.09581150114536285,0
0,0.09581150114536285,0
0,0.09581150114536285,0
0,0.09581150114536285,0
0,0.09581150114536285,0
0,0.09581150114536285,0
0,0.09581150114536285,0
0,0.09581150114536285,0
0,0.09581150114536285,0
0,0.09581150114536285,0
0,0.09581150114536285,0
0,0.09581150114536285,0
0,0.09581150114536285,0
0,0.09581150114536285,0
0,0.09581150114536285,0
0,0.09581150114536285,0
0,0.09581150114536285,0
0,0.09581150114536285,0
0,0.09581150114536285,0
0,0.09581150114536285,0
0,0.09581150114536285,0
0,0.09581150114536285,0
0,0.09581150114536285,0
0,0.09581150114536285,0
0,0.09581150114536285,0
0,0.09581150114536285,0
0,0.09581150114536285,0
0,0.09581150114536285,0
0,0.09581150114536285,0
0,0.09581150114536285,0
0,0.09581150114536285,0
0,0.09581150114536285,0
0,0.09581150114536285,0
0,0.09581150114536285,0
0,0.09581150114536285,0
0,0.09581150114536285,0
0,0.09581150114536285,0
0,0.09581150114536285,0
0,0.09581150114536285,0
0,0.09581150114536285,0
0,0.09581150114536285,0
0,0.09581150114536285,0
0,0.09581150114536285,0
0,0.09581150114536285,0
0,0.09581150114536285,0
0,0.09581150114536285,0
0,0.09581150114536285,0
0,0.09581150114536285,0
0,0.09581150114536285,0
0,0.09581150114536285,0
0,0.09581150114536285,0
0,0.09581150114536285,0
0,0.09581150114536285,0
0,0.09581150114536285,0
0,0.09581150114536285,0
0,0.09581150114536285,0
0,0.09581150114536285,0
0,0.09581150114536285,0
0,0.09581150114536285,0
0,0.09581150114536285,0
0,0.09581150114536285,0
0,0.09581150114536285,0
0,0.09581150114536285,0
0,0.09581150114536285,0
0,0.09581150114536285,0
0,0.09581150114536285,0
0,0.09581150114536285,0
0,0.09581150114536285,0
0,0.09581150114536285,0
0,0.09581150114536285,0
0,0.09581150114536285,0
0,0.09581150114536285,0
0,0.09581150114536285,0
0,0.09581150114536285,0
0,0.09581150114536285,0
0,0.09581150114536285,0
0,0.09581150114536285,0
0,0.09581150114536285,0
0,0.09581150114536285,0
0,0.09581150114536285,0
0,0.09581150114536285,0
0,0.09581150114536285,0
0,0.09581150114536285,0
0,0.09581150114536285,0
0,0.09581150114536285,0
0,0.09581150114536285,0
0,0.09581150114536285,0
1,0.09581150114536285,0
0,0.8923224210739136,0
0,0.8895574808120728,0
0,0.883767306804657,0
0,0.8632813096046448,0
0,0.8468464016914368,0
0,0.8307079672813416,0
0,0.8125883340835571,0
0,0.7851958274841309,0
0,0.7540867328643799,0
0,0.7434166669845581,0
0,0.7469439506530762,0
0,0.7541808485984802,0
0,0.7545438408851624,0
0,0.7282616496086121,0
0,0.6804725527763367,0
0,0.6562877893447876,0
0,0.6852715611457825,0
0,0.7351422905921936,0
0,0.7442667484283447,0
0,0.7101284265518188,0
0,0.6404545903205872,0
0,0.5794359445571899,0
0,0.5981054902076721,0
0,0.6770144104957581,0
0,0.7196396589279175,0
0,0.7175034880638123,0
0,0.6955389380455017,0
0,0.670813798904419,0
0,0.6545332670211792,0
0,0.6471360921859741,0
0,0.5066333413124084,0
0,0.09581150114536285,0
0,0.09581150114536285,0
0,0.09581150114536285,0
0,0.09581150114536285,0
0,0.09581150114536285,0
0,0.09581150114536285,0
0,0.09581150114536285,0
0,0.09581150114536285,0
0,0.09581150114536285,0
0,0.09581150114536285,0
0,0.09581150114536285,0
0,0.09581150114536285,0
0,0.09581150114536285,0
0,0.09581150114536285,0
0,0.09581150114536285,0
0,0.09581150114536285,0
0,0.09581150114536285,0
0,0.09581150114536285,0
0,0.09581150114536285,0
0,0.09581150114536285,0
0,0.09581150114536285,0
0,0.09581150114536285,0
0,0.09581150114536285,0
0,0.09581150114536285,0
0,0.09581150114536285,0
0,0.09581150114536285,0
0,0.09581150114536285,0
0,0.09581150114536285,0
0,0.09581150114536285,0
0,0.09581150114536285,0
0,0.09581150114536285,0
0,0.09581150114536285,0
0,0.09581150114536285,0
0,0.09581150114536285,0
0,0.09581150114536285,0
0,0.09581150114536285,0
0,0.09581150114536285,0
0,0.09581150114536285,0
0,0.09581150114536285,0
0,0.09581150114536285,0
0,0.09581150114536285,0
0,0.09581150114536285,0
0,0.09581150114536285,0
0,0.09581150114536285,0
0,0.09581150114536285,0
0,0.09581150114536285,0
0,0.09581150114536285,0
0,0.09581150114536285,0
0,0.09581150114536285,0
0,0.09581150114536285,0
0,0.09581150114536285,0
0,0.09581150114536285,0
0,0.09581150114536285,0
0,0.09581150114536285,0
0,0.09581150114536285,0
0,0.09581150114536285,0
0,0.09581150114536285,0
0,0.09581150114536285,0
0,0.09581150114536285,0
0,0.09581150114536285,0
0,0.09581150114536285,0
0,0.09581150114536285,0
0,0.09581150114536285,0
0,0.09581150114536285,0
0,0.09581150114536285,0
0,0.09581150114536285,0
0,0.09581150114536285,0
0,0.09581150114536285,0
0,0.09581150114536285,0
0,0.09581150114536285,0
0,0.09581150114536285,0
0,0.09581150114536285,0
0,0.09581150114536285,0
0,0.09581150114536285,0
0,0.09581150114536285,0
0,0.09581150114536285,0
0,0.09581150114536285,0
0,0.09581150114536285,0
0,0.09581150114536285,0
0,0.09581150114536285,0
0,0.09581150114536285,0
0,0.09581150114536285,0
0,0.09581150114536285,0
0,0.09581150114536285,0
0,0.09581150114536285,0
0,0.09581150114536285,0
0,0.09581150114536285,0
0,0.09581150114536285,0
0,0.09581150114536285,0
0,0.09581150114536285,0
0,0.09581150114536285,0
0,0.09581150114536285,0
0,0.09581150114536285,0
0,0.09581150114536285,0
0,0.09581150114536285,0
0,0.09581150114536285,0
0,0.09581150114536285,0
0,0.09581150114536285,0
0,0.09581150114536285,0
0,0.09581150114536285,0
0,0.09581150114536285,0
0,0.09581150114536285,0
0,0.09581150114536285,0
0,0.09581150114536285,0
0,0.09581150114536285,0
0,0.09581150114536285,0
0,0.09581150114536285,0
0,0.09581150114536285,0
0,0.09581150114536285,0
0,0.09581150114536285,0
0,0.09581150114536285,0
0,0.09581150114536285,0
0,0.09581150114536285,0
0,0.09581150114536285,0
0,0.09581150114536285,0
0,0.09581150114536285,0
0,0.09581150114536285,0
0,0.09581150114536285,0
0,0.09581150114536285,0
0,0.09581150114536285,0
0,0.09581150114536285,0
0,0.09581150114536285,0
0,0.09581150114536285,0
0,0.09581150114536285,0
0,0.09581150114536285,0
0,0.09581150114536285,0
0,0.09581150114536285,0
0,0.09581150114536285,0
0,0.09581150114536285,0
0,0.09581150114536285,0
0,0.09581150114536285,0
0,0.09581150114536285,0
0,0.09581150114536285,0
0,0.09581150114536285,0
0,0.09581150114536285,0
0,0.09581150114536285,0
0,0.09581150114536285,0
0,0.09581150114536285,0
0,0.09581150114536285,0
0,0.09581150114536285,0
0,0.09581150114536285,0
0,0.09581150114536285,0
0,0.09581150114536285,0
0,0.09581150114536285,0
0,0.09581150114536285,0
0,0.09581150114536285,0
0,0.09581150114536285,0
0,0.09581150114536285,0
0,0.09581150114536285,0
0,0.09581150114536285,0
0,0.09581150114536285,0
0,0.09581150114536285,0
0,0.09581150114536285,0
0,0.09581150114536285,0
0,0.09581150114536285,0
0,0.09581150114536285,0
0,0.09581150114536285,0
0,0.09581150114536285,0
0,0.09581150114536285,0
0,0.09581150114536285,0
0,0.09581150114536285,0
0,0.09581150114536285,0
0,0.09581150114536285,0
0,0.09581150114536285,0
0,0.09581150114536285,0
0,0.09581150114536285,0
0,0.09581150114536285,0
0,0.09581150114536285,0
0,0.09581150114536285,0
0,0.09581150114536285,0
0,0.09581150114536285,0
0,0.09581150114536285,0
0,0.09581150114536285,0
0,0.09581150114536285,0
0,0.09581150114536285,0
0,0.09581150114536285,0
0,0.09581150114536285,0
0,0.09581150114536285,0
0,0.09581150114536285,0
0,0.09581150114536285,0
0,0.09581150114536285,0
0,0.09581150114536285,0
0,0.09581150114536285,0
0,0.09581150114536285,0
0,0.09581150114536285,0
0,0.09581150114536285,0
0,0.09581150114536285,0
0,0.09581150114536285,0
0,0.09581150114536285,0
0,0.09581150114536285,0
0,0.09581150114536285,0
0,0.09581150114536285,0
0,0.09581150114536285,0
0,0.09581150114536285,0
0,0.09581150114536285,0
0,0.09581150114536285,0
0,0.09581150114536285,0
0,0.09581150114536285,0
0,0.09581150114536285,0
0,0.09581150114536285,0
0,0.09581150114536285,0
0,0.09581150114536285,0
0,0.09581150114536285,0
0,0.09581150114536285,0
0,0.09581150114536285,0
0,0.09581150114536285,0
0,0.09581150114536285,0
0,0.09581150114536285,0
0,0.09581150114536285,0
0,0.09581150114536285,0
0,0.09581150114536285,0
0,0.09581150114536285,0
0,0.09581150114536285,0
0,0.09581150114536285,0
0,0.09581150114536285,0
0,0.09581150114536285,0
0,0.09581150114536285,0
0,0.09581150114536285,0
0,0.09581150114536285,0
0,0.09581150114536285,0
0,0.09581150114536285,0
0,0.09581150114536285,0
0,0.09581150114536285,0
0,0.09581150114536285,0
0,0.09581150114536285,0
0,0.09581150114536285,0
0,0.09581150114536285,0
0,0.09581150114536285,0
0,0.09581150114536285,0
0,0.09581150114536285,0
0,0.09581150114536285,0
0,0.09581150114536285,0
0,0.09581150114536285,0
0,0.09581150114536285,0
0,0.09581150114536285,0
0,0.09581150114536285,0
0,0.09581150114536285,0
0,0.09581150114536285,0
0,0.09581150114536285,0
0,0.09581150114536285,0
0,0.09581150114536285,0
0,0.09581150114536285,0
0,0.09581150114536285,0
0,0.09581150114536285,0
0,0.09581150114536285,0
0,0.09581150114536285,0
0,0.09581150114536285,0
0,0.09581150114536285,0
0,0.09581150114536285,0
0,0.09581150114536285,0
0,0.09581150114536285,0
0,0.09581150114536285,0
0,0.09581150114536285,0
0,0.09581150114536285,0
0,0.09581150114536285,0
0,0.09581150114536285,0
0,0.09581150114536285,0
0,0.09581150114536285,0
0,0.09581150114536285,0
0,0.09581150114536285,0
0,0.09581150114536285,0
0,0.09581150114536285,0
0,0.09581150114536285,0
0,0.09581150114536285,0
0,0.09581150114536285,0
0,0.09581150114536285,0
0,0.09581150114536285,0
0,0.09581150114536285,0
0,0.09581150114536285,0
0,0.09581150114536285,0
0,0.09581150114536285,0
0,0.09581150114536285,0
0,0.09581150114536285,0
0,0.09581150114536285,0
0,0.09581150114536285,0
0,0.09581150114536285,0
0,0.09581150114536285,0
0,0.09581150114536285,0
0,0.09581150114536285,0
0,0.09581150114536285,0
0,0.09581150114536285,0
0,0.09581150114536285,0
0,0.09581150114536285,0
0,0.09581150114536285,0
0,0.09581150114536285,0
0,0.09581150114536285,0
0,0.09581150114536285,0
0,0.09581150114536285,0
0,0.09581150114536285,0
0,0.09581150114536285,0
0,0.09581150114536285,0
0,0.09581150114536285,0
0,0.09581150114536285,0
0,0.09581150114536285,0
0,0.09581150114536285,0
0,0.09581150114536285,0
0,0.09581150114536285,0
0,0.09581150114536285,0
0,0.09581150114536285,0
0,0.09581150114536285,0
0,0.09581150114536285,0
0,0.09581150114536285,0
0,0.09581150114536285,0
0,0.09581150114536285,0
0,0.09581150114536285,0
0,0.09581150114536285,0
0,0.09581150114536285,0
0,0.09581150114536285,0
0,0.09581150114536285,0
0,0.09581150114536285,0
0,0.09581150114536285,0
0,0.09581150114536285,0
0,0.09581150114536285,0
0,0.09581150114536285,0
0,0.09581150114536285,0
0,0.09581150114536285,0
0,0.09581150114536285,0
0,0.09581150114536285,0
0,0.09581150114536285,0
0,0.09581150114536285,0
0,0.09581150114536285,0
0,0.09581150114536285,0
0,0.09581150114536285,0
0,0.09581150114536285,0
0,0.09581150114536285,0
0,0.09581150114536285,0
0,0.09581150114536285,0
0,0.09581150114536285,0
0,0.09581150114536285,0
0,0.09581150114536285,0
0,0.09581150114536285,0
0,0.09581150114536285,0
0,0.09581150114536285,0
0,0.09581150114536285,0
1,0.09581150114536285,0
0,0.8923224210739136,0
0,0.8895574808120728,0
0,0.883767306804657,0
0,0.8632813096046448,0
0,0.8468464016914368,0
0,0.8307079672813416,0
0,0.8125883340835571,0
0,0.7851958274841309,0
0,0.7540867328643799,0
0,0.7434166669845581,0
0,0.7469439506530762,0
0,0.7541808485984802,0
0,0.7545438408851624,0
0,0.7282616496086121,0
0,0.6804725527763367,0
0,0.6562877893447876,0
0,0.6852715611457825,0
0,0.7351422905921936,0
0,0.7442667484283447,0
0,0.7101284265518188,0
0,0.6404545903205872,0
0,0.5794359445571899,0
0,0.5981054902076721,0
0,0.6770144104957581,0
0,0.7196396589279175,0
0,0.7175034880638123,0
0,0.6955389380455017,0
0,0.670813798904419,0
0,0.6545332670211792,0
0,0.6471360921859741,0
0,0.5066333413124084,0
0,0.09581150114536285,0
0,0.09581150114536285,0
0,0.09581150114536285,0
0,0.09581150114536285,0
0,0.09581150114536285,0
0,0.09581150114536285,0
0,0.09581150114536285,0
0,0.09581150114536285,0
0,0.09581150114536285,0
0,0.09581150114536285,0
0,0.09581150114536285,0
0,0.09581150114536285,0
0,0.09581150114536285,0
0,0.09581150114536285,0
0,0.09581150114536285,0
0,0.09581150114536285,0
0,0.09581150114536285,0
0,0.09581150114536285,0
0,0.09581150114536285,0
0,0.09581150114536285,0
0,0.09581150114536285,0
0,0.09581150114536285,0
0,0.09581150114536285,0
0,0.09581150114536285,0
0,0.09581150114536285,0
0,0.09581150114536285,0
0,0.09581150114536285,0
0,0.09581150114536285,0
0,0.09581150114536285,0
0,0.09581150114536285,0
0,0.09581150114536285,0
0,0.09581150114536285,0
0,0.09581150114536285,0
0,0.09581150114536285,0
0,0.09581150114536285,0
0,0.09581150114536285,0
0,0.09581150114536285,0
0,0.09581150114536285,0
0,0.09581150114536285,0
0,0.09581150114536285,0
0,0.09581150114536285,0
0,0.09581150114536285,0
0,0.09581150114536285,0
0,0.09581150114536285,0
0,0.09581150114536285,0
0,0.09581150114536285,0
0,0.09581150114536285,0
0,0.09581150114536285,0
0,0.09581150114536285,0
0,0.09581150114536285,0
0,0.09581150114536285,0
0,0.09581150114536285,0
0,0.09581150114536285,0
0,0.09581150114536285,0
0,0.09581150114536285,0
0,0.09581150114536285,0
0,0.09581150114536285,0
0,0.09581150114536285,0
0,0.09581150114536285,0
0,0.09581150114536285,0
0,0.09581150114536285,0
0,0.09581150114536285,0
0,0.09581150114536285,0
0,0.09581150114536285,0
0,0.09581150114536285,0
0,0.09581150114536285,0
0,0.09581150114536285,0
0,0.09581150114536285,0
0,0.09581150114536285,0
0,0.09581150114536285,0
0,0.09581150114536285,0
0,0.09581150114536285,0
0,0.09581150114536285,0
0,0.09581150114536285,0
0,0.09581150114536285,0
0,0.09581150114536285,0
0,0.09581150114536285,0
0,0.09581150114536285,0
0,0.09581150114536285,0
0,0.09581150114536285,0
0,0.09581150114536285,0
0,0.09581150114536285,0
0,0.09581150114536285,0
0,0.09581150114536285,0
0,0.09581150114536285,0
0,0.09581150114536285,0
0,0.09581150114536285,0
0,0.09581150114536285,0
0,0.09581150114536285,0
0,0.09581150114536285,0
0,0.09581150114536285,0
0,0.09581150114536285,0
0,0.09581150114536285,0
0,0.09581150114536285,0
0,0.09581150114536285,0
0,0.09581150114536285,0
0,0.09581150114536285,0
0,0.09581150114536285,0
0,0.09581150114536285,0
0,0.09581150114536285,0
0,0.09581150114536285,0
0,0.09581150114536285,0
0,0.09581150114536285,0
0,0.09581150114536285,0
0,0.09581150114536285,0
0,0.09581150114536285,0
0,0.09581150114536285,0
0,0.09581150114536285,0
0,0.09581150114536285,0
0,0.09581150114536285,0
0,0.09581150114536285,0
0,0.09581150114536285,0
0,0.09581150114536285,0
0,0.09581150114536285,0
0,0.09581150114536285,0
0,0.09581150114536285,0
0,0.09581150114536285,0
0,0.09581150114536285,0
0,0.09581150114536285,0
0,0.09581150114536285,0
0,0.09581150114536285,0
0,0.09581150114536285,0
0,0.09581150114536285,0
0,0.09581150114536285,0
0,0.09581150114536285,0
0,0.09581150114536285,0
0,0.09581150114536285,0
0,0.09581150114536285,0
0,0.09581150114536285,0
0,0.09581150114536285,0
0,0.09581150114536285,0
0,0.09581150114536285,0
0,0.09581150114536285,0
0,0.09581150114536285,0
0,0.09581150114536285,0
0,0.09581150114536285,0
0,0.09581150114536285,0
0,0.09581150114536285,0
0,0.09581150114536285,0
0,0.09581150114536285,0
0,0.09581150114536285,0
0,0.09581150114536285,0
0,0.09581150114536285,0
0,0.09581150114536285,0
0,0.09581150114536285,0
0,0.09581150114536285,0
0,0.09581150114536285,0
0,0.09581150114536285,0
0,0.09581150114536285,0
0,0.09581150114536285,0
0,0.09581150114536285,0
0,0.09581150114536285,0
0,0.09581150114536285,0
0,0.09581150114536285,0
0,0.09581150114536285,0
0,0.09581150114536285,0
0,0.09581150114536285,0
0,0.09581150114536285,0
0,0.09581150114536285,0
0,0.09581150114536285,0
0,0.09581150114536285,0
0,0.09581150114536285,0
0,0.09581150114536285,0
0,0.09581150114536285,0
0,0.09581150114536285,0
0,0.09581150114536285,0
0,0.09581150114536285,0
0,0.09581150114536285,0
0,0.09581150114536285,0
0,0.09581150114536285,0
0,0.09581150114536285,0
0,0.09581150114536285,0
0,0.09581150114536285,0
0,0.09581150114536285,0
0,0.09581150114536285,0
0,0.09581150114536285,0
0,0.09581150114536285,0
0,0.09581150114536285,0
0,0.09581150114536285,0
0,0.09581150114536285,0
0,0.09581150114536285,0
0,0.09581150114536285,0
0,0.09581150114536285,0
0,0.09581150114536285,0
0,0.09581150114536285,0
0,0.09581150114536285,0
0,0.09581150114536285,0
0,0.09581150114536285,0
0,0.09581150114536285,0
0,0.09581150114536285,0
0,0.09581150114536285,0
0,0.09581150114536285,0
0,0.09581150114536285,0
0,0.09581150114536285,0
0,0.09581150114536285,0
0,0.09581150114536285,0
0,0.09581150114536285,0
0,0.09581150114536285,0
0,0.09581150114536285,0
0,0.09581150114536285,0
0,0.09581150114536285,0
0,0.09581150114536285,0
0,0.09581150114536285,0
0,0.09581150114536285,0
0,0.09581150114536285,0
0,0.09581150114536285,0
0,0.09581150114536285,0
0,0.09581150114536285,0
0,0.09581150114536285,0
0,0.09581150114536285,0
0,0.09581150114536285,0
0,0.09581150114536285,0
0,0.09581150114536285,0
0,0.09581150114536285,0
0,0.09581150114536285,0
0,0.09581150114536285,0
0,0.09581150114536285,0
0,0.09581150114536285,0
0,0.09581150114536285,0
0,0.09581150114536285,0
0,0.09581150114536285,0
0,0.09581150114536285,0
0,0.09581150114536285,0
0,0.09581150114536285,0
0,0.09581150114536285,0
0,0.09581150114536285,0
0,0.09581150114536285,0
0,0.09581150114536285,0
0,0.09581150114536285,0
0,0.09581150114536285,0
0,0.09581150114536285,0
0,0.09581150114536285,0
0,0.09581150114536285,0
0,0.09581150114536285,0
0,0.09581150114536285,0
0,0.09581150114536285,0
0,0.09581150114536285,0
0,0.09581150114536285,0
0,0.09581150114536285,0
0,0.09581150114536285,0
0,0.09581150114536285,0
0,0.09581150114536285,0
0,0.09581150114536285,0
0,0.09581150114536285,0
0,0.09581150114536285,0
0,0.09581150114536285,0
0,0.09581150114536285,0
0,0.09581150114536285,0
0,0.09581150114536285,0
0,0.09581150114536285,0
0,0.09581150114536285,0
0,0.09581150114536285,0
0,0.09581150114536285,0
0,0.09581150114536285,0
0,0.09581150114536285,0
0,0.09581150114536285,0
0,0.09581150114536285,0
0,0.09581150114536285,0
0,0.09581150114536285,0
0,0.09581150114536285,0
0,0.09581150114536285,0
0,0.09581150114536285,0
0,0.09581150114536285,0
0,0.09581150114536285,0
0,0.09581150114536285,0
0,0.09581150114536285,0
0,0.09581150114536285,0
0,0.09581150114536285,0
0,0.09581150114536285,0
0,0.09581150114536285,0
0,0.09581150114536285,0
0,0.09581150114536285,0
0,0.09581150114536285,0
0,0.09581150114536285,0
0,0.09581150114536285,0
0,0.09581150114536285,0
0,0.09581150114536285,0
0,0.09581150114536285,0
0,0.09581150114536285,0
0,0.09581150114536285,0
0,0.09581150114536285,0
0,0.09581150114536285,0
0,0.09581150114536285,0
0,0.09581150114536285,0
0,0.09581150114536285,0
0,0.09581150114536285,0
0,0.09581150114536285,0
0,0.09581150114536285,0
0,0.09581150114536285,0
0,0.09581150114536285,0
0,0.09581150114536285,0
0,0.09581150114536285,0
0,0.09581150114536285,0
0,0.09581150114536285,0
0,0.09581150114536285,0
0,0.09581150114536285,0
0,0.09581150114536285,0
0,0.09581150114536285,0
0,0.09581150114536285,0
0,0.09581150114536285,0
0,0.09581150114536285,0
0,0.09581150114536285,0
0,0.09581150114536285,0
0,0.09581150114536285,0
0,0.09581150114536285,0
0,0.09581150114536285,0
0,0.09581150114536285,0
0,0.09581150114536285,0
0,0.09581150114536285,0
0,0.09581150114536285,0
0,0.09581150114536285,0
0,0.09581150114536285,0
0,0.09581150114536285,0
0,0.09581150114536285,0
0,0.09581150114536285,0
0,0.09581150114536285,0
0,0.09581150114536285,0
0,0.09581150114536285,0
0,0.09581150114536285,0
0,0.09581150114536285,0
0,0.09581150114536285,0
0,0.09581150114536285,0
0,0.09581150114536285,0
0,0.09581150114536285,0
0,0.09581150114536285,0
0,0.09581150114536285,0
0,0.09581150114536285,0
0,0.09581150114536285,0
0,0.09581150114536285,0
0,0.09581150114536285,0
0,0.09581150114536285,0
0,0.09581150114536285,0
0,0.09581150114536285,0
0,0.09581150114536285,0
0,0.09581150114536285,0
0,0.09581150114536285,0
0,0.09581150114536285,0
0,0.09581150114536285,0
0,0.09581150114536285,0
0,0.09581150114536285,0
0,0.09581150114536285,0
0,0.09581150114536285,0
0,0.09581150114536285,0
0,0.09581150114536285,0
0,0.09581150114536285,0
0,0.09581150114536285,0
0,0.09581150114536285,0
0,0.09581150114536285,0
0,0.09581150114536285,0
0,0.09581150114536285,0
0,0.09581150114536285,0
0,0.09581150114536285,0
0,0.09581150114536285,0
0,0.09581150114536285,0
0,0.09581150114536285,0
0,0.09581150114536285,0
0,0.09581150114536285,0
0,0.09581150114536285,0
0,0.09581150114536285,0
0,0.09581150114536285,0
0,0.09581150114536285,0
0,0.09581150114536285,0
0,0.09581150114536285,0
0,0.09581150114536285,0
0,0.09581150114536285,0
0,0.09581150114536285,0
0,0.09581150114536285,0
0,0.09581150114536285,0
0,0.09581150114536285,0
0,0.09581150114536285,0
0,0.09581150114536285,0
0,0.09581150114536285,0
0,0.09581150114536285,0
0,0.09581150114536285,0
0,0.09581150114536285,0
0,0.09581150114536285,0
0,0.09581150114536285,0
0,0.09581150114536285,0
0,0.09581150114536285,0
0,0.09581150114536285,0
0,0.09581150114536285,0
0,0.09581150114536285,0
0,0.09581150114536285,0
0,0.09581150114536285,0
0,0.09581150114536285,0
0,0.09581150114536285,0
0,0.09581150114536285,0
0,0.09581150114536285,0
0,0.09581150114536285,0
0,0.09581150114536285,0
0,0.09581150114536285,0
0,0.09581150114536285,0
0,0.09581150114536285,0
0,0.09581150114536285,0
0,0.09581150114536285,0
0,0.09581150114536285,0
0,0.09581150114536285,0
0,0.09581150114536285,0
0,0.09581150114536285,0
0,0.09581150114536285,0
0,0.09581150114536285,0
0,0.09581150114536285,0
0,0.09581150114536285,0
0,0.09581150114536285,0
0,0.09581150114536285,0
0,0.09581150114536285,0
0,0.09581150114536285,0
0,0.09581150114536285,0
0,0.09581150114536285,0
0,0.09581150114536285,0
0,0.09581150114536285,0
0,0.09581150114536285,0
0,0.09581150114536285,0
0,0.09581150114536285,0
0,0.09581150114536285,0
0,0.09581150114536285,0
0,0.09581150114536285,0
0,0.09581150114536285,0
0,0.09581150114536285,0
0,0.09581150114536285,0
0,0.09581150114536285,0
0,0.09581150114536285,0
0,0.09581150114536285,0
0,0.09581150114536285,0
0,0.09581150114536285,0
0,0.09581150114536285,0
0,0.09581150114536285,0
0,0.09581150114536285,0
0,0.09581150114536285,0
0,0.09581150114536285,0
0,0.09581150114536285,0
0,0.09581150114536285,0
0,0.09581150114536285,0
0,0.09581150114536285,0
0,0.09581150114536285,0
0,0.09581150114536285,0
0,0.09581150114536285,0
0,0.09581150114536285,0
0,0.09581150114536285,0
0,0.09581150114536285,0
0,0.09581150114536285,0
0,0.09581150114536285,0
0,0.09581150114536285,0
0,0.09581150114536285,0
0,0.09581150114536285,0
0,0.09581150114536285,0
0,0.09581150114536285,0
0,0.09581150114536285,0
0,0.09581150114536285,0
0,0.09581150114536285,0
0,0.09581150114536285,0
0,0.09581150114536285,0
0,0.09581150114536285,0
0,0.09581150114536285,0
0,0.09581150114536285,0
0,0.09581150114536285,0
0,0.09581150114536285,0
0,0.09581150114536285,0
0,0.09581150114536285,0
0,0.09581150114536285,0
0,0.09581150114536285,0
0,0.09581150114536285,0
0,0.09581150114536285,0
0,0.09581150114536285,0
0,0.09581150114536285,0
0,0.09581150114536285,0
0,0.09581150114536285,0
0,0.09581150114536285,0
0,0.09581150114536285,0
0,0.09581150114536285,0
0,0.09581150114536285,0
0,0.09581150114536285,0
0,0.09581150114536285,0
0,0.09581150114536285,0
0,0.09581150114536285,0
0,0.09581150114536285,0
0,0.09581150114536285,0
0,0.09581150114536285,0
0,0.09581150114536285,0
0,0.09581150114536285,0
0,0.09581150114536285,0
0,0.09581150114536285,0
0,0.09581150114536285,0
0,0.09581150114536285,0
0,0.09581150114536285,0
0,0.09581150114536285,0
0,0.09581150114536285,0
0,0.09581150114536285,0
0,0.09581150114536285,0
0,0.09581150114536285,0
0,0.5066333413124084,0
0,0.09581150114536285,0
0,0.09581150114536285,0
0,0.09581150114536285,0
0,0.09581150114536285,0
0,0.09581150114536285,0
0,0.09581150114536285,0
0,0.09581150114536285,0
0,0.09581150114536285,0
0,0.09581150114536285,0
0,0.09581150114536285,0
0,0.09581150114536285,0
0,0.09581150114536285,0
0,0.09581150114536285,0
0,0.09581150114536285,0
0,0.09581150114536285,0
0,0.09581150114536285,0
0,0.09581150114536285,0
0,0.09581150114536285,0
0,0.09581150114536285,0
0,0.09581150114536285,0
0,0.09581150114536285,0
0,0.09581150114536285,0
0,0.09581150114536285,0
0,0.09581150114536285,0
0,0.09581150114536285,0
0,0.09581150114536285,0
0,0.09581150114536285,0
0,0.09581150114536285,0
0,0.09581150114536285,0
0,0.09581150114536285,0
0,0.09581150114536285,0
0,0.09581150114536285,0
0,0.09581150114536285,0
0,0.09581150114536285,0
0,0.09581150114536285,0
0,0.09581150114536285,0
0,0.09581150114536285,0
0,0.09581150114536285,0
0,0.09581150114536285,0
0,0.09581150114536285,0
0,0.09581150114536285,0
0,0.09581150114536285,0
0,0.09581150114536285,0
0,0.09581150114536285,0
0,0.09581150114536285,0
0,0.09581150114536285,0
0,0.09581150114536285,0
0,0.09581150114536285,0
0,0.09581150114536285,0
0,0.09581150114536285,0
0,0.09581150114536285,0
0,0.09581150114536285,0
0,0.09581150114536285,0
0,0.09581150114536285,0
0,0.09581150114536285,0
0,0.09581150114536285,0
0,0.09581150114536285,0
0,0.09581150114536285,0
0,0.09581150114536285,0
0,0.09581150114536285,0
0,0.09581150114536285,0
0,0.09581150114536285,0
0,0.09581150114536285,0
0,0.09581150114536285,0
0,0.09581150114536285,0
0,0.09581150114536285,0
0,0.09581150114536285,0
0,0.09581150114536285,0
0,0.09581150114536285,0
0,0.09581150114536285,0
0,0.09581150114536285,0
0,0.09581150114536285,0
0,0.09581150114536285,0
0,0.09581150114536285,0
0,0.09581150114536285,0
0,0.09581150114536285,0
0,0.09581150114536285,0
0,0.09581150114536285,0
0,0.09581150114536285,0
0,0.09581150114536285,0
0,0.09581150114536285,0
0,0.09581150114536285,0
0,0.09581150114536285,0
0,0.09581150114536285,0
0,0.09581150114536285,0
0,0.09581150114536285,0
0,0.09581150114536285,0
0,0.09581150114536285,0
0,0.09581150114536285,0
0,0.09581150114536285,0
0,0.09581150114536285,0
0,0.09581150114536285,0
0,0.09581150114536285,0
0,0.09581150114536285,0
0,0.09581150114536285,0
0,0.09581150114536285,0
0,0.09581150114536285,0
0,0.09581150114536285,0
0,0.09581150114536285,0
0,0.09581150114536285,0
0,0.09581150114536285,0
0,0.09581150114536285,0
0,0.09581150114536285,0
0,0.09581150114536285,0
0,0.09581150114536285,0
0,0.09581150114536285,0
0,0.09581150114536285,0
0,0.09581150114536285,0
0,0.09581150114536285,0
0,0.09581150114536285,0
0,0.09581150114536285,0
0,0.09581150114536285,0
0,0.09581150114536285,0
0,0.09581150114536285,0
0,0.09581150114536285,0
0,0.09581150114536285,0
0,0.09581150114536285,0
0,0.09581150114536285,0
0,0.09581150114536285,0
0,0.09581150114536285,0
0,0.09581150114536285,0
0,0.09581150114536285,0
0,0.09581150114536285,0
0,0.09581150114536285,0
0,0.09581150114536285,0
0,0.09581150114536285,0
0,0.09581150114536285,0
0,0.09581150114536285,0
0,0.09581150114536285,0
0,0.09581150114536285,0
0,0.09581150114536285,0
0,0.09581150114536285,0
0,0.09581150114536285,0
0,0.09581150114536285,0
0,0.09581150114536285,0
0,0.09581150114536285,0
0,0.09581150114536285,0
0,0.09581150114536285,0
0,0.09581150114536285,0
0,0.09581150114536285,0
0,0.09581150114536285,0
0,0.09581150114536285,0
0,0.09581150114536285,0
0,0.09581150114536285,0
0,0.09581150114536285,0
0,0.09581150114536285,0
0,0.09581150114536285,0
0,0.09581150114536285,0
0,0.09581150114536285,0
0,0.09581150114536285,0
0,0.09581150114536285,0
0,0.09581150114536285,0
0,0.09581150114536285,0
0,0.09581150114536285,0
0,0.09581150114536285,0
0,0.09581150114536285,0
0,0.09581150114536285,0
0,0.09581150114536285,0
0,0.09581150114536285,0
0,0.09581150114536285,0
0,0.09581150114536285,0
0,0.09581150114536285,0
0,0.09581150114536285,0
0,0.09581150114536285,0
0,0.09581150114536285,0
0,0.09581150114536285,0
0,0.09581150114536285,0
0,0.09581150114536285,0
0,0.09581150114536285,0
0,0.09581150114536285,0
0,0.09581150114536285,0
0,0.09581150114536285,0
0,0.09581150114536285,0
0,0.09581150114536285,0
0,0.09581150114536285,0
0,0.09581150114536285,0
0,0.09581150114536285,0
0,0.09581150114536285,0
0,0.09581150114536285,0
0,0.09581150114536285,0
0,0.09581150114536285,0
0,0.09581150114536285,0
0,0.09581150114536285,0
0,0.09581150114536285,0
0,0.09581150114536285,0
0,0.09581150114536285,0
0,0.09581150114536285,0
0,0.09581150114536285,0
0,0.09581150114536285,0
0,0.09581150114536285,0
0,0.09581150114536285,0
0,0.09581150114536285,0
0,0.09581150114536285,0
0,0.09581150114536285,0
0,0.09581150114536285,0
0,0.09581150114536285,0
0,0.09581150114536285,0
0,0.09581150114536285,0
0,0.09581150114536285,0
0,0.09581150114536285,0
0,0.09581150114536285,0
0,0.09581150114536285,0
0,0.09581150114536285,0
0,0.09581150114536285,0
0,0.09581150114536285,0
0,0.09581150114536285,0
0,0.09581150114536285,0
0,0.09581150114536285,0
0,0.09581150114536285,0
0,0.09581150114536285,0
0,0.09581150114536285,0
0,0.09581150114536285,0
0,0.09581150114536285,0
0,0.09581150114536285,0
0,0.09581150114536285,0
0,0.09581150114536285,0
0,0.09581150114536285,0
0,0.09581150114536285,0
0,0.09581150114536285,0
0,0.09581150114536285,0
0,0.09581150114536285,0
0,0.09581150114536285,0
0,0.09581150114536285,0
0,0.09581150114536285,0
0,0.09581150114536285,0
0,0.09581150114536285,0
0,0.09581150114536285,0
0,0.09581150114536285,0
0,0.09581150114536285,0
0,0.09581150114536285,0
0,0.09581150114536285,0
0,0.09581150114536285,0
0,0.09581150114536285,0
0,0.09581150114536285,0
0,0.09581150114536285,0
0,0.09581150114536285,0
0,0.09581150114536285,0
0,0.09581150114536285,0
0,0.09581150114536285,0
0,0.09581150114536285,0
0,0.09581150114536285,0
0,0.09581150114536285,0
0,0.09581150114536285,0
0,0.09581150114536285,0
0,0.09581150114536285,0
0,0.09581150114536285,0
0,0.09581150114536285,0
0,0.09581150114536285,0
0,0.09581150114536285,0
0,0.09581150114536285,0
0,0.09581150114536285,0
0,0.09581150114536285,0
0,0.09581150114536285,0
0,0.09581150114536285,0
0,0.09581150114536285,0
0,0.09581150114536285,0
0,0.09581150114536285,0
0,0.09581150114536285,0
0,0.09581150114536285,0
0,0.09581150114536285,0
0,0.09581150114536285,0
0,0.09581150114536285,0
0,0.09581150114536285,0
0,0.09581150114536285,0
0,0.09581150114536285,0
0,0.09581150114536285,0
0,0.09581150114536285,0
0,0.09581150114536285,0
0,0.09581150114536285,0
0,0.09581150114536285,0
0,0.09581150114536285,0
0,0.09581150114536285,0
0,0.09581150114536285,0
0,0.09581150114536285,0
0,0.09581150114536285,0
0,0.09581150114536285,0
0,0.09581150114536285,0
0,0.09581150114536285,0
0,0.09581150114536285,0
0,0.09581150114536285,0
0,0.09581150114536285,0
0,0.09581150114536285,0
0,0.09581150114536285,0
0,0.09581150114536285,0
0,0.09581150114536285,0
0,0.09581150114536285,0
0,0.09581150114536285,0
0,0.09581150114536285,0
0,0.09581150114536285,0
0,0.09581150114536285,0
0,0.09581150114536285,0
0,0.09581150114536285,0
0,0.09581150114536285,0
0,0.09581150114536285,0
0,0.09581150114536285,0
0,0.09581150114536285,0
0,0.09581150114536285,0
0,0.09581150114536285,0
0,0.09581150114536285,0
0,0.09581150114536285,0
0,0.09581150114536285,0
0,0.09581150114536285,0
0,0.09581150114536285,0
0,0.09581150114536285,0
0,0.09581150114536285,0
0,0.09581150114536285,0
0,0.09581150114536285,0
0,0.09581150114536285,0
0,0.09581150114536285,0
0,0.09581150114536285,0
0,0.09581150114536285,0
0,0.09581150114536285,0
0,0.09581150114536285,0
0,0.09581150114536285,0
0,0.09581150114536285,0
0,0.09581150114536285,0
0,0.09581150114536285,0
0,0.09581150114536285,0
0,0.09581150114536285,0
0,0.09581150114536285,0
0,0.09581150114536285,0
0,0.09581150114536285,0
0,0.09581150114536285,0
0,0.09581150114536285,0
0,0.09581150114536285,0
0,0.09581150114536285,0
0,0.09581150114536285,0
0,0.09581150114536285,0
0,0.09581150114536285,0
0,0.09581150114536285,0
0,0.09581150114536285,0
0,0.09581150114536285,0
0,0.09581150114536285,0
0,0.09581150114536285,0
0,0.09581150114536285,0
0,0.09581150114536285,0
0,0.09581150114536285,0
0,0.09581150114536285,0
0,0.09581150114536285,0
0,0.09581150114536285,0
0,0.09581150114536285,0
0,0.09581150114536285,0
0,0.09581150114536285,0
0,0.09581150114536285,0
0,0.09581150114536285,0
0,0.09581150114536285,0
0,0.09581150114536285,0
0,0.09581150114536285,0
0,0.09581150114536285,0
0,0.09581150114536285,0
0,0.09581150114536285,0
0,0.09581150114536285,0
0,0.09581150114536285,0
0,0.09581150114536285,0
0,0.09581150114536285,0
0,0.09581150114536285,0
0,0.09581150114536285,0
0,0.5066333413124084,0
0,0.09581150114536285,0
0,0.09581150114536285,0
0,0.09581150114536285,0
0,0.09581150114536285,0
0,0.09581150114536285,0
0,0.09581150114536285,0
0,0.09581150114536285,0
0,0.09581150114536285,0
0,0.09581150114536285,0
0,0.09581150114536285,0
0,0.09581150114536285,0
0,0.09581150114536285,0
0,0.09581150114536285,0
0,0.09581150114536285,0
0,0.09581150114536285,0
0,0.09581150114536285,0
0,0.09581150114536285,0
0,0.09581150114536285,0
0,0.09581150114536285,0
0,0.09581150114536285,0
0,0.09581150114536285,0
0,0.09581150114536285,0
0,0.09581150114536285,0
0,0.09581150114536285,0
0,0.09581150114536285,0
0,0.09581150114536285,0
0,0.09581150114536285,0
0,0.09581150114536285,0
0,0.09581150114536285,0
0,0.09581150114536285,0
0,0.09581150114536285,0
0,0.09581150114536285,0
0,0.09581150114536285,0
0,0.09581150114536285,0
0,0.09581150114536285,0
0,0.09581150114536285,0
0,0.09581150114536285,0
0,0.09581150114536285,0
0,0.09581150114536285,0
0,0.09581150114536285,0
0,0.09581150114536285,0
0,0.09581150114536285,0
0,0.09581150114536285,0
0,0.09581150114536285,0
0,0.09581150114536285,0
0,0.09581150114536285,0
0,0.09581150114536285,0
0,0.09581150114536285,0
0,0.09581150114536285,0
0,0.09581150114536285,0
0,0.09581150114536285,0
0,0.09581150114536285,0
0,0.09581150114536285,0
0,0.09581150114536285,0
0,0.09581150114536285,0
0,0.09581150114536285,0
0,0.09581150114536285,0
0,0.09581150114536285,0
0,0.09581150114536285,0
0,0.09581150114536285,0
0,0.09581150114536285,0
0,0.09581150114536285,0
0,0.09581150114536285,0
0,0.09581150114536285,0
0,0.09581150114536285,0
0,0.09581150114536285,0
0,0.09581150114536285,0
0,0.09581150114536285,0
0,0.09581150114536285,0
0,0.09581150114536285,0
0,0.09581150114536285,0
0,0.09581150114536285,0
0,0.09581150114536285,0
0,0.09581150114536285,0
0,0.09581150114536285,0
0,0.09581150114536285,0
0,0.09581150114536285,0
0,0.09581150114536285,0
0,0.09581150114536285,0
0,0.09581150114536285,0
0,0.09581150114536285,0
0,0.09581150114536285,0
0,0.09581150114536285,0
0,0.09581150114536285,0
0,0.09581150114536285,0
0,0.09581150114536285,0
0,0.09581150114536285,0
0,0.09581150114536285,0
0,0.09581150114536285,0
0,0.09581150114536285,0
0,0.09581150114536285,0
0,0.09581150114536285,0
0,0.09581150114536285,0
0,0.09581150114536285,0
0,0.09581150114536285,0
0,0.09581150114536285,0
0,0.09581150114536285,0
0,0.09581150114536285,0
0,0.09581150114536285,0
0,0.09581150114536285,0
0,0.09581150114536285,0
0,0.09581150114536285,0
0,0.09581150114536285,0
0,0.09581150114536285,0
0,0.09581150114536285,0
0,0.09581150114536285,0
0,0.09581150114536285,0
0,0.09581150114536285,0
0,0.09581150114536285,0
0,0.09581150114536285,0
0,0.09581150114536285,0
0,0.09581150114536285,0
0,0.09581150114536285,0
0,0.09581150114536285,0
0,0.09581150114536285,0
0,0.09581150114536285,0
0,0.09581150114536285,0
0,0.09581150114536285,0
0,0.09581150114536285,0
0,0.09581150114536285,0
0,0.09581150114536285,0
0,0.09581150114536285,0
0,0.09581150114536285,0
0,0.09581150114536285,0
0,0.09581150114536285,0
0,0.09581150114536285,0
0,0.09581150114536285,0
0,0.09581150114536285,0
0,0.09581150114536285,0
0,0.09581150114536285,0
0,0.09581150114536285,0
0,0.09581150114536285,0
0,0.09581150114536285,0
0,0.09581150114536285,0
0,0.09581150114536285,0
0,0.09581150114536285,0
0,0.09581150114536285,0
0,0.09581150114536285,0
0,0.09581150114536285,0
0,0.09581150114536285,0
0,0.09581150114536285,0
0,0.09581150114536285,0
0,0.09581150114536285,0
0,0.09581150114536285,0
0,0.09581150114536285,0
0,0.09581150114536285,0
0,0.09581150114536285,0
0,0.09581150114536285,0
0,0.09581150114536285,0
0,0.09581150114536285,0
0,0.09581150114536285,0
0,0.09581150114536285,0
0,0.09581150114536285,0
0,0.09581150114536285,0
0,0.09581150114536285,0
0,0.09581150114536285,0
0,0.09581150114536285,0
0,0.09581150114536285,0
0,0.09581150114536285,0
0,0.09581150114536285,0
0,0.09581150114536285,0
0,0.09581150114536285,0
0,0.09581150114536285,0
0,0.09581150114536285,0
0,0.09581150114536285,0
0,0.09581150114536285,0
0,0.09581150114536285,0
0,0.09581150114536285,0
0,0.09581150114536285,0
0,0.09581150114536285,0
0,0.09581150114536285,0
0,0.09581150114536285,0
0,0.09581150114536285,0
0,0.09581150114536285,0
0,0.09581150114536285,0
0,0.09581150114536285,0
0,0.09581150114536285,0
0,0.09581150114536285,0
0,0.09581150114536285,0
0,0.09581150114536285,0
0,0.09581150114536285,0
0,0.09581150114536285,0
0,0.09581150114536285,0
0,0.09581150114536285,0
0,0.09581150114536285,0
0,0.09581150114536285,0
0,0.09581150114536285,0
0,0.09581150114536285,0
0,0.09581150114536285,0
0,0.09581150114536285,0
0,0.09581150114536285,0
0,0.09581150114536285,0
0,0.09581150114536285,0
0,0.09581150114536285,0
0,0.09581150114536285,0
0,0.09581150114536285,0
0,0.09581150114536285,0
0,0.09581150114536285,0
0,0.09581150114536285,0
0,0.09581150114536285,0
0,0.09581150114536285,0
0,0.09581150114536285,0
0,0.09581150114536285,0
0,0.09581150114536285,0
0,0.09581150114536285,0
0,0.09581150114536285,0
0,0.09581150114536285,0
0,0.09581150114536285,0
0,0.09581150114536285,0
0,0.09581150114536285,0
0,0.09581150114536285,0
0,0.09581150114536285,0
0,0.09581150114536285,0
0,0.09581150114536285,0
0,0.09581150114536285,0
0,0.09581150114536285,0
0,0.09581150114536285,0
0,0.09581150114536285,0
0,0.09581150114536285,0
0,0.09581150114536285,0
0,0.09581150114536285,0
0,0.09581150114536285,0
0,0.09581150114536285,0
0,0.09581150114536285,0
0,0.09581150114536285,0
0,0.09581150114536285,0
0,0.09581150114536285,0
0,0.09581150114536285,0
0,0.09581150114536285,0
0,0.09581150114536285,0
0,0.09581150114536285,0
0,0.09581150114536285,0
0,0.09581150114536285,0
0,0.09581150114536285,0
0,0.09581150114536285,0
0,0.09581150114536285,0
0,0.09581150114536285,0
0,0.09581150114536285,0
0,0.09581150114536285,0
0,0.09581150114536285,0
0,0.09581150114536285,0
0,0.09581150114536285,0
0,0.09581150114536285,0
0,0.09581150114536285,0
0,0.09581150114536285,0
0,0.09581150114536285,0
0,0.09581150114536285,0
0,0.09581150114536285,0
0,0.09581150114536285,0
0,0.09581150114536285,0
0,0.09581150114536285,0
0,0.09581150114536285,0
0,0.09581150114536285,0
0,0.09581150114536285,0
0,0.09581150114536285,0
0,0.09581150114536285,0
0,0.09581150114536285,0
0,0.09581150114536285,0
0,0.09581150114536285,0
0,0.09581150114536285,0
0,0.09581150114536285,0
0,0.09581150114536285,0
0,0.09581150114536285,0
0,0.09581150114536285,0
0,0.09581150114536285,0
0,0.09581150114536285,0
0,0.09581150114536285,0
0,0.09581150114536285,0
0,0.09581150114536285,0
0,0.09581150114536285,0
0,0.09581150114536285,0
0,0.09581150114536285,0
0,0.09581150114536285,0
1,0.09581150114536285,0
1,0.8923224210739136,0
1,0.981092631816864,1
0,0.9951452612876892,1
0,0.9518149495124817,0
0,0.9369755387306213,0
0,0.8923963904380798,0
0,0.875502347946167,0
0,0.8561097979545593,0
0,0.8288035988807678,0
0,0.7937816381454468,0
0,0.7619220018386841,0
0,0.7508808970451355,0
0,0.7483581304550171,0
0,0.7347349524497986,0
0,0.7090996503829956,0
0,0.6873819231987,0
0,0.7051606774330139,0
0,0.7435102462768555,0
0,0.7629051208496094,0
0,0.7609390020370483,0
0,0.744366466999054,0
0,0.7105529308319092,0
0,0.6809535026550293,0
0,0.7012577056884766,0
0,0.7333018779754639,0
0,0.7370891571044922,0
0,0.722240686416626,0
0,0.6991962790489197,0
0,0.6750218868255615,0
0,0.6503737568855286,0
0,0.5501806735992432,0
0,0.5379312634468079,0
0,0.5066333413124084,0
0,0.09581150114536285,0
0,0.09581150114536285,0
0,0.09581150114536285,0
0,0.09581150114536285,0
0,0.09581150114536285,0
0,0.09581150114536285,0
0,0.09581150114536285,0
0,0.09581150114536285,0
0,0.09581150114536285,0
0,0.09581150114536285,0
0,0.09581150114536285,0
0,0.09581150114536285,0
0,0.09581150114536285,0
0,0.09581150114536285,0
0,0.09581150114536285,0
0,0.09581150114536285,0
0,0.09581150114536285,0
0,0.09581150114536285,0
0,0.09581150114536285,0
0,0.09581150114536285,0
0,0.09581150114536285,0
0,0.09581150114536285,0
0,0.09581150114536285,0
0,0.09581150114536285,0
0,0.09581150114536285,0
0,0.09581150114536285,0
0,0.09581150114536285,0
0,0.09581150114536285,0
0,0.09581150114536285,0
0,0.09581150114536285,0
0,0.09581150114536285,0
0,0.09581150114536285,0
0,0.09581150114536285,0
0,0.09581150114536285,0
0,0.09581150114536285,0
0,0.09581150114536285,0
0,0.09581150114536285,0
0,0.09581150114536285,0
0,0.09581150114536285,0
0,0.09581150114536285,0
0,0.09581150114536285,0
0,0.09581150114536285,0
0,0.09581150114536285,0
0,0.09581150114536285,0
0,0.09581150114536285,0
0,0.09581150114536285,0
0,0.09581150114536285,0
0,0.09581150114536285,0
0,0.09581150114536285,0
0,0.09581150114536285,0
0,0.09581150114536285,0
0,0.09581150114536285,0
0,0.09581150114536285,0
0,0.09581150114536285,0
0,0.09581150114536285,0
0,0.09581150114536285,0
0,0.09581150114536285,0
0,0.09581150114536285,0
0,0.09581150114536285,0
0,0.09581150114536285,0
0,0.09581150114536285,0
0,0.09581150114536285,0
0,0.09581150114536285,0
0,0.09581150114536285,0
0,0.09581150114536285,0
0,0.09581150114536285,0
0,0.09581150114536285,0
0,0.09581150114536285,0
0,0.09581150114536285,0
0,0.09581150114536285,0
0,0.09581150114536285,0
0,0.09581150114536285,0
0,0.09581150114536285,0
0,0.09581150114536285,0
0,0.09581150114536285,0
0,0.09581150114536285,0
0,0.09581150114536285,0
0,0.09581150114536285,0
0,0.09581150114536285,0
0,0.09581150114536285,0
0,0.09581150114536285,0
0,0.09581150114536285,0
0,0.09581150114536285,0
0,0.09581150114536285,0
0,0.09581150114536285,0
0,0.09581150114536285,0
0,0.09581150114536285,0
0,0.09581150114536285,0
0,0.09581150114536285,0
0,0.09581150114536285,0
0,0.09581150114536285,0
0,0.09581150114536285,0
0,0.09581150114536285,0
0,0.09581150114536285,0
0,0.09581150114536285,0
0,0.09581150114536285,0
0,0.09581150114536285,0
0,0.09581150114536285,0
0,0.09581150114536285,0
0,0.09581150114536285,0
0,0.09581150114536285,0
0,0.09581150114536285,0
0,0.09581150114536285,0
0,0.09581150114536285,0
0,0.09581150114536285,0
0,0.09581150114536285,0
0,0.09581150114536285,0
0,0.09581150114536285,0
0,0.09581150114536285,0
0,0.09581150114536285,0
0,0.09581150114536285,0
0,0.09581150114536285,0
0,0.09581150114536285,0
0,0.09581150114536285,0
0,0.09581150114536285,0
0,0.09581150114536285,0
0,0.09581150114536285,0
0,0.09581150114536285,0
0,0.09581150114536285,0
0,0.09581150114536285,0
0,0.09581150114536285,0
0,0.09581150114536285,0
0,0.09581150114536285,0
0,0.09581150114536285,0
0,0.09581150114536285,0
0,0.09581150114536285,0
0,0.09581150114536285,0
0,0.09581150114536285,0
0,0.09581150114536285,0
0,0.09581150114536285,0
0,0.09581150114536285,0
0,0.09581150114536285,0
0,0.09581150114536285,0
0,0.09581150114536285,0
0,0.09581150114536285,0
0,0.09581150114536285,0
0,0.09581150114536285,0
0,0.09581150114536285,0
0,0.09581150114536285,0
0,0.09581150114536285,0
0,0.09581150114536285,0
0,0.09581150114536285,0
0,0.09581150114536285,0
0,0.09581150114536285,0
0,0.09581150114536285,0
0,0.09581150114536285,0
0,0.09581150114536285,0
0,0.09581150114536285,0
0,0.09581150114536285,0
0,0.09581150114536285,0
0,0.09581150114536285,0
0,0.09581150114536285,0
0,0.09581150114536285,0
0,0.09581150114536285,0
0,0.09581150114536285,0
0,0.09581150114536285,0
0,0.09581150114536285,0
0,0.09581150114536285,0
0,0.09581150114536285,0
0,0.09581150114536285,0
0,0.09581150114536285,0
0,0.09581150114536285,0
0,0.09581150114536285,0
0,0.09581150114536285,0
0,0.09581150114536285,0
0,0.09581150114536285,0
0,0.09581150114536285,0
0,0.09581150114536285,0
0,0.09581150114536285,0
0,0.09581150114536285,0
0,0.09581150114536285,0
0,0.09581150114536285,0
0,0.09581150114536285,0
0,0.09581150114536285,0
0,0.09581150114536285,0
0,0.09581150114536285,0
0,0.09581150114536285,0
0,0.09581150114536285,0
0,0.09581150114536285,0
0,0.09581150114536285,0
0,0.09581150114536285,0
0,0.09581150114536285,0
0,0.09581150114536285,0
0,0.09581150114536285,0
0,0.09581150114536285,0
0,0.09581150114536285,0
0,0.09581150114536285,0
0,0.09581150114536285,0
0,0.09581150114536285,0
0,0.09581150114536285,0
0,0.09581150114536285,0
0,0.09581150114536285,0
0,0.09581150114536285,0
0,0.09581150114536285,0
0,0.09581150114536285,0
0,0.09581150114536285,0
0,0.09581150114536285,0
0,0.09581150114536285,0
0,0.09581150114536285,0
0,0.09581150114536285,0
0,0.09581150114536285,0
0,0.09581150114536285,0
0,0.09581150114536285,0
0,0.09581150114536285,0
0,0.09581150114536285,0
0,0.09581150114536285,0
0,0.09581150114536285,0
0,0.09581150114536285,0
0,0.09581150114536285,0
0,0.09581150114536285,0
0,0.09581150114536285,0
0,0.09581150114536285,0
0,0.09581150114536285,0
0,0.09581150114536285,0
0,0.09581150114536285,0
0,0.09581150114536285,0
0,0.09581150114536285,0
0,0.09581150114536285,0
0,0.09581150114536285,0
0,0.09581150114536285,0
0,0.09581150114536285,0
0,0.09581150114536285,0
0,0.09581150114536285,0
0,0.09581150114536285,0
0,0.09581150114536285,0
0,0.09581150114536285,0
0,0.09581150114536285,0
0,0.09581150114536285,0
0,0.09581150114536285,0
0,0.6562877893447876,0
0,0.6852715611457825,0
0,0.7351422905921936,0
0,0.7442667484283447,0
0,0.7101284265518188,0
0,0.6404545903205872,0
0,0.5794359445571899,0
0,0.5981054902076721,0
0,0.6770144104957581,0
0,0.7196396589279175,0
0,0.7175034880638123,0
0,0.6955389380455017,0
0,0.670813798904419,0
0,0.6545332670211792,0
0,0.6471360921859741,0
0,0.5066333413124084,0
0,0.09581150114536285,0
0,0.09581150114536285,0
0,0.09581150114536285,0
0,0.09581150114536285,0
0,0.09581150114536285,0
0,0.09581150114536285,0
0,0.09581150114536285,0
0,0.09581150114536285,0
0,0.09581150114536285,0
0,0.09581150114536285,0
0,0.09581150114536285,0
0,0.09581150114536285,0
0,0.09581150114536285,0
0,0.09581150114536285,0
0,0.09581150114536285,0
0,0.09581150114536285,0
0,0.09581150114536285,0
0,0.09581150114536285,0
0,0.09581150114536285,0
0,0.09581150114536285,0
0,0.09581150114536285,0
0,0.09581150114536285,0
0,0.09581150114536285,0
0,0.09581150114536285,0
0,0.09581150114536285,0
0,0.09581150114536285,0
0,0.09581150114536285,0
0,0.09581150114536285,0
0,0.09581150114536285,0
0,0.09581150114536285,0
0,0.09581150114536285,0
0,0.09581150114536285,0
0,0.09581150114536285,0
0,0.09581150114536285,0
0,0.09581150114536285,0
0,0.09581150114536285,0
0,0.09581150114536285,0
0,0.09581150114536285,0
0,0.09581150114536285,0
0,0.09581150114536285,0
0,0.09581150114536285,0
0,0.09581150114536285,0
0,0.09581150114536285,0
0,0.09581150114536285,0
0,0.09581150114536285,0
0,0.09581150114536285,0
0,0.09581150114536285,0
0,0.09581150114536285,0
0,0.09581150114536285,0
0,0.09581150114536285,0
0,0.09581150114536285,0
0,0.09581150114536285,0
0,0.09581150114536285,0
0,0.09581150114536285,0
0,0.09581150114536285,0
0,0.09581150114536285,0
0,0.09581150114536285,0
0,0.09581150114536285,0
0,0.09581150114536285,0
0,0.09581150114536285,0
0,0.09581150114536285,0
0,0.09581150114536285,0
0,0.09581150114536285,0
0,0.09581150114536285,0
0,0.09581150114536285,0
0,0.09581150114536285,0
0,0.09581150114536285,0
0,0.09581150114536285,0
0,0.09581150114536285,0
0,0.09581150114536285,0
0,0.09581150114536285,0
0,0.09581150114536285,0
0,0.09581150114536285,0
0,0.09581150114536285,0
0,0.09581150114536285,0
0,0.09581150114536285,0
0,0.09581150114536285,0
0,0.09581150114536285,0
0,0.09581150114536285,0
0,0.09581150114536285,0
0,0.09581150114536285,0
0,0.09581150114536285,0
0,0.09581150114536285,0
0,0.09581150114536285,0
0,0.09581150114536285,0
0,0.09581150114536285,0
0,0.09581150114536285,0
0,0.09581150114536285,0
0,0.09581150114536285,0
0,0.09581150114536285,0
0,0.09581150114536285,0
0,0.09581150114536285,0
0,0.09581150114536285,0
0,0.09581150114536285,0
0,0.09581150114536285,0
0,0.09581150114536285,0
0,0.09581150114536285,0
0,0.09581150114536285,0
0,0.09581150114536285,0
0,0.09581150114536285,0
0,0.09581150114536285,0
0,0.09581150114536285,0
0,0.09581150114536285,0
0,0.09581150114536285,0
0,0.09581150114536285,0
0,0.09581150114536285,0
0,0.09581150114536285,0
0,0.09581150114536285,0
0,0.09581150114536285,0
0,0.09581150114536285,0
0,0.09581150114536285,0
0,0.09581150114536285,0
0,0.09581150114536285,0
0,0.09581150114536285,0
0,0.09581150114536285,0
0,0.09581150114536285,0
0,0.09581150114536285,0
0,0.09581150114536285,0
0,0.09581150114536285,0
0,0.09581150114536285,0
0,0.09581150114536285,0
0,0.09581150114536285,0
0,0.09581150114536285,0
0,0.09581150114536285,0
0,0.09581150114536285,0
0,0.09581150114536285,0
0,0.09581150114536285,0
0,0.09581150114536285,0
0,0.09581150114536285,0
0,0.09581150114536285,0
0,0.09581150114536285,0
0,0.09581150114536285,0
0,0.09581150114536285,0
0,0.09581150114536285,0
0,0.09581150114536285,0
0,0.09581150114536285,0
0,0.09581150114536285,0
0,0.09581150114536285,0
0,0.09581150114536285,0
0,0.09581150114536285,0
0,0.09581150114536285,0
0,0.09581150114536285,0
0,0.09581150114536285,0
0,0.09581150114536285,0
0,0.09581150114536285,0
0,0.09581150114536285,0
0,0.09581150114536285,0
0,0.09581150114536285,0
0,0.09581150114536285,0
0,0.09581150114536285,0
0,0.09581150114536285,0
0,0.09581150114536285,0
0,0.09581150114536285,0
0,0.09581150114536285,0
0,0.09581150114536285,0
0,0.09581150114536285,0
0,0.09581150114536285,0
0,0.09581150114536285,0
0,0.09581150114536285,0
0,0.09581150114536285,0
0,0.09581150114536285,0
0,0.09581150114536285,0
0,0.09581150114536285,0
0,0.09581150114536285,0
0,0.09581150114536285,0
0,0.09581150114536285,0
0,0.09581150114536285,0
0,0.09581150114536285,0
0,0.09581150114536285,0
0,0.09581150114536285,0
0,0.09581150114536285,0
0,0.09581150114536285,0
0,0.09581150114536285,0
0,0.09581150114536285,0
0,0.09581150114536285,0
0,0.09581150114536285,0
0,0.09581150114536285,0
0,0.09581150114536285,0
0,0.09581150114536285,0
0,0.09581150114536285,0
0,0.09581150114536285,0
0,0.09581150114536285,0
0,0.09581150114536285,0
0,0.09581150114536285,0
0,0.09581150114536285,0
0,0.09581150114536285,0
0,0.09581150114536285,0
0,0.09581150114536285,0
0,0.09581150114536285,0
0,0.09581150114536285,0
0,0.09581150114536285,0
0,0.09581150114536285,0
0,0.09581150114536285,0
0,0.09581150114536285,0
0,0.09581150114536285,0
0,0.09581150114536285,0
0,0.09581150114536285,0
0,0.09581150114536285,0
0,0.09581150114536285,0
0,0.09581150114536285,0
0,0.09581150114536285,0
0,0.09581150114536285,0
0,0.09581150114536285,0
0,0.09581150114536285,0
0,0.09581150114536285,0
0,0.09581150114536285,0
0,0.09581150114536285,0
0,0.09581150114536285,0
0,0.09581150114536285,0
0,0.09581150114536285,0
0,0.09581150114536285,0
0,0.09581150114536285,0
0,0.09581150114536285,0
0,0.09581150114536285,0
0,0.09581150114536285,0
0,0.09581150114536285,0
0,0.09581150114536285,0
0,0.09581150114536285,0
0,0.09581150114536285,0
0,0.09581150114536285,0
0,0.09581150114536285,0
0,0.09581150114536285,0
0,0.09581150114536285,0
0,0.09581150114536285,0
0,0.09581150114536285,0
0,0.09581150114536285,0
0,0.09581150114536285,0
0,0.09581150114536285,0
0,0.09581150114536285,0
0,0.09581150114536285,0
0,0.09581150114536285,0
0,0.09581150114536285,0
0,0.09581150114536285,0
0,0.09581150114536285,0
0,0.09581150114536285,0
0,0.09581150114536285,0
0,0.09581150114536285,0
0,0.09581150114536285,0
0,0.09581150114536285,0
0,0.09581150114536285,0
0,0.09581150114536285,0
0,0.09581150114536285,0
0,0.09581150114536285,0
0,0.09581150114536285,0
0,0.09581150114536285,0
0,0.09581150114536285,0
0,0.09581150114536285,0
0,0.09581150114536285,0
0,0.09581150114536285,0
0,0.09581150114536285,0
0,0.09581150114536285,0
0,0.09581150114536285,0
0,0.09581150114536285,0
0,0.09581150114536285,0
0,0.09581150114536285,0
0,0.09581150114536285,0
0,0.09581150114536285,0
0,0.09581150114536285,0
0,0.09581150114536285,0
0,0.09581150114536285,0
0,0.09581150114536285,0
0,0.09581150114536285,0
0,0.09581150114536285,0
0,0.09581150114536285,0
0,0.09581150114536285,0
0,0.09581150114536285,0
0,0.09581150114536285,0
0,0.09581150114536285,0
0,0.09581150114536285,0
0,0.09581150114536285,0
0,0.09581150114536285,0
0,0.09581150114536285,0
0,0.09581150114536285,0
0,0.09581150114536285,0
0,0.09581150114536285,0
0,0.09581150114536285,0
0,0.09581150114536285,0
0,0.09581150114536285,0
0,0.09581150114536285,0
0,0.09581150114536285,0
0,0.09581150114536285,0
0,0.09581150114536285,0
0,0.09581150114536285,0
0,0.09581150114536285,0
0,0.09581150114536285,0
0,0.09581150114536285,0
0,0.09581150114536285,0
0,0.09581150114536285,0
0,0.09581150114536285,0
0,0.09581150114536285,0
0,0.09581150114536285,0
0,0.09581150114536285,0
0,0.09581150114536285,0
0,0.09581150114536285,0
0,0.09581150114536285,0
0,0.09581150114536285,0
0,0.09581150114536285,0
0,0.09581150114536285,0
0,0.09581150114536285,0
0,0.09581150114536285,0
0,0.09581150114536285,0
0,0.09581150114536285,0
0,0.09581150114536285,0
0,0.09581150114536285,0
0,0.09581150114536285,0
0,0.09581150114536285,0
0,0.09581150114536285,0
0,0.09581150114536285,0
0,0.09581150114536285,0
0,0.09581150114536285,0
0,0.09581150114536285,0
0,0.09581150114536285,0
0,0.09581150114536285,0
0,0.09581150114536285,0
0,0.09581150114536285,0
0,0.09581150114536285,0
0,0.09581150114536285,0
0,0.09581150114536285,0
0,0.09581150114536285,0
0,0.09581150114536285,0
0,0.09581150114536285,0
0,0.09581150114536285,0
0,0.09581150114536285,0
0,0.09581150114536285,0
0,0.09581150114536285,0
0,0.09581150114536285,0
0,0.09581150114536285,0
0,0.09581150114536285,0
0,0.09581150114536285,0
0,0.09581150114536285,0
0,0.09581150114536285,0
0,0.09581150114536285,0
0,0.09581150114536285,0
0,0.09581150114536285,0
0,0.09581150114536285,0
0,0.09581150114536285,0
0,0.09581150114536285,0
0,0.09581150114536285,0
0,0.09581150114536285,0
0,0.09581150114536285,0
0,0.09581150114536285,0
0,0.09581150114536285,0
0,0.09581150114536285,0
0,0.09581150114536285,0
0,0.09581150114536285,0
0,0.09581150114536285,0
0,0.09581150114536285,0
0,0.09581150114536285,0
0,0.09581150114536285,0
0,0.09581150114536285,0
0,0.09581150114536285,0
0,0.09581150114536285,0
0,0.09581150114536285,0
0,0.09581150114536285,0
0,0.09581150114536285,0
0,0.09581150114536285,0
0,0.09581150114536285,0
0,0.09581150114536285,0
0,0.09581150114536285,0
0,0.09581150114536285,0
0,0.09581150114536285,0
0,0.09581150114536285,0
0,0.09581150114536285,0
0,0.09581150114536285,0
0,0.09581150114536285,0
0,0.09581150114536285,0
0,0.09581150114536285,0
0,0.09581150114536285,0
0,0.09581150114536285,0
0,0.09581150114536285,0
0,0.09581150114536285,0
0,0.09581150114536285,0
0,0.09581150114536285,0
0,0.09581150114536285,0
0,0.09581150114536285,0
0,0.09581150114536285,0
0,0.09581150114536285,0
0,0.09581150114536285,0
0,0.09581150114536285,0
0,0.09581150114536285,0
0,0.09581150114536285,0
0,0.09581150114536285,0
0,0.09581150114536285,0
0,0.09581150114536285,0
0,0.09581150114536285,0
0,0.09581150114536285,0
0,0.09581150114536285,0
0,0.09581150114536285,0
0,0.09581150114536285,0
0,0.09581150114536285,0
0,0.09581150114536285,0
0,0.09581150114536285,0
0,0.09581150114536285,0
0,0.09581150114536285,0
0,0.09581150114536285,0
0,0.09581150114536285,0
0,0.09581150114536285,0
0,0.09581150114536285,0
0,0.09581150114536285,0
0,0.09581150114536285,0
0,0.09581150114536285,0
0,0.09581150114536285,0
0,0.09581150114536285,0
0,0.09581150114536285,0
0,0.09581150114536285,0
0,0.09581150114536285,0
0,0.09581150114536285,0
0,0.09581150114536285,0
0,0.09581150114536285,0
0,0.09581150114536285,0
0,0.09581150114536285,0
0,0.09581150114536285,0
0,0.09581150114536285,0
0,0.09581150114536285,0
0,0.09581150114536285,0
0,0.09581150114536285,0
0,0.09581150114536285,0
0,0.09581150114536285,0
0,0.09581150114536285,0
0,0.09581150114536285,0
0,0.09581150114536285,0
0,0.09581150114536285,0
0,0.09581150114536285,0
0,0.09581150114536285,0
0,0.09581150114536285,0
0,0.09581150114536285,0
0,0.09581150114536285,0
0,0.09581150114536285,0
0,0.09581150114536285,0
0,0.09581150114536285,0
0,0.09581150114536285,0
0,0.09581150114536285,0
0,0.09581150114536285,0
0,0.09581150114536285,0
0,0.09581150114536285,0
0,0.09581150114536285,0
0,0.09581150114536285,0
0,0.09581150114536285,0
0,0.09581150114536285,0
0,0.09581150114536285,0
0,0.09581150114536285,0
0,0.09581150114536285,0
0,0.09581150114536285,0
0,0.09581150114536285,0
0,0.09581150114536285,0
0,0.09581150114536285,0
0,0.09581150114536285,0
0,0.09581150114536285,0
0,0.09581150114536285,0
0,0.09581150114536285,0
0,0.09581150114536285,0
0,0.09581150114536285,0
0,0.09581150114536285,0
0,0.09581150114536285,0
0,0.09581150114536285,0
0,0.09581150114536285,0
0,0.09581150114536285,0
0,0.09581150114536285,0
0,0.09581150114536285,0
0,0.09581150114536285,0
0,0.09581150114536285,0
0,0.09581150114536285,0
0,0.09581150114536285,0
0,0.09581150114536285,0
0,0.09581150114536285,0
0,0.09581150114536285,0
0,0.09581150114536285,0
0,0.09581150114536285,0
0,0.09581150114536285,0
0,0.09581150114536285,0
0,0.09581150114536285,0
0,0.09581150114536285,0
0,0.09581150114536285,0
0,0.09581150114536285,0
0,0.09581150114536285,0
0,0.09581150114536285,0
0,0.09581150114536285,0
0,0.09581150114536285,0
0,0.09581150114536285,0
0,0.09581150114536285,0
0,0.09581150114536285,0
0,0.09581150114536285,0
0,0.09581150114536285,0
0,0.09581150114536285,0
0,0.09581150114536285,0
0,0.09581150114536285,0
0,0.09581150114536285,0
0,0.09581150114536285,0
0,0.09581150114536285,0
0,0.09581150114536285,0
0,0.09581150114536285,0
0,0.09581150114536285,0
0,0.09581150114536285,0
0,0.09581150114536285,0
0,0.09581150114536285,0
0,0.09581150114536285,0
0,0.09581150114536285,0
0,0.09581150114536285,0
0,0.09581150114536285,0
0,0.09581150114536285,0
0,0.09581150114536285,0
0,0.09581150114536285,0
0,0.09581150114536285,0
0,0.09581150114536285,0
0,0.09581150114536285,0
0,0.09581150114536285,0
0,0.09581150114536285,0
0,0.09581150114536285,0
0,0.09581150114536285,0
0,0.09581150114536285,0
0,0.09581150114536285,0
0,0.09581150114536285,0
0,0.09581150114536285,0
0,0.09581150114536285,0
0,0.09581150114536285,0
0,0.09581150114536285,0
0,0.09581150114536285,0
0,0.09581150114536285,0
0,0.09581150114536285,0
0,0.09581150114536285,0
0,0.09581150114536285,0
0,0.09581150114536285,0
0,0.09581150114536285,0
0,0.09581150114536285,0
0,0.09581150114536285,0
0,0.09581150114536285,0
0,0.09581150114536285,0
0,0.09581150114536285,0
0,0.09581150114536285,0
0,0.09581150114536285,0
0,0.09581150114536285,0
0,0.09581150114536285,0
0,0.09581150114536285,0
0,0.09581150114536285,0
0,0.09581150114536285,0
0,0.09581150114536285,0
0,0.09581150114536285,0
0,0.09581150114536285,0
0,0.09581150114536285,0
0,0.09581150114536285,0
0,0.09581150114536285,0
0,0.09581150114536285,0
0,0.09581150114536285,0
0,0.09581150114536285,0
0,0.09581150114536285,0
0,0.09581150114536285,0
0,0.09581150114536285,0
0,0.09581150114536285,0
0,0.09581150114536285,0
0,0.09581150114536285,0
0,0.09581150114536285,0
0,0.09581150114536285,0
0,0.09581150114536285,0
0,0.09581150114536285,0
0,0.09581150114536285,0
0,0.09581150114536285,0
0,0.09581150114536285,0
0,0.09581150114536285,0
0,0.09581150114536285,0
0,0.09581150114536285,0
0,0.09581150114536285,0
0,0.09581150114536285,0
0,0.09581150114536285,0
0,0.09581150114536285,0
0,0.09581150114536285,0
0,0.09581150114536285,0
0,0.09581150114536285,0
0,0.09581150114536285,0
0,0.09581150114536285,0
0,0.09581150114536285,0
0,0.09581150114536285,0
0,0.09581150114536285,0
0,0.09581150114536285,0
0,0.09581150114536285,0
0,0.09581150114536285,0
0,0.09581150114536285,0
0,0.09581150114536285,0
0,0.09581150114536285,0
0,0.09581150114536285,0
0,0.09581150114536285,0
0,0.09581150114536285,0
0,0.09581150114536285,0
0,0.09581150114536285,0
0,0.09581150114536285,0
0,0.09581150114536285,0
0,0.09581150114536285,0
0,0.09581150114536285,0
0,0.09581150114536285,0
0,0.09581150114536285,0
0,0.09581150114536285,0
0,0.09581150114536285,0
0,0.09581150114536285,0
0,0.09581150114536285,0
0,0.09581150114536285,0
0,0.09581150114536285,0
0,0.09581150114536285,0
0,0.09581150114536285,0
0,0.09581150114536285,0
0,0.09581150114536285,0
0,0.09581150114536285,0
0,0.09581150114536285,0
0,0.09581150114536285,0
0,0.09581150114536285,0
0,0.09581150114536285,0
0,0.09581150114536285,0
0,0.09581150114536285,0
0,0.09581150114536285,0
0,0.09581150114536285,0
0,0.09581150114536285,0
0,0.09581150114536285,0
0,0.09581150114536285,0
0,0.09581150114536285,0
0,0.09581150114536285,0
0,0.09581150114536285,0
0,0.09581150114536285,0
0,0.09581150114536285,0
0,0.09581150114536285,0
0,0.09581150114536285,0
0,0.09581150114536285,0
0,0.09581150114536285,0
0,0.09581150114536285,0
0,0.09581150114536285,0
0,0.09581150114536285,0
0,0.09581150114536285,0
0,0.09581150114536285,0
0,0.09581150114536285,0
0,0.09581150114536285,0
0,0.09581150114536285,0
0,0.09581150114536285,0
0,0.09581150114536285,0
0,0.09581150114536285,0
0,0.09581150114536285,0
0,0.09581150114536285,0
0,0.09581150114536285,0
0,0.09581150114536285,0
0,0.09581150114536285,0
0,0.09581150114536285,0
0,0.09581150114536285,0
0,0.09581150114536285,0
0,0.09581150114536285,0
0,0.09581150114536285,0
0,0.09581150114536285,0
0,0.09581150114536285,0
0,0.09581150114536285,0
0,0.09581150114536285,0
0,0.09581150114536285,0
0,0.09581150114536285,0
0,0.09581150114536285,0
0,0.09581150114536285,0
0,0.09581150114536285,0
0,0.09581150114536285,0
0,0.09581150114536285,0
0,0.09581150114536285,0
0,0.09581150114536285,0
0,0.09581150114536285,0
0,0.09581150114536285,0
0,0.09581150114536285,0
0,0.09581150114536285,0
0,0.09581150114536285,0
0,0.09581150114536285,0
0,0.09581150114536285,0
0,0.09581150114536285,0
0,0.09581150114536285,0
0,0.09581150114536285,0
0,0.09581150114536285,0
0,0.09581150114536285,0
0,0.09581150114536285,0
0,0.09581150114536285,0
0,0.09581150114536285,0
0,0.09581150114536285,0
0,0.09581150114536285,0
0,0.09581150114536285,0
0,0.09581150114536285,0
0,0.09581150114536285,0
0,0.09581150114536285,0
0,0.09581150114536285,0
0,0.09581150114536285,0
0,0.09581150114536285,0
0,0.09581150114536285,0
0,0.09581150114536285,0
0,0.09581150114536285,0
0,0.09581150114536285,0
0,0.09581150114536285,0
0,0.09581150114536285,0
0,0.09581150114536285,0
0,0.09581150114536285,0
0,0.09581150114536285,0
0,0.09581150114536285,0
0,0.09581150114536285,0
0,0.09581150114536285,0
0,0.09581150114536285,0
0,0.09581150114536285,0
0,0.09581150114536285,0
0,0.09581150114536285,0
0,0.09581150114536285,0
0,0.09581150114536285,0
0,0.09581150114536285,0
0,0.09581150114536285,0
0,0.09581150114536285,0
0,0.09581150114536285,0
0,0.09581150114536285,0
0,0.09581150114536285,0
0,0.09581150114536285,0
0,0.09581150114536285,0
0,0.09581150114536285,0
0,0.09581150114536285,0
0,0.09581150114536285,0
0,0.09581150114536285,0
0,0.09581150114536285,0
0,0.09581150114536285,0
0,0.09581150114536285,0
0,0.09581150114536285,0
0,0.09581150114536285,0
0,0.09581150114536285,0
0,0.09581150114536285,0
0,0.09581150114536285,0
0,0.09581150114536285,0
0,0.09581150114536285,0
0,0.09581150114536285,0
0,0.09581150114536285,0
0,0.09581150114536285,0
0,0.09581150114536285,0
0,0.09581150114536285,0
0,0.09581150114536285,0
0,0.09581150114536285,0
0,0.09581150114536285,0
0,0.09581150114536285,0
0,0.09581150114536285,0
0,0.09581150114536285,0
0,0.09581150114536285,0
0,0.09581150114536285,0
0,0.09581150114536285,0
0,0.09581150114536285,0
0,0.09581150114536285,0
0,0.09581150114536285,0
0,0.09581150114536285,0
0,0.09581150114536285,0
0,0.09581150114536285,0
0,0.09581150114536285,0
0,0.09581150114536285,0
0,0.09581150114536285,0
0,0.09581150114536285,0
0,0.09581150114536285,0
0,0.09581150114536285,0
0,0.09581150114536285,0
0,0.09581150114536285,0
0,0.09581150114536285,0
0,0.09581150114536285,0
0,0.09581150114536285,0
0,0.09581150114536285,0
0,0.09581150114536285,0
0,0.09581150114536285,0
0,0.09581150114536285,0
0,0.09581150114536285,0
0,0.09581150114536285,0
0,0.09581150114536285,0
0,0.09581150114536285,0
0,0.09581150114536285,0
0,0.09581150114536285,0
0,0.09581150114536285,0
0,0.09581150114536285,0
0,0.09581150114536285,0
0,0.09581150114536285,0
0,0.09581150114536285,0
0,0.09581150114536285,0
0,0.09581150114536285,0
0,0.09581150114536285,0
0,0.09581150114536285,0
0,0.09581150114536285,0
0,0.09581150114536285,0
0,0.09581150114536285,0
0,0.09581150114536285,0
0,0.09581150114536285,0
0,0.09581150114536285,0
0,0.09581150114536285,0
0,0.09581150114536285,0
0,0.09581150114536285,0
0,0.09581150114536285,0
0,0.09581150114536285,0
0,0.09581150114536285,0
0,0.09581150114536285,0
0,0.09581150114536285,0
0,0.09581150114536285,0
0,0.09581150114536285,0
0,0.09581150114536285,0
0,0.09581150114536285,0
0,0.09581150114536285,0
0,0.09581150114536285,0
0,0.09581150114536285,0
0,0.09581150114536285,0
0,0.09581150114536285,0
0,0.09581150114536285,0
0,0.09581150114536285,0
0,0.09581150114536285,0
0,0.09581150114536285,0
0,0.09581150114536285,0
0,0.09581150114536285,0
0,0.09581150114536285,0
0,0.09581150114536285,0
0,0.09581150114536285,0
0,0.09581150114536285,0
0,0.09581150114536285,0
0,0.09581150114536285,0
0,0.09581150114536285,0
0,0.09581150114536285,0
0,0.09581150114536285,0
0,0.09581150114536285,0
0,0.09581150114536285,0
0,0.09581150114536285,0
0,0.09581150114536285,0
0,0.09581150114536285,0
0,0.09581150114536285,0
0,0.09581150114536285,0
0,0.09581150114536285,0
0,0.09581150114536285,0
0,0.09581150114536285,0
0,0.09581150114536285,0
0,0.09581150114536285,0
0,0.09581150114536285,0
0,0.09581150114536285,0
0,0.09581150114536285,0
0,0.09581150114536285,0
0,0.09581150114536285,0
0,0.09581150114536285,0
0,0.09581150114536285,0
0,0.09581150114536285,0
0,0.09581150114536285,0
0,0.09581150114536285,0
0,0.09581150114536285,0
0,0.09581150114536285,0
0,0.09581150114536285,0
0,0.09581150114536285,0
0,0.09581150114536285,0
0,0.09581150114536285,0
0,0.09581150114536285,0
0,0.09581150114536285,0
0,0.09581150114536285,0
0,0.09581150114536285,0
0,0.09581150114536285,0
0,0.09581150114536285,0
0,0.09581150114536285,0
0,0.09581150114536285,0
0,0.09581150114536285,0
0,0.09581150114536285,0
0,0.09581150114536285,0
0,0.09581150114536285,0
0,0.09581150114536285,0
0,0.09581150114536285,0
0,0.09581150114536285,0
0,0.09581150114536285,0
0,0.09581150114536285,0
0,0.09581150114536285,0
0,0.09581150114536285,0
0,0.09581150114536285,0
0,0.09581150114536285,0
0,0.09581150114536285,0
0,0.09581150114536285,0
0,0.09581150114536285,0
0,0.09581150114536285,0
0,0.09581150114536285,0
0,0.09581150114536285,0
0,0.09581150114536285,0
0,0.09581150114536285,0
0,0.09581150114536285,0
0,0.09581150114536285,0
0,0.09581150114536285,0
0,0.09581150114536285,0
0,0.09581150114536285,0
0,0.09581150114536285,0
0,0.09581150114536285,0
0,0.09581150114536285,0
0,0.09581150114536285,0
0,0.09581150114536285,0
0,0.09581150114536285,0
0,0.09581150114536285,0
0,0.09581150114536285,0
0,0.09581150114536285,0
0,0.09581150114536285,0
0,0.09581150114536285,0
0,0.09581150114536285,0
0,0.09581150114536285,0
0,0.09581150114536285,0
0,0.09581150114536285,0
0,0.09581150114536285,0
0,0.09581150114536285,0
0,0.09581150114536285,0
0,0.09581150114536285,0
0,0.09581150114536285,0
0,0.09581150114536285,0
0,0.09581150114536285,0
0,0.09581150114536285,0
0,0.09581150114536285,0
0,0.09581150114536285,0
0,0.09581150114536285,0
0,0.09581150114536285,0
0,0.09581150114536285,0
0,0.09581150114536285,0
0,0.09581150114536285,0
0,0.09581150114536285,0
0,0.09581150114536285,0
0,0.09581150114536285,0
0,0.09581150114536285,0
0,0.09581150114536285,0
0,0.09581150114536285,0
0,0.09581150114536285,0
0,0.09581150114536285,0
0,0.09581150114536285,0
0,0.09581150114536285,0
0,0.09581150114536285,0
0,0.09581150114536285,0
0,0.09581150114536285,0
0,0.09581150114536285,0
0,0.09581150114536285,0
0,0.09581150114536285,0
0,0.09581150114536285,0
0,0.09581150114536285,0
0,0.09581150114536285,0
0,0.09581150114536285,0
0,0.09581150114536285,0
0,0.09581150114536285,0
0,0.09581150114536285,0
0,0.09581150114536285,0
0,0.09581150114536285,0
0,0.09581150114536285,0
0,0.09581150114536285,0
0,0.09581150114536285,0
0,0.09581150114536285,0
0,0.09581150114536285,0
0,0.09581150114536285,0
0,0.09581150114536285,0
0,0.09581150114536285,0
0,0.09581150114536285,0
0,0.09581150114536285,0
0,0.09581150114536285,0
0,0.09581150114536285,0
0,0.09581150114536285,0
0,0.09581150114536285,0
0,0.09581150114536285,0
0,0.09581150114536285,0
0,0.09581150114536285,0
0,0.09581150114536285,0
0,0.09581150114536285,0
0,0.09581150114536285,0
0,0.09581150114536285,0
0,0.09581150114536285,0
0,0.09581150114536285,0
0,0.09581150114536285,0
0,0.09581150114536285,0
0,0.09581150114536285,0
0,0.09581150114536285,0
0,0.09581150114536285,0
0,0.09581150114536285,0
0,0.09581150114536285,0
0,0.09581150114536285,0
0,0.09581150114536285,0
0,0.09581150114536285,0
0,0.09581150114536285,0
0,0.09581150114536285,0
0,0.09581150114536285,0
0,0.09581150114536285,0
0,0.09581150114536285,0
0,0.09581150114536285,0
0,0.09581150114536285,0
0,0.09581150114536285,0
0,0.09581150114536285,0
0,0.09581150114536285,0
0,0.09581150114536285,0
0,0.09581150114536285,0
0,0.09581150114536285,0
0,0.09581150114536285,0
0,0.09581150114536285,0
0,0.09581150114536285,0
0,0.09581150114536285,0
0,0.09581150114536285,0
0,0.09581150114536285,0
0,0.09581150114536285,0
0,0.09581150114536285,0
0,0.09581150114536285,0
0,0.09581150114536285,0
0,0.09581150114536285,0
0,0.09581150114536285,0
0,0.09581150114536285,0
0,0.09581150114536285,0
0,0.09581150114536285,0
0,0.09581150114536285,0
0,0.09581150114536285,0
0,0.09581150114536285,0
0,0.09581150114536285,0
0,0.09581150114536285,0
0,0.09581150114536285,0
0,0.09581150114536285,0
0,0.09581150114536285,0
0,0.09581150114536285,0
0,0.09581150114536285,0
0,0.09581150114536285,0
0,0.09581150114536285,0
0,0.09581150114536285,0
0,0.09581150114536285,0
0,0.09581150114536285,0
0,0.09581150114536285,0
0,0.09581150114536285,0
0,0.09581150114536285,0
0,0.09581150114536285,0
0,0.09581150114536285,0
0,0.09581150114536285,0
0,0.09581150114536285,0
0,0.09581150114536285,0
0,0.09581150114536285,0
0,0.09581150114536285,0
0,0.09581150114536285,0
0,0.09581150114536285,0
0,0.09581150114536285,0
0,0.09581150114536285,0
0,0.09581150114536285,0
0,0.09581150114536285,0
0,0.09581150114536285,0
0,0.09581150114536285,0
0,0.09581150114536285,0
0,0.09581150114536285,0
0,0.09581150114536285,0
0,0.09581150114536285,0
0,0.09581150114536285,0
0,0.09581150114536285,0
0,0.09581150114536285,0
0,0.09581150114536285,0
0,0.09581150114536285,0
0,0.09581150114536285,0
0,0.09581150114536285,0
0,0.09581150114536285,0
0,0.09581150114536285,0
0,0.09581150114536285,0
0,0.09581150114536285,0
0,0.09581150114536285,0
0,0.09581150114536285,0
0,0.09581150114536285,0
0,0.09581150114536285,0
0,0.09581150114536285,0
0,0.09581150114536285,0
0,0.09581150114536285,0
0,0.09581150114536285,0
0,0.09581150114536285,0
0,0.09581150114536285,0
0,0.09581150114536285,0
0,0.09581150114536285,0
0,0.09581150114536285,0
0,0.09581150114536285,0
0,0.09581150114536285,0
0,0.09581150114536285,0
0,0.09581150114536285,0
0,0.09581150114536285,0
0,0.09581150114536285,0
0,0.09581150114536285,0
0,0.09581150114536285,0
0,0.09581150114536285,0
0,0.09581150114536285,0
0,0.09581150114536285,0
0,0.09581150114536285,0
0,0.09581150114536285,0
0,0.09581150114536285,0
0,0.09581150114536285,0
0,0.09581150114536285,0
0,0.09581150114536285,0
0,0.09581150114536285,0
0,0.09581150114536285,0
0,0.09581150114536285,0
0,0.09581150114536285,0
0,0.09581150114536285,0
0,0.09581150114536285,0
0,0.09581150114536285,0
0,0.09581150114536285,0
0,0.09581150114536285,0
0,0.09581150114536285,0
0,0.09581150114536285,0
0,0.09581150114536285,0
0,0.09581150114536285,0
0,0.09581150114536285,0
0,0.09581150114536285,0
0,0.09581150114536285,0
0,0.09581150114536285,0
0,0.09581150114536285,0
0,0.09581150114536285,0
0,0.09581150114536285,0
0,0.09581150114536285,0
0,0.09581150114536285,0
0,0.09581150114536285,0
0,0.09581150114536285,0
0,0.09581150114536285,0
0,0.09581150114536285,0
0,0.09581150114536285,0
0,0.09581150114536285,0
0,0.09581150114536285,0
0,0.09581150114536285,0
0,0.09581150114536285,0
0,0.09581150114536285,0
0,0.09581150114536285,0
0,0.09581150114536285,0
0,0.09581150114536285,0
0,0.09581150114536285,0
0,0.09581150114536285,0
0,0.09581150114536285,0
0,0.09581150114536285,0
0,0.09581150114536285,0
0,0.09581150114536285,0
0,0.09581150114536285,0
0,0.09581150114536285,0
0,0.09581150114536285,0
0,0.09581150114536285,0
0,0.09581150114536285,0
0,0.09581150114536285,0
0,0.09581150114536285,0
0,0.09581150114536285,0
0,0.09581150114536285,0
0,0.09581150114536285,0
0,0.09581150114536285,0
0,0.09581150114536285,0
0,0.09581150114536285,0
0,0.09581150114536285,0
0,0.09581150114536285,0
0,0.09581150114536285,0
0,0.09581150114536285,0
0,0.09581150114536285,0
0,0.09581150114536285,0
0,0.09581150114536285,0
0,0.09581150114536285,0
0,0.09581150114536285,0
0,0.09581150114536285,0
0,0.09581150114536285,0
0,0.09581150114536285,0
0,0.09581150114536285,0
0,0.09581150114536285,0
0,0.09581150114536285,0
0,0.09581150114536285,0
0,0.09581150114536285,0
0,0.09581150114536285,0
0,0.09581150114536285,0
0,0.09581150114536285,0
0,0.09581150114536285,0
0,0.09581150114536285,0
0,0.09581150114536285,0
0,0.09581150114536285,0
0,0.09581150114536285,0
0,0.09581150114536285,0
0,0.09581150114536285,0
0,0.09581150114536285,0
0,0.09581150114536285,0
0,0.09581150114536285,0
0,0.09581150114536285,0
0,0.09581150114536285,0
0,0.09581150114536285,0
0,0.09581150114536285,0
0,0.09581150114536285,0
0,0.09581150114536285,0
0,0.09581150114536285,0
0,0.09581150114536285,0
0,0.09581150114536285,0
0,0.09581150114536285,0
0,0.09581150114536285,0
0,0.09581150114536285,0
0,0.09581150114536285,0
0,0.09581150114536285,0
0,0.09581150114536285,0
0,0.09581150114536285,0
0,0.09581150114536285,0
0,0.09581150114536285,0
0,0.09581150114536285,0
0,0.09581150114536285,0
0,0.09581150114536285,0
0,0.09581150114536285,0
0,0.09581150114536285,0
0,0.09581150114536285,0
0,0.09581150114536285,0
0,0.09581150114536285,0
0,0.09581150114536285,0
0,0.09581150114536285,0
0,0.09581150114536285,0
0,0.09581150114536285,0
0,0.09581150114536285,0
0,0.09581150114536285,0
0,0.09581150114536285,0
0,0.09581150114536285,0
0,0.09581150114536285,0
0,0.09581150114536285,0
0,0.09581150114536285,0
0,0.09581150114536285,0
0,0.09581150114536285,0
0,0.09581150114536285,0
0,0.09581150114536285,0
0,0.09581150114536285,0
0,0.09581150114536285,0
0,0.09581150114536285,0
0,0.09581150114536285,0
0,0.09581150114536285,0
0,0.09581150114536285,0
0,0.09581150114536285,0
0,0.09581150114536285,0
0,0.09581150114536285,0
0,0.09581150114536285,0
0,0.09581150114536285,0
0,0.09581150114536285,0
0,0.09581150114536285,0
0,0.09581150114536285,0
0,0.09581150114536285,0
0,0.09581150114536285,0
0,0.09581150114536285,0
0,0.09581150114536285,0
0,0.09581150114536285,0
0,0.09581150114536285,0
0,0.09581150114536285,0
0,0.09581150114536285,0
0,0.09581150114536285,0
0,0.09581150114536285,0
0,0.09581150114536285,0
0,0.09581150114536285,0
0,0.09581150114536285,0
0,0.09581150114536285,0
0,0.09581150114536285,0
0,0.09581150114536285,0
0,0.09581150114536285,0
0,0.09581150114536285,0
0,0.09581150114536285,0
0,0.09581150114536285,0
0,0.09581150114536285,0
0,0.09581150114536285,0
0,0.09581150114536285,0
0,0.09581150114536285,0
0,0.09581150114536285,0
0,0.09581150114536285,0
0,0.09581150114536285,0
0,0.09581150114536285,0
0,0.09581150114536285,0
0,0.09581150114536285,0
0,0.09581150114536285,0
0,0.09581150114536285,0
0,0.09581150114536285,0
0,0.09581150114536285,0
0,0.09581150114536285,0
0,0.09581150114536285,0
0,0.09581150114536285,0
0,0.09581150114536285,0
0,0.09581150114536285,0
0,0.09581150114536285,0
0,0.09581150114536285,0
0,0.09581150114536285,0
0,0.09581150114536285,0
0,0.09581150114536285,0
0,0.09581150114536285,0
0,0.09581150114536285,0
0,0.09581150114536285,0
0,0.09581150114536285,0
0,0.09581150114536285,0
0,0.09581150114536285,0
0,0.09581150114536285,0
0,0.09581150114536285,0
0,0.09581150114536285,0
0,0.09581150114536285,0
0,0.09581150114536285,0
0,0.09581150114536285,0
0,0.09581150114536285,0
0,0.09581150114536285,0
0,0.09581150114536285,0
0,0.09581150114536285,0
0,0.09581150114536285,0
0,0.09581150114536285,0
0,0.09581150114536285,0
0,0.09581150114536285,0
0,0.09581150114536285,0
0,0.09581150114536285,0
0,0.09581150114536285,0
0,0.09581150114536285,0
0,0.09581150114536285,0
0,0.09581150114536285,0
0,0.09581150114536285,0
0,0.09581150114536285,0
0,0.09581150114536285,0
0,0.09581150114536285,0
0,0.09581150114536285,0
0,0.09581150114536285,0
0,0.09581150114536285,0
0,0.09581150114536285,0
0,0.09581150114536285,0
0,0.09581150114536285,0
0,0.09581150114536285,0
0,0.09581150114536285,0
0,0.09581150114536285,0
0,0.09581150114536285,0
0,0.09581150114536285,0
0,0.09581150114536285,0
0,0.09581150114536285,0
0,0.09581150114536285,0
0,0.09581150114536285,0
0,0.09581150114536285,0
0,0.09581150114536285,0
0,0.09581150114536285,0
0,0.09581150114536285,0
0,0.09581150114536285,0
0,0.09581150114536285,0
0,0.09581150114536285,0
0,0.09581150114536285,0
0,0.09581150114536285,0
0,0.09581150114536285,0
0,0.09581150114536285,0
0,0.09581150114536285,0
0,0.09581150114536285,0
0,0.09581150114536285,0
0,0.09581150114536285,0
0,0.09581150114536285,0
0,0.09581150114536285,0
0,0.09581150114536285,0
0,0.09581150114536285,0
0,0.09581150114536285,0
0,0.09581150114536285,0
0,0.09581150114536285,0
0,0.09581150114536285,0
0,0.09581150114536285,0
0,0.09581150114536285,0
0,0.09581150114536285,0
0,0.09581150114536285,0
0,0.09581150114536285,0
0,0.09581150114536285,0
0,0.09581150114536285,0
0,0.09581150114536285,0
0,0.09581150114536285,0
0,0.09581150114536285,0
0,0.09581150114536285,0
0,0.09581150114536285,0
0,0.09581150114536285,0
0,0.09581150114536285,0
0,0.09581150114536285,0
0,0.09581150114536285,0
0,0.09581150114536285,0
0,0.09581150114536285,0
0,0.09581150114536285,0
0,0.09581150114536285,0
0,0.09581150114536285,0
0,0.09581150114536285,0
0,0.09581150114536285,0
0,0.09581150114536285,0
0,0.09581150114536285,0
0,0.09581150114536285,0
0,0.09581150114536285,0
0,0.09581150114536285,0
0,0.09581150114536285,0
0,0.09581150114536285,0
0,0.09581150114536285,0
0,0.09581150114536285,0
0,0.09581150114536285,0
0,0.09581150114536285,0
0,0.09581150114536285,0
0,0.09581150114536285,0
0,0.09581150114536285,0
0,0.09581150114536285,0
0,0.09581150114536285,0
0,0.09581150114536285,0
0,0.09581150114536285,0
0,0.09581150114536285,0
0,0.09581150114536285,0
0,0.09581150114536285,0
0,0.09581150114536285,0
0,0.09581150114536285,0
0,0.09581150114536285,0
0,0.09581150114536285,0
0,0.09581150114536285,0
0,0.09581150114536285,0
0,0.09581150114536285,0
0,0.09581150114536285,0
0,0.09581150114536285,0
0,0.09581150114536285,0
0,0.09581150114536285,0
0,0.09581150114536285,0
0,0.09581150114536285,0
0,0.09581150114536285,0
0,0.09581150114536285,0
0,0.09581150114536285,0
0,0.09581150114536285,0
0,0.09581150114536285,0
0,0.09581150114536285,0
0,0.09581150114536285,0
0,0.09581150114536285,0
0,0.09581150114536285,0
0,0.09581150114536285,0
0,0.09581150114536285,0
0,0.09581150114536285,0
0,0.09581150114536285,0
0,0.09581150114536285,0
0,0.09581150114536285,0
0,0.09581150114536285,0
0,0.09581150114536285,0
0,0.09581150114536285,0
0,0.09581150114536285,0
0,0.09581150114536285,0
0,0.09581150114536285,0
0,0.09581150114536285,0
0,0.09581150114536285,0
0,0.09581150114536285,0
0,0.09581150114536285,0
0,0.09581150114536285,0
0,0.09581150114536285,0
0,0.09581150114536285,0
0,0.09581150114536285,0
0,0.09581150114536285,0
0,0.09581150114536285,0
0,0.09581150114536285,0
0,0.09581150114536285,0
0,0.09581150114536285,0
0,0.09581150114536285,0
0,0.09581150114536285,0
0,0.09581150114536285,0
0,0.09581150114536285,0
0,0.09581150114536285,0
0,0.09581150114536285,0
0,0.09581150114536285,0
0,0.09581150114536285,0
0,0.09581150114536285,0
0,0.09581150114536285,0
0,0.09581150114536285,0
0,0.09581150114536285,0
0,0.09581150114536285,0
0,0.09581150114536285,0
0,0.09581150114536285,0
0,0.09581150114536285,0
0,0.09581150114536285,0
0,0.09581150114536285,0
0,0.09581150114536285,0
0,0.09581150114536285,0
0,0.09581150114536285,0
0,0.09581150114536285,0
0,0.09581150114536285,0
0,0.09581150114536285,0
0,0.09581150114536285,0
0,0.09581150114536285,0
0,0.09581150114536285,0
0,0.09581150114536285,0
0,0.09581150114536285,0
0,0.09581150114536285,0
0,0.09581150114536285,0
0,0.09581150114536285,0
0,0.09581150114536285,0
0,0.09581150114536285,0
0,0.09581150114536285,0
0,0.09581150114536285,0
0,0.09581150114536285,0
0,0.09581150114536285,0
0,0.09581150114536285,0
0,0.09581150114536285,0
0,0.09581150114536285,0
0,0.09581150114536285,0
0,0.09581150114536285,0
0,0.09581150114536285,0
0,0.09581150114536285,0
0,0.09581150114536285,0
0,0.09581150114536285,0
0,0.09581150114536285,0
0,0.09581150114536285,0
0,0.09581150114536285,0
0,0.09581150114536285,0
0,0.09581150114536285,0
0,0.09581150114536285,0
0,0.09581150114536285,0
0,0.09581150114536285,0
0,0.09581150114536285,0
0,0.09581150114536285,0
0,0.09581150114536285,0
0,0.09581150114536285,0
0,0.09581150114536285,0
0,0.09581150114536285,0
0,0.09581150114536285,0
0,0.09581150114536285,0
0,0.09581150114536285,0
0,0.09581150114536285,0
0,0.09581150114536285,0
0,0.09581150114536285,0
0,0.09581150114536285,0
0,0.09581150114536285,0
0,0.09581150114536285,0
0,0.09581150114536285,0
0,0.09581150114536285,0
0,0.09581150114536285,0
0,0.09581150114536285,0
0,0.09581150114536285,0
0,0.09581150114536285,0
0,0.09581150114536285,0
0,0.09581150114536285,0
0,0.09581150114536285,0
0,0.09581150114536285,0
0,0.09581150114536285,0
0,0.09581150114536285,0
0,0.09581150114536285,0
0,0.09581150114536285,0
0,0.09581150114536285,0
0,0.09581150114536285,0
0,0.09581150114536285,0
0,0.09581150114536285,0
0,0.09581150114536285,0
0,0.09581150114536285,0
0,0.09581150114536285,0
0,0.09581150114536285,0
0,0.09581150114536285,0
0,0.09581150114536285,0
0,0.09581150114536285,0
0,0.09581150114536285,0
0,0.09581150114536285,0
0,0.09581150114536285,0
0,0.09581150114536285,0
0,0.09581150114536285,0
0,0.09581150114536285,0
0,0.09581150114536285,0
0,0.09581150114536285,0
0,0.09581150114536285,0
0,0.09581150114536285,0
0,0.09581150114536285,0
0,0.09581150114536285,0
0,0.09581150114536285,0
0,0.09581150114536285,0
0,0.09581150114536285,0
0,0.09581150114536285,0
0,0.09581150114536285,0
0,0.09581150114536285,0
0,0.09581150114536285,0
0,0.09581150114536285,0
0,0.09581150114536285,0
0,0.09581150114536285,0
0,0.09581150114536285,0
0,0.09581150114536285,0
0,0.09581150114536285,0
0,0.09581150114536285,0
0,0.09581150114536285,0
0,0.09581150114536285,0
0,0.09581150114536285,0
0,0.09581150114536285,0
0,0.09581150114536285,0
0,0.09581150114536285,0
0,0.09581150114536285,0
0,0.09581150114536285,0
0,0.09581150114536285,0
0,0.09581150114536285,0
0,0.09581150114536285,0
0,0.09581150114536285,0
0,0.09581150114536285,0
0,0.09581150114536285,0
0,0.09581150114536285,0
0,0.09581150114536285,0
0,0.09581150114536285,0
0,0.09581150114536285,0
0,0.09581150114536285,0
0,0.09581150114536285,0
0,0.09581150114536285,0
0,0.09581150114536285,0
0,0.09581150114536285,0
0,0.09581150114536285,0
0,0.09581150114536285,0
0,0.09581150114536285,0
0,0.09581150114536285,0
0,0.09581150114536285,0
0,0.09581150114536285,0
0,0.09581150114536285,0
0,0.09581150114536285,0
0,0.09581150114536285,0
0,0.09581150114536285,0
0,0.09581150114536285,0
0,0.09581150114536285,0
0,0.09581150114536285,0
0,0.09581150114536285,0
0,0.09581150114536285,0
0,0.09581150114536285,0
0,0.09581150114536285,0
0,0.09581150114536285,0
0,0.09581150114536285,0
0,0.09581150114536285,0
0,0.09581150114536285,0
0,0.09581150114536285,0
0,0.09581150114536285,0
0,0.09581150114536285,0
0,0.09581150114536285,0
0,0.09581150114536285,0
0,0.09581150114536285,0
0,0.09581150114536285,0
0,0.09581150114536285,0
0,0.09581150114536285,0
0,0.09581150114536285,0
0,0.09581150114536285,0
0,0.09581150114536285,0
0,0.09581150114536285,0
0,0.09581150114536285,0
0,0.09581150114536285,0
0,0.09581150114536285,0
0,0.09581150114536285,0
0,0.09581150114536285,0
0,0.09581150114536285,0
0,0.09581150114536285,0
0,0.09581150114536285,0
0,0.09581150114536285,0
0,0.09581150114536285,0
0,0.09581150114536285,0
0,0.09581150114536285,0
0,0.09581150114536285,0
0,0.09581150114536285,0
0,0.09581150114536285,0
0,0.09581150114536285,0
0,0.09581150114536285,0
0,0.09581150114536285,0
0,0.09581150114536285,0
0,0.09581150114536285,0
0,0.09581150114536285,0
0,0.09581150114536285,0
0,0.09581150114536285,0
0,0.09581150114536285,0
0,0.09581150114536285,0
0,0.09581150114536285,0
0,0.09581150114536285,0
0,0.09581150114536285,0
0,0.09581150114536285,0
0,0.09581150114536285,0
0,0.09581150114536285,0
0,0.09581150114536285,0
0,0.09581150114536285,0
0,0.09581150114536285,0
0,0.09581150114536285,0
0,0.09581150114536285,0
0,0.09581150114536285,0
0,0.09581150114536285,0
0,0.09581150114536285,0
0,0.09581150114536285,0
0,0.09581150114536285,0
0,0.09581150114536285,0
0,0.09581150114536285,0
0,0.09581150114536285,0
0,0.09581150114536285,0
0,0.09581150114536285,0
0,0.09581150114536285,0
0,0.09581150114536285,0
0,0.09581150114536285,0
0,0.09581150114536285,0
0,0.09581150114536285,0
0,0.09581150114536285,0
0,0.09581150114536285,0
0,0.09581150114536285,0
0,0.09581150114536285,0
0,0.09581150114536285,0
0,0.09581150114536285,0
0,0.09581150114536285,0
0,0.09581150114536285,0
0,0.09581150114536285,0
0,0.09581150114536285,0
0,0.09581150114536285,0
0,0.09581150114536285,0
0,0.09581150114536285,0
0,0.09581150114536285,0
0,0.09581150114536285,0
0,0.09581150114536285,0
0,0.09581150114536285,0
0,0.09581150114536285,0
0,0.09581150114536285,0
0,0.09581150114536285,0
0,0.09581150114536285,0
0,0.09581150114536285,0
0,0.09581150114536285,0
0,0.09581150114536285,0
0,0.09581150114536285,0
0,0.09581150114536285,0
0,0.09581150114536285,0
0,0.09581150114536285,0
0,0.09581150114536285,0
0,0.09581150114536285,0
0,0.09581150114536285,0
0,0.09581150114536285,0
0,0.09581150114536285,0
0,0.09581150114536285,0
0,0.09581150114536285,0
0,0.09581150114536285,0
0,0.09581150114536285,0
0,0.09581150114536285,0
0,0.09581150114536285,0
0,0.09581150114536285,0
0,0.09581150114536285,0
0,0.09581150114536285,0
0,0.09581150114536285,0
0,0.09581150114536285,0
0,0.09581150114536285,0
0,0.09581150114536285,0
0,0.09581150114536285,0
0,0.09581150114536285,0
0,0.09581150114536285,0
0,0.09581150114536285,0
0,0.09581150114536285,0
0,0.09581150114536285,0
0,0.09581150114536285,0
0,0.09581150114536285,0
0,0.09581150114536285,0
0,0.09581150114536285,0
0,0.09581150114536285,0
0,0.09581150114536285,0
0,0.09581150114536285,0
0,0.09581150114536285,0
0,0.09581150114536285,0
0,0.09581150114536285,0
0,0.09581150114536285,0
0,0.09581150114536285,0
0,0.09581150114536285,0
0,0.09581150114536285,0
0,0.09581150114536285,0
0,0.09581150114536285,0
0,0.09581150114536285,0
0,0.09581150114536285,0
0,0.09581150114536285,0
0,0.09581150114536285,0
0,0.09581150114536285,0
0,0.09581150114536285,0
0,0.09581150114536285,0
0,0.09581150114536285,0
0,0.09581150114536285,0
0,0.09581150114536285,0
0,0.09581150114536285,0
0,0.09581150114536285,0
0,0.09581150114536285,0
0,0.09581150114536285,0
0,0.09581150114536285,0
0,0.09581150114536285,0
0,0.09581150114536285,0
0,0.09581150114536285,0
0,0.09581150114536285,0
0,0.09581150114536285,0
0,0.09581150114536285,0
0,0.09581150114536285,0
0,0.09581150114536285,0
0,0.09581150114536285,0
0,0.09581150114536285,0
0,0.09581150114536285,0
0,0.09581150114536285,0
0,0.09581150114536285,0
0,0.09581150114536285,0
0,0.09581150114536285,0
0,0.09581150114536285,0
0,0.09581150114536285,0
0,0.09581150114536285,0
0,0.09581150114536285,0
0,0.09581150114536285,0
0,0.09581150114536285,0
0,0.09581150114536285,0
0,0.09581150114536285,0
0,0.09581150114536285,0
0,0.09581150114536285,0
0,0.09581150114536285,0
0,0.09581150114536285,0
0,0.09581150114536285,0
0,0.09581150114536285,0
0,0.09581150114536285,0
0,0.09581150114536285,0
0,0.09581150114536285,0
0,0.09581150114536285,0
0,0.09581150114536285,0
0,0.09581150114536285,0
0,0.09581150114536285,0
0,0.09581150114536285,0
0,0.09581150114536285,0
0,0.09581150114536285,0
0,0.09581150114536285,0
0,0.09581150114536285,0
0,0.09581150114536285,0
0,0.09581150114536285,0
0,0.09581150114536285,0
0,0.09581150114536285,0
0,0.09581150114536285,0
0,0.09581150114536285,0
0,0.09581150114536285,0
0,0.09581150114536285,0
0,0.09581150114536285,0
0,0.09581150114536285,0
0,0.09581150114536285,0
0,0.09581150114536285,0
0,0.09581150114536285,0
0,0.09581150114536285,0
0,0.09581150114536285,0
0,0.09581150114536285,0
0,0.09581150114536285,0
0,0.09581150114536285,0
0,0.09581150114536285,0
0,0.09581150114536285,0
0,0.09581150114536285,0
0,0.09581150114536285,0
0,0.09581150114536285,0
0,0.09581150114536285,0
0,0.09581150114536285,0
0,0.09581150114536285,0
0,0.09581150114536285,0
0,0.09581150114536285,0
0,0.09581150114536285,0
0,0.09581150114536285,0
0,0.09581150114536285,0
0,0.09581150114536285,0
0,0.09581150114536285,0
0,0.09581150114536285,0
0,0.09581150114536285,0
0,0.09581150114536285,0
0,0.09581150114536285,0
0,0.09581150114536285,0
0,0.09581150114536285,0
0,0.09581150114536285,0
0,0.09581150114536285,0
0,0.09581150114536285,0
0,0.09581150114536285,0
0,0.09581150114536285,0
0,0.09581150114536285,0
0,0.09581150114536285,0
0,0.09581150114536285,0
0,0.09581150114536285,0
0,0.09581150114536285,0
0,0.09581150114536285,0
0,0.09581150114536285,0
0,0.09581150114536285,0
0,0.09581150114536285,0
0,0.09581150114536285,0
0,0.09581150114536285,0
0,0.09581150114536285,0
0,0.09581150114536285,0
0,0.09581150114536285,0
0,0.09581150114536285,0
0,0.09581150114536285,0
0,0.09581150114536285,0
0,0.09581150114536285,0
0,0.09581150114536285,0
0,0.09581150114536285,0
0,0.09581150114536285,0
0,0.09581150114536285,0
0,0.09581150114536285,0
0,0.09581150114536285,0
0,0.09581150114536285,0
0,0.09581150114536285,0
0,0.09581150114536285,0
0,0.09581150114536285,0
0,0.09581150114536285,0
0,0.09581150114536285,0
0,0.09581150114536285,0
0,0.09581150114536285,0
0,0.09581150114536285,0
0,0.09581150114536285,0
0,0.09581150114536285,0
0,0.09581150114536285,0
0,0.09581150114536285,0
0,0.09581150114536285,0
0,0.09581150114536285,0
0,0.09581150114536285,0
0,0.09581150114536285,0
0,0.09581150114536285,0
0,0.09581150114536285,0
0,0.09581150114536285,0
0,0.09581150114536285,0
0,0.09581150114536285,0
0,0.09581150114536285,0
0,0.09581150114536285,0
0,0.09581150114536285,0
0,0.09581150114536285,0
0,0.09581150114536285,0
0,0.09581150114536285,0
0,0.09581150114536285,0
0,0.09581150114536285,0
0,0.09581150114536285,0
0,0.09581150114536285,0
0,0.09581150114536285,0
0,0.09581150114536285,0
0,0.09581150114536285,0
0,0.09581150114536285,0
0,0.09581150114536285,0
0,0.09581150114536285,0
0,0.09581150114536285,0
0,0.09581150114536285,0
0,0.09581150114536285,0
0,0.09581150114536285,0
0,0.09581150114536285,0
0,0.09581150114536285,0
0,0.09581150114536285,0
0,0.09581150114536285,0
0,0.09581150114536285,0
0,0.09581150114536285,0
0,0.09581150114536285,0
0,0.09581150114536285,0
0,0.09581150114536285,0
0,0.09581150114536285,0
0,0.09581150114536285,0
0,0.09581150114536285,0
0,0.09581150114536285,0
0,0.09581150114536285,0
0,0.09581150114536285,0
0,0.09581150114536285,0
0,0.09581150114536285,0
0,0.09581150114536285,0
0,0.09581150114536285,0
0,0.09581150114536285,0
0,0.09581150114536285,0
0,0.09581150114536285,0
0,0.09581150114536285,0
0,0.09581150114536285,0
0,0.09581150114536285,0
0,0.09581150114536285,0
0,0.09581150114536285,0
0,0.09581150114536285,0
0,0.09581150114536285,0
0,0.09581150114536285,0
0,0.09581150114536285,0
0,0.09581150114536285,0
0,0.09581150114536285,0
0,0.09581150114536285,0
0,0.09581150114536285,0
0,0.09581150114536285,0
0,0.09581150114536285,0
0,0.09581150114536285,0
0,0.09581150114536285,0
0,0.09581150114536285,0
0,0.09581150114536285,0
0,0.09581150114536285,0
0,0.09581150114536285,0
0,0.09581150114536285,0
0,0.09581150114536285,0
0,0.09581150114536285,0
0,0.09581150114536285,0
0,0.09581150114536285,0
0,0.09581150114536285,0
0,0.09581150114536285,0
0,0.09581150114536285,0
0,0.09581150114536285,0
0,0.09581150114536285,0
0,0.09581150114536285,0
0,0.09581150114536285,0
0,0.09581150114536285,0
0,0.09581150114536285,0
0,0.09581150114536285,0
0,0.09581150114536285,0
0,0.09581150114536285,0
0,0.09581150114536285,0
0,0.09581150114536285,0
0,0.09581150114536285,0
0,0.09581150114536285,0
0,0.09581150114536285,0
0,0.09581150114536285,0
0,0.09581150114536285,0
0,0.09581150114536285,0
0,0.09581150114536285,0
0,0.09581150114536285,0
0,0.09581150114536285,0
0,0.09581150114536285,0
0,0.09581150114536285,0
0,0.09581150114536285,0
0,0.09581150114536285,0
0,0.09581150114536285,0
0,0.09581150114536285,0
0,0.09581150114536285,0
0,0.09581150114536285,0
0,0.09581150114536285,0
0,0.09581150114536285,0
0,0.09581150114536285,0
0,0.09581150114536285,0
0,0.09581150114536285,0
0,0.09581150114536285,0
0,0.09581150114536285,0
0,0.09581150114536285,0
0,0.09581150114536285,0
0,0.09581150114536285,0
0,0.09581150114536285,0
0,0.09581150114536285,0
0,0.09581150114536285,0
0,0.09581150114536285,0
0,0.09581150114536285,0
0,0.09581150114536285,0
0,0.09581150114536285,0
0,0.09581150114536285,0
0,0.09581150114536285,0
0,0.09581150114536285,0
0,0.09581150114536285,0
0,0.09581150114536285,0
0,0.09581150114536285,0
0,0.09581150114536285,0
0,0.09581150114536285,0
0,0.09581150114536285,0
0,0.09581150114536285,0
0,0.09581150114536285,0
0,0.09581150114536285,0
0,0.09581150114536285,0
0,0.09581150114536285,0
0,0.09581150114536285,0
0,0.09581150114536285,0
0,0.09581150114536285,0
0,0.09581150114536285,0
0,0.09581150114536285,0
0,0.09581150114536285,0
0,0.09581150114536285,0
0,0.09581150114536285,0
0,0.09581150114536285,0
0,0.09581150114536285,0
0,0.09581150114536285,0
0,0.09581150114536285,0
0,0.09581150114536285,0
0,0.09581150114536285,0
0,0.09581150114536285,0
0,0.09581150114536285,0
0,0.09581150114536285,0
0,0.09581150114536285,0
0,0.09581150114536285,0
0,0.09581150114536285,0
0,0.09581150114536285,0
0,0.09581150114536285,0
0,0.09581150114536285,0
0,0.09581150114536285,0
0,0.09581150114536285,0
0,0.09581150114536285,0
0,0.09581150114536285,0
0,0.09581150114536285,0
0,0.09581150114536285,0
0,0.09581150114536285,0
0,0.09581150114536285,0
0,0.09581150114536285,0
0,0.09581150114536285,0
0,0.09581150114536285,0
0,0.09581150114536285,0
0,0.09581150114536285,0
0,0.09581150114536285,0
0,0.09581150114536285,0
0,0.09581150114536285,0
0,0.09581150114536285,0
0,0.09581150114536285,0
0,0.09581150114536285,0
0,0.09581150114536285,0
0,0.09581150114536285,0
0,0.09581150114536285,0
0,0.09581150114536285,0
0,0.09581150114536285,0
0,0.09581150114536285,0
0,0.09581150114536285,0
0,0.09581150114536285,0
0,0.09581150114536285,0
0,0.09581150114536285,0
0,0.09581150114536285,0
0,0.09581150114536285,0
0,0.09581150114536285,0
0,0.09581150114536285,0
0,0.09581150114536285,0
0,0.09581150114536285,0
0,0.09581150114536285,0
0,0.09581150114536285,0
0,0.09581150114536285,0
0,0.09581150114536285,0
0,0.09581150114536285,0
0,0.09581150114536285,0
0,0.09581150114536285,0
0,0.09581150114536285,0
0,0.09581150114536285,0
0,0.09581150114536285,0
0,0.09581150114536285,0
0,0.09581150114536285,0
0,0.09581150114536285,0
0,0.09581150114536285,0
0,0.09581150114536285,0
0,0.09581150114536285,0
0,0.09581150114536285,0
0,0.09581150114536285,0
0,0.09581150114536285,0
0,0.09581150114536285,0
0,0.09581150114536285,0
0,0.09581150114536285,0
0,0.09581150114536285,0
0,0.09581150114536285,0
0,0.09581150114536285,0
0,0.09581150114536285,0
0,0.09581150114536285,0
0,0.09581150114536285,0
0,0.09581150114536285,0
0,0.09581150114536285,0
0,0.09581150114536285,0
0,0.09581150114536285,0
0,0.09581150114536285,0
0,0.09581150114536285,0
0,0.09581150114536285,0
0,0.09581150114536285,0
0,0.09581150114536285,0
0,0.09581150114536285,0
0,0.09581150114536285,0
0,0.09581150114536285,0
0,0.09581150114536285,0
0,0.09581150114536285,0
0,0.09581150114536285,0
0,0.09581150114536285,0
0,0.09581150114536285,0
0,0.09581150114536285,0
0,0.09581150114536285,0
0,0.09581150114536285,0
0,0.09581150114536285,0
0,0.09581150114536285,0
0,0.09581150114536285,0
0,0.09581150114536285,0
0,0.09581150114536285,0
0,0.09581150114536285,0
0,0.09581150114536285,0
0,0.09581150114536285,0
0,0.09581150114536285,0
0,0.09581150114536285,0
0,0.09581150114536285,0
0,0.09581150114536285,0
0,0.09581150114536285,0
0,0.09581150114536285,0
0,0.09581150114536285,0
0,0.09581150114536285,0
0,0.09581150114536285,0
0,0.09581150114536285,0
0,0.09581150114536285,0
0,0.09581150114536285,0
0,0.09581150114536285,0
0,0.09581150114536285,0
0,0.09581150114536285,0
0,0.09581150114536285,0
0,0.09581150114536285,0
0,0.09581150114536285,0
0,0.09581150114536285,0
0,0.09581150114536285,0
0,0.09581150114536285,0
0,0.09581150114536285,0
0,0.09581150114536285,0
0,0.09581150114536285,0
0,0.09581150114536285,0
0,0.09581150114536285,0
0,0.09581150114536285,0
0,0.09581150114536285,0
0,0.09581150114536285,0
0,0.09581150114536285,0
0,0.09581150114536285,0
0,0.09581150114536285,0
0,0.09581150114536285,0
0,0.09581150114536285,0
0,0.09581150114536285,0
0,0.09581150114536285,0
0,0.09581150114536285,0
0,0.09581150114536285,0
0,0.09581150114536285,0
0,0.09581150114536285,0
0,0.09581150114536285,0
0,0.09581150114536285,0
0,0.09581150114536285,0
0,0.09581150114536285,0
0,0.09581150114536285,0
0,0.09581150114536285,0
0,0.09581150114536285,0
0,0.09581150114536285,0
0,0.09581150114536285,0
0,0.09581150114536285,0
0,0.09581150114536285,0
0,0.09581150114536285,0
0,0.09581150114536285,0
0,0.09581150114536285,0
0,0.09581150114536285,0
0,0.09581150114536285,0
0,0.09581150114536285,0
0,0.09581150114536285,0
0,0.09581150114536285,0
0,0.09581150114536285,0
0,0.09581150114536285,0
0,0.09581150114536285,0
0,0.09581150114536285,0
0,0.09581150114536285,0
0,0.09581150114536285,0
0,0.09581150114536285,0
0,0.09581150114536285,0
0,0.09581150114536285,0
0,0.09581150114536285,0
0,0.09581150114536285,0
0,0.09581150114536285,0
0,0.09581150114536285,0
0,0.09581150114536285,0
0,0.09581150114536285,0
0,0.09581150114536285,0
0,0.09581150114536285,0
0,0.09581150114536285,0
0,0.09581150114536285,0
0,0.09581150114536285,0
0,0.09581150114536285,0
0,0.09581150114536285,0
0,0.09581150114536285,0
0,0.09581150114536285,0
0,0.09581150114536285,0
0,0.09581150114536285,0
0,0.09581150114536285,0
0,0.09581150114536285,0
0,0.09581150114536285,0
0,0.09581150114536285,0
0,0.09581150114536285,0
0,0.09581150114536285,0
0,0.09581150114536285,0
0,0.09581150114536285,0
0,0.09581150114536285,0
0,0.09581150114536285,0
0,0.09581150114536285,0
0,0.09581150114536285,0
0,0.09581150114536285,0
0,0.09581150114536285,0
0,0.09581150114536285,0
0,0.09581150114536285,0
0,0.09581150114536285,0
0,0.09581150114536285,0
0,0.09581150114536285,0
0,0.09581150114536285,0
0,0.09581150114536285,0
0,0.09581150114536285,0
0,0.09581150114536285,0
0,0.09581150114536285,0
0,0.09581150114536285,0
0,0.09581150114536285,0
0,0.09581150114536285,0
0,0.09581150114536285,0
0,0.09581150114536285,0
0,0.09581150114536285,0
0,0.09581150114536285,0
0,0.09581150114536285,0
0,0.09581150114536285,0
0,0.09581150114536285,0
0,0.09581150114536285,0
0,0.09581150114536285,0
0,0.09581150114536285,0
0,0.09581150114536285,0
0,0.09581150114536285,0
0,0.09581150114536285,0
0,0.09581150114536285,0
0,0.09581150114536285,0
0,0.09581150114536285,0
0,0.09581150114536285,0
0,0.09581150114536285,0
0,0.09581150114536285,0
0,0.09581150114536285,0
0,0.09581150114536285,0
0,0.09581150114536285,0
0,0.09581150114536285,0
0,0.09581150114536285,0
0,0.09581150114536285,0
0,0.09581150114536285,0
0,0.09581150114536285,0
0,0.09581150114536285,0
0,0.09581150114536285,0
0,0.09581150114536285,0
0,0.09581150114536285,0
0,0.09581150114536285,0
0,0.09581150114536285,0
0,0.09581150114536285,0
0,0.09581150114536285,0
0,0.09581150114536285,0
0,0.09581150114536285,0
0,0.09581150114536285,0
0,0.09581150114536285,0
0,0.09581150114536285,0
0,0.09581150114536285,0
0,0.09581150114536285,0
0,0.09581150114536285,0
0,0.09581150114536285,0
0,0.09581150114536285,0
0,0.09581150114536285,0
0,0.09581150114536285,0
0,0.09581150114536285,0
0,0.09581150114536285,0
0,0.09581150114536285,0
0,0.09581150114536285,0
0,0.09581150114536285,0
0,0.09581150114536285,0
0,0.09581150114536285,0
0,0.09581150114536285,0
0,0.09581150114536285,0
0,0.09581150114536285,0
0,0.09581150114536285,0
0,0.09581150114536285,0
0,0.09581150114536285,0
0,0.09581150114536285,0
0,0.09581150114536285,0
0,0.09581150114536285,0
0,0.09581150114536285,0
0,0.09581150114536285,0
0,0.09581150114536285,0
0,0.09581150114536285,0
0,0.09581150114536285,0
0,0.09581150114536285,0
0,0.09581150114536285,0
0,0.09581150114536285,0
0,0.09581150114536285,0
0,0.09581150114536285,0
0,0.09581150114536285,0
0,0.09581150114536285,0
0,0.09581150114536285,0
0,0.09581150114536285,0
0,0.09581150114536285,0
0,0.09581150114536285,0
0,0.09581150114536285,0
0,0.09581150114536285,0
0,0.09581150114536285,0
0,0.09581150114536285,0
0,0.09581150114536285,0
0,0.09581150114536285,0
0,0.09581150114536285,0
0,0.09581150114536285,0
0,0.09581150114536285,0
0,0.09581150114536285,0
0,0.09581150114536285,0
0,0.09581150114536285,0
0,0.09581150114536285,0
0,0.09581150114536285,0
0,0.09581150114536285,0
0,0.09581150114536285,0
0,0.09581150114536285,0
0,0.09581150114536285,0
0,0.09581150114536285,0
0,0.09581150114536285,0
0,0.09581150114536285,0
0,0.09581150114536285,0
0,0.09581150114536285,0
0,0.09581150114536285,0
0,0.09581150114536285,0
0,0.09581150114536285,0
0,0.09581150114536285,0
0,0.09581150114536285,0
0,0.09581150114536285,0
0,0.09581150114536285,0
0,0.09581150114536285,0
0,0.09581150114536285,0
0,0.09581150114536285,0
0,0.09581150114536285,0
0,0.09581150114536285,0
0,0.09581150114536285,0
0,0.09581150114536285,0
0,0.09581150114536285,0
0,0.09581150114536285,0
0,0.09581150114536285,0
0,0.09581150114536285,0
0,0.09581150114536285,0
0,0.09581150114536285,0
0,0.09581150114536285,0
0,0.09581150114536285,0
0,0.09581150114536285,0
0,0.09581150114536285,0
0,0.09581150114536285,0
0,0.09581150114536285,0
0,0.09581150114536285,0
0,0.09581150114536285,0
0,0.09581150114536285,0
0,0.09581150114536285,0
0,0.09581150114536285,0
0,0.09581150114536285,0
0,0.09581150114536285,0
0,0.09581150114536285,0
0,0.09581150114536285,0
0,0.09581150114536285,0
0,0.09581150114536285,0
0,0.09581150114536285,0
0,0.09581150114536285,0
0,0.09581150114536285,0
0,0.09581150114536285,0
0,0.09581150114536285,0
0,0.09581150114536285,0
0,0.09581150114536285,0
0,0.09581150114536285,0
0,0.09581150114536285,0
0,0.09581150114536285,0
0,0.09581150114536285,0
0,0.09581150114536285,0
0,0.09581150114536285,0
0,0.09581150114536285,0
0,0.09581150114536285,0
0,0.09581150114536285,0
0,0.09581150114536285,0
0,0.09581150114536285,0
0,0.09581150114536285,0
0,0.09581150114536285,0
0,0.09581150114536285,0
0,0.09581150114536285,0
0,0.09581150114536285,0
0,0.09581150114536285,0
0,0.09581150114536285,0
0,0.09581150114536285,0
0,0.09581150114536285,0
0,0.09581150114536285,0
0,0.09581150114536285,0
0,0.09581150114536285,0
0,0.09581150114536285,0
0,0.09581150114536285,0
0,0.09581150114536285,0
0,0.09581150114536285,0
0,0.09581150114536285,0
0,0.09581150114536285,0
0,0.09581150114536285,0
0,0.09581150114536285,0
0,0.09581150114536285,0
0,0.09581150114536285,0
0,0.09581150114536285,0
0,0.09581150114536285,0
0,0.09581150114536285,0
0,0.09581150114536285,0
0,0.09581150114536285,0
0,0.09581150114536285,0
0,0.09581150114536285,0
0,0.09581150114536285,0
0,0.09581150114536285,0
0,0.09581150114536285,0
0,0.09581150114536285,0
0,0.09581150114536285,0
0,0.09581150114536285,0
0,0.09581150114536285,0
0,0.09581150114536285,0
0,0.09581150114536285,0
0,0.09581150114536285,0
0,0.09581150114536285,0
0,0.09581150114536285,0
0,0.09581150114536285,0
0,0.09581150114536285,0
0,0.09581150114536285,0
0,0.09581150114536285,0
0,0.09581150114536285,0
0,0.09581150114536285,0
0,0.09581150114536285,0
0,0.09581150114536285,0
0,0.09581150114536285,0
0,0.09581150114536285,0
0,0.09581150114536285,0
0,0.09581150114536285,0
0,0.09581150114536285,0
0,0.09581150114536285,0
0,0.09581150114536285,0
0,0.09581150114536285,0
0,0.09581150114536285,0
0,0.09581150114536285,0
0,0.09581150114536285,0
0,0.09581150114536285,0
0,0.09581150114536285,0
0,0.09581150114536285,0
0,0.09581150114536285,0
0,0.09581150114536285,0
0,0.09581150114536285,0
0,0.09581150114536285,0
0,0.09581150114536285,0
0,0.09581150114536285,0
0,0.09581150114536285,0
0,0.09581150114536285,0
0,0.09581150114536285,0
0,0.09581150114536285,0
0,0.09581150114536285,0
0,0.09581150114536285,0
0,0.09581150114536285,0
0,0.09581150114536285,0
0,0.09581150114536285,0
0,0.09581150114536285,0
0,0.09581150114536285,0
0,0.09581150114536285,0
0,0.09581150114536285,0
0,0.09581150114536285,0
0,0.09581150114536285,0
0,0.09581150114536285,0
0,0.09581150114536285,0
0,0.09581150114536285,0
0,0.09581150114536285,0
0,0.09581150114536285,0
0,0.09581150114536285,0
0,0.09581150114536285,0
0,0.09581150114536285,0
0,0.09581150114536285,0
0,0.09581150114536285,0
0,0.09581150114536285,0
0,0.09581150114536285,0
0,0.09581150114536285,0
0,0.09581150114536285,0
0,0.09581150114536285,0
0,0.09581150114536285,0
0,0.09581150114536285,0
0,0.09581150114536285,0
0,0.09581150114536285,0
0,0.09581150114536285,0
0,0.09581150114536285,0
0,0.09581150114536285,0
0,0.09581150114536285,0
0,0.09581150114536285,0
0,0.09581150114536285,0
0,0.09581150114536285,0
0,0.09581150114536285,0
0,0.09581150114536285,0
0,0.09581150114536285,0
0,0.09581150114536285,0
0,0.09581150114536285,0
0,0.09581150114536285,0
0,0.09581150114536285,0
0,0.09581150114536285,0
0,0.09581150114536285,0
0,0.09581150114536285,0
0,0.09581150114536285,0
0,0.09581150114536285,0
0,0.09581150114536285,0
0,0.09581150114536285,0
0,0.09581150114536285,0
0,0.09581150114536285,0
0,0.09581150114536285,0
0,0.09581150114536285,0
0,0.09581150114536285,0
0,0.09581150114536285,0
0,0.5794359445571899,0
0,0.5981054902076721,0
0,0.6770144104957581,0
0,0.7196396589279175,0
0,0.7175034880638123,0
0,0.6955389380455017,0
0,0.670813798904419,0
0,0.6545332670211792,0
0,0.6471360921859741,0
0,0.5066333413124084,0
0,0.09581150114536285,0
0,0.09581150114536285,0
0,0.09581150114536285,0
0,0.09581150114536285,0
0,0.09581150114536285,0
0,0.09581150114536285,0
0,0.09581150114536285,0
0,0.09581150114536285,0
0,0.09581150114536285,0
0,0.09581150114536285,0
0,0.09581150114536285,0
0,0.09581150114536285,0
0,0.09581150114536285,0
0,0.09581150114536285,0
0,0.09581150114536285,0
0,0.09581150114536285,0
0,0.09581150114536285,0
0,0.09581150114536285,0
0,0.09581150114536285,0
0,0.09581150114536285,0
0,0.09581150114536285,0
0,0.09581150114536285,0
0,0.09581150114536285,0
0,0.09581150114536285,0
0,0.09581150114536285,0
0,0.09581150114536285,0
0,0.09581150114536285,0
0,0.09581150114536285,0
0,0.09581150114536285,0
0,0.09581150114536285,0
0,0.09581150114536285,0
0,0.09581150114536285,0
0,0.09581150114536285,0
0,0.09581150114536285,0
0,0.09581150114536285,0
0,0.09581150114536285,0
0,0.09581150114536285,0
0,0.09581150114536285,0
0,0.09581150114536285,0
0,0.09581150114536285,0
0,0.09581150114536285,0
0,0.09581150114536285,0
0,0.09581150114536285,0
0,0.09581150114536285,0
0,0.09581150114536285,0
0,0.09581150114536285,0
0,0.09581150114536285,0
0,0.09581150114536285,0
0,0.09581150114536285,0
0,0.09581150114536285,0
0,0.09581150114536285,0
0,0.09581150114536285,0
0,0.09581150114536285,0
0,0.09581150114536285,0
0,0.09581150114536285,0
0,0.09581150114536285,0
0,0.09581150114536285,0
0,0.09581150114536285,0
0,0.09581150114536285,0
0,0.09581150114536285,0
0,0.09581150114536285,0
0,0.09581150114536285,0
0,0.09581150114536285,0
0,0.09581150114536285,0
0,0.09581150114536285,0
0,0.09581150114536285,0
0,0.09581150114536285,0
0,0.09581150114536285,0
0,0.09581150114536285,0
0,0.09581150114536285,0
0,0.09581150114536285,0
0,0.09581150114536285,0
0,0.09581150114536285,0
0,0.09581150114536285,0
0,0.09581150114536285,0
0,0.09581150114536285,0
0,0.09581150114536285,0
0,0.09581150114536285,0
0,0.09581150114536285,0
0,0.09581150114536285,0
0,0.09581150114536285,0
0,0.09581150114536285,0
0,0.09581150114536285,0
0,0.09581150114536285,0
0,0.09581150114536285,0
0,0.09581150114536285,0
0,0.09581150114536285,0
0,0.09581150114536285,0
0,0.09581150114536285,0
0,0.09581150114536285,0
0,0.09581150114536285,0
0,0.09581150114536285,0
0,0.09581150114536285,0
0,0.09581150114536285,0
0,0.09581150114536285,0
0,0.09581150114536285,0
0,0.09581150114536285,0
0,0.09581150114536285,0
0,0.09581150114536285,0
0,0.09581150114536285,0
0,0.09581150114536285,0
0,0.09581150114536285,0
0,0.09581150114536285,0
0,0.09581150114536285,0
0,0.09581150114536285,0
0,0.09581150114536285,0
0,0.09581150114536285,0
0,0.09581150114536285,0
0,0.09581150114536285,0
0,0.09581150114536285,0
0,0.09581150114536285,0
0,0.09581150114536285,0
0,0.09581150114536285,0
0,0.09581150114536285,0
0,0.09581150114536285,0
0,0.09581150114536285,0
0,0.09581150114536285,0
0,0.09581150114536285,0
0,0.09581150114536285,0
0,0.09581150114536285,0
0,0.09581150114536285,0
0,0.09581150114536285,0
0,0.09581150114536285,0
0,0.09581150114536285,0
0,0.09581150114536285,0
0,0.09581150114536285,0
0,0.09581150114536285,0
0,0.09581150114536285,0
0,0.09581150114536285,0
0,0.09581150114536285,0
0,0.09581150114536285,0
0,0.09581150114536285,0
0,0.09581150114536285,0
0,0.09581150114536285,0
0,0.09581150114536285,0
0,0.09581150114536285,0
0,0.09581150114536285,0
0,0.09581150114536285,0
0,0.09581150114536285,0
0,0.09581150114536285,0
0,0.09581150114536285,0
0,0.09581150114536285,0
0,0.09581150114536285,0
0,0.09581150114536285,0
0,0.09581150114536285,0
0,0.09581150114536285,0
0,0.09581150114536285,0
0,0.09581150114536285,0
0,0.09581150114536285,0
0,0.09581150114536285,0
0,0.09581150114536285,0
0,0.09581150114536285,0
0,0.09581150114536285,0
0,0.09581150114536285,0
0,0.09581150114536285,0
0,0.09581150114536285,0
0,0.09581150114536285,0
0,0.09581150114536285,0
0,0.09581150114536285,0
0,0.09581150114536285,0
0,0.09581150114536285,0
0,0.09581150114536285,0
0,0.09581150114536285,0
0,0.09581150114536285,0
0,0.09581150114536285,0
0,0.09581150114536285,0
0,0.09581150114536285,0
0,0.09581150114536285,0
0,0.09581150114536285,0
0,0.09581150114536285,0
0,0.09581150114536285,0
0,0.09581150114536285,0
0,0.09581150114536285,0
0,0.09581150114536285,0
0,0.09581150114536285,0
0,0.09581150114536285,0
0,0.09581150114536285,0
0,0.09581150114536285,0
0,0.09581150114536285,0
0,0.09581150114536285,0
0,0.09581150114536285,0
0,0.09581150114536285,0
0,0.09581150114536285,0
0,0.09581150114536285,0
0,0.09581150114536285,0
0,0.09581150114536285,0
0,0.09581150114536285,0
0,0.09581150114536285,0
0,0.09581150114536285,0
0,0.09581150114536285,0
0,0.09581150114536285,0
0,0.09581150114536285,0
0,0.09581150114536285,0
0,0.09581150114536285,0
0,0.09581150114536285,0
0,0.09581150114536285,0
0,0.09581150114536285,0
0,0.09581150114536285,0
0,0.09581150114536285,0
0,0.09581150114536285,0
0,0.09581150114536285,0
0,0.09581150114536285,0
0,0.09581150114536285,0
0,0.09581150114536285,0
0,0.09581150114536285,0
0,0.09581150114536285,0
0,0.09581150114536285,0
0,0.09581150114536285,0
0,0.09581150114536285,0
0,0.09581150114536285,0
0,0.09581150114536285,0
0,0.09581150114536285,0
0,0.09581150114536285,0
0,0.09581150114536285,0
0,0.09581150114536285,0
0,0.09581150114536285,0
0,0.09581150114536285,0
0,0.09581150114536285,0
0,0.09581150114536285,0
0,0.09581150114536285,0
0,0.09581150114536285,0
0,0.09581150114536285,0
0,0.09581150114536285,0
0,0.09581150114536285,0
0,0.09581150114536285,0
0,0.09581150114536285,0
0,0.09581150114536285,0
0,0.09581150114536285,0
0,0.09581150114536285,0
0,0.09581150114536285,0
0,0.09581150114536285,0
0,0.09581150114536285,0
0,0.09581150114536285,0
0,0.09581150114536285,0
0,0.09581150114536285,0
0,0.09581150114536285,0
0,0.09581150114536285,0
0,0.09581150114536285,0
0,0.09581150114536285,0
0,0.09581150114536285,0
0,0.09581150114536285,0
0,0.09581150114536285,0
0,0.09581150114536285,0
0,0.09581150114536285,0
0,0.09581150114536285,0
0,0.09581150114536285,0
0,0.09581150114536285,0
0,0.09581150114536285,0
0,0.09581150114536285,0
0,0.09581150114536285,0
0,0.09581150114536285,0
0,0.09581150114536285,0
0,0.09581150114536285,0
0,0.09581150114536285,0
0,0.09581150114536285,0
0,0.09581150114536285,0
0,0.09581150114536285,0
0,0.09581150114536285,0
0,0.09581150114536285,0
0,0.09581150114536285,0
0,0.09581150114536285,0
0,0.09581150114536285,0
0,0.09581150114536285,0
0,0.09581150114536285,0
0,0.09581150114536285,0
0,0.09581150114536285,0
0,0.09581150114536285,0
0,0.09581150114536285,0
0,0.09581150114536285,0
0,0.09581150114536285,0
0,0.09581150114536285,0
0,0.09581150114536285,0
0,0.09581150114536285,0
0,0.09581150114536285,0
0,0.09581150114536285,0
0,0.09581150114536285,0
0,0.09581150114536285,0
0,0.09581150114536285,0
0,0.09581150114536285,0
0,0.09581150114536285,0
0,0.09581150114536285,0
0,0.09581150114536285,0
0,0.09581150114536285,0
0,0.09581150114536285,0
0,0.09581150114536285,0
0,0.09581150114536285,0
0,0.09581150114536285,0
0,0.09581150114536285,0
0,0.09581150114536285,0
0,0.09581150114536285,0
0,0.09581150114536285,0
0,0.09581150114536285,0
0,0.09581150114536285,0
0,0.09581150114536285,0
0,0.09581150114536285,0
0,0.09581150114536285,0
0,0.09581150114536285,0
0,0.09581150114536285,0
0,0.09581150114536285,0
0,0.09581150114536285,0
0,0.09581150114536285,0
0,0.09581150114536285,0
0,0.09581150114536285,0
0,0.09581150114536285,0
0,0.09581150114536285,0
0,0.09581150114536285,0
0,0.09581150114536285,0
0,0.09581150114536285,0
0,0.09581150114536285,0
0,0.09581150114536285,0
0,0.09581150114536285,0
0,0.09581150114536285,0
0,0.09581150114536285,0
0,0.09581150114536285,0
0,0.09581150114536285,0
0,0.09581150114536285,0
0,0.09581150114536285,0
0,0.09581150114536285,0
0,0.09581150114536285,0
0,0.09581150114536285,0
0,0.09581150114536285,0
0,0.09581150114536285,0
0,0.09581150114536285,0
0,0.09581150114536285,0
0,0.09581150114536285,0
0,0.09581150114536285,0
0,0.09581150114536285,0
0,0.09581150114536285,0
0,0.09581150114536285,0
0,0.09581150114536285,0
0,0.09581150114536285,0
0,0.09581150114536285,0
0,0.09581150114536285,0
0,0.09581150114536285,0
0,0.09581150114536285,0
0,0.09581150114536285,0
0,0.09581150114536285,0
0,0.09581150114536285,0
0,0.09581150114536285,0
0,0.09581150114536285,0
0,0.09581150114536285,0
0,0.09581150114536285,0
0,0.09581150114536285,0
0,0.09581150114536285,0
0,0.09581150114536285,0
0,0.09581150114536285,0
0,0.09581150114536285,0
0,0.09581150114536285,0
0,0.09581150114536285,0
0,0.09581150114536285,0
0,0.09581150114536285,0
0,0.09581150114536285,0
0,0.09581150114536285,0
0,0.09581150114536285,0
0,0.09581150114536285,0
0,0.09581150114536285,0
0,0.09581150114536285,0
0,0.09581150114536285,0
0,0.09581150114536285,0
0,0.09581150114536285,0
0,0.09581150114536285,0
0,0.09581150114536285,0
0,0.09581150114536285,0
0,0.09581150114536285,0
0,0.09581150114536285,0
0,0.09581150114536285,0
0,0.09581150114536285,0
0,0.09581150114536285,0
0,0.09581150114536285,0
0,0.09581150114536285,0
0,0.09581150114536285,0
0,0.09581150114536285,0
0,0.09581150114536285,0
0,0.09581150114536285,0
0,0.09581150114536285,0
0,0.09581150114536285,0
0,0.09581150114536285,0
0,0.09581150114536285,0
0,0.09581150114536285,0
0,0.09581150114536285,0
0,0.09581150114536285,0
0,0.09581150114536285,0
0,0.09581150114536285,0
0,0.09581150114536285,0
0,0.09581150114536285,0
0,0.09581150114536285,0
0,0.09581150114536285,0
0,0.09581150114536285,0
0,0.09581150114536285,0
0,0.09581150114536285,0
0,0.09581150114536285,0
0,0.09581150114536285,0
0,0.09581150114536285,0
0,0.09581150114536285,0
0,0.09581150114536285,0
0,0.09581150114536285,0
0,0.09581150114536285,0
0,0.09581150114536285,0
0,0.09581150114536285,0
0,0.09581150114536285,0
0,0.09581150114536285,0
0,0.09581150114536285,0
0,0.09581150114536285,0
0,0.09581150114536285,0
0,0.09581150114536285,0
0,0.09581150114536285,0
0,0.09581150114536285,0
0,0.09581150114536285,0
0,0.09581150114536285,0
0,0.09581150114536285,0
0,0.09581150114536285,0
0,0.09581150114536285,0
0,0.09581150114536285,0
0,0.09581150114536285,0
0,0.09581150114536285,0
0,0.09581150114536285,0
0,0.09581150114536285,0
0,0.09581150114536285,0
0,0.09581150114536285,0
0,0.09581150114536285,0
0,0.09581150114536285,0
0,0.09581150114536285,0
0,0.09581150114536285,0
0,0.09581150114536285,0
0,0.09581150114536285,0
0,0.09581150114536285,0
0,0.09581150114536285,0
0,0.09581150114536285,0
0,0.09581150114536285,0
0,0.09581150114536285,0
0,0.09581150114536285,0
0,0.09581150114536285,0
0,0.09581150114536285,0
0,0.09581150114536285,0
0,0.09581150114536285,0
0,0.09581150114536285,0
0,0.09581150114536285,0
0,0.09581150114536285,0
0,0.09581150114536285,0
0,0.09581150114536285,0
0,0.09581150114536285,0
0,0.09581150114536285,0
0,0.09581150114536285,0
0,0.09581150114536285,0
0,0.09581150114536285,0
0,0.09581150114536285,0
0,0.09581150114536285,0
0,0.09581150114536285,0
0,0.09581150114536285,0
0,0.09581150114536285,0
0,0.09581150114536285,0
0,0.09581150114536285,0
0,0.09581150114536285,0
0,0.09581150114536285,0
0,0.09581150114536285,0
0,0.09581150114536285,0
0,0.09581150114536285,0
0,0.09581150114536285,0
0,0.09581150114536285,0
0,0.09581150114536285,0
0,0.09581150114536285,0
0,0.09581150114536285,0
0,0.09581150114536285,0
0,0.09581150114536285,0
0,0.09581150114536285,0
0,0.09581150114536285,0
0,0.09581150114536285,0
0,0.09581150114536285,0
0,0.09581150114536285,0
0,0.09581150114536285,0
0,0.09581150114536285,0
0,0.09581150114536285,0
0,0.09581150114536285,0
0,0.09581150114536285,0
0,0.09581150114536285,0
0,0.09581150114536285,0
0,0.09581150114536285,0
0,0.09581150114536285,0
0,0.09581150114536285,0
0,0.09581150114536285,0
0,0.09581150114536285,0
0,0.09581150114536285,0
0,0.09581150114536285,0
0,0.09581150114536285,0
0,0.09581150114536285,0
0,0.09581150114536285,0
0,0.09581150114536285,0
0,0.09581150114536285,0
0,0.09581150114536285,0
0,0.09581150114536285,0
0,0.09581150114536285,0
0,0.09581150114536285,0
0,0.09581150114536285,0
0,0.09581150114536285,0
0,0.09581150114536285,0
0,0.09581150114536285,0
0,0.09581150114536285,0
0,0.09581150114536285,0
0,0.09581150114536285,0
0,0.09581150114536285,0
0,0.09581150114536285,0
0,0.09581150114536285,0
0,0.09581150114536285,0
0,0.09581150114536285,0
0,0.09581150114536285,0
0,0.09581150114536285,0
0,0.09581150114536285,0
0,0.09581150114536285,0
0,0.09581150114536285,0
0,0.09581150114536285,0
0,0.09581150114536285,0
0,0.09581150114536285,0
0,0.09581150114536285,0
0,0.09581150114536285,0
0,0.09581150114536285,0
0,0.09581150114536285,0
0,0.09581150114536285,0
0,0.09581150114536285,0
0,0.09581150114536285,0
0,0.09581150114536285,0
0,0.09581150114536285,0
0,0.09581150114536285,0
0,0.09581150114536285,0
0,0.09581150114536285,0
0,0.09581150114536285,0
0,0.09581150114536285,0
0,0.09581150114536285,0
0,0.8307079672813416,0
0,0.8125883340835571,0
0,0.7851958274841309,0
0,0.7540867328643799,0
0,0.7434166669845581,0
0,0.7469439506530762,0
0,0.7541808485984802,0
0,0.7545438408851624,0
0,0.7282616496086121,0
0,0.6804725527763367,0
0,0.6562877893447876,0
0,0.6852715611457825,0
0,0.7351422905921936,0
0,0.7442667484283447,0
0,0.7101284265518188,0
0,0.6404545903205872,0
0,0.5794359445571899,0
0,0.5981054902076721,0
0,0.6770144104957581,0
0,0.7196396589279175,0
0,0.7175034880638123,0
0,0.6955389380455017,0
0,0.670813798904419,0
0,0.6545332670211792,0
0,0.6471360921859741,0
0,0.5066333413124084,0
0,0.09581150114536285,0
0,0.09581150114536285,0
0,0.09581150114536285,0
0,0.09581150114536285,0
0,0.09581150114536285,0
0,0.09581150114536285,0
0,0.09581150114536285,0
0,0.09581150114536285,0
0,0.09581150114536285,0
0,0.09581150114536285,0
0,0.09581150114536285,0
0,0.09581150114536285,0
0,0.09581150114536285,0
0,0.09581150114536285,0
0,0.09581150114536285,0
0,0.09581150114536285,0
0,0.09581150114536285,0
0,0.09581150114536285,0
0,0.09581150114536285,0
0,0.09581150114536285,0
0,0.09581150114536285,0
0,0.09581150114536285,0
0,0.09581150114536285,0
0,0.09581150114536285,0
0,0.09581150114536285,0
0,0.09581150114536285,0
0,0.09581150114536285,0
0,0.09581150114536285,0
0,0.09581150114536285,0
0,0.09581150114536285,0
0,0.09581150114536285,0
0,0.09581150114536285,0
0,0.09581150114536285,0
0,0.09581150114536285,0
0,0.09581150114536285,0
0,0.09581150114536285,0
0,0.09581150114536285,0
0,0.09581150114536285,0
0,0.09581150114536285,0
0,0.09581150114536285,0
0,0.09581150114536285,0
0,0.09581150114536285,0
0,0.09581150114536285,0
0,0.09581150114536285,0
0,0.09581150114536285,0
0,0.09581150114536285,0
0,0.09581150114536285,0
0,0.09581150114536285,0
0,0.09581150114536285,0
0,0.09581150114536285,0
0,0.09581150114536285,0
0,0.09581150114536285,0
0,0.09581150114536285,0
0,0.09581150114536285,0
0,0.09581150114536285,0
0,0.09581150114536285,0
0,0.09581150114536285,0
0,0.09581150114536285,0
0,0.09581150114536285,0
0,0.09581150114536285,0
0,0.09581150114536285,0
0,0.09581150114536285,0
0,0.09581150114536285,0
0,0.09581150114536285,0
0,0.09581150114536285,0
0,0.09581150114536285,0
0,0.09581150114536285,0
0,0.09581150114536285,0
0,0.09581150114536285,0
0,0.09581150114536285,0
0,0.09581150114536285,0
0,0.09581150114536285,0
0,0.09581150114536285,0
0,0.09581150114536285,0
0,0.09581150114536285,0
0,0.09581150114536285,0
0,0.09581150114536285,0
0,0.09581150114536285,0
0,0.09581150114536285,0
0,0.09581150114536285,0
0,0.09581150114536285,0
0,0.09581150114536285,0
0,0.09581150114536285,0
0,0.09581150114536285,0
0,0.09581150114536285,0
0,0.09581150114536285,0
0,0.09581150114536285,0
0,0.09581150114536285,0
0,0.09581150114536285,0
0,0.09581150114536285,0
0,0.09581150114536285,0
0,0.09581150114536285,0
0,0.09581150114536285,0
0,0.09581150114536285,0
0,0.09581150114536285,0
0,0.09581150114536285,0
0,0.09581150114536285,0
0,0.09581150114536285,0
0,0.09581150114536285,0
0,0.09581150114536285,0
0,0.09581150114536285,0
0,0.09581150114536285,0
0,0.09581150114536285,0
0,0.09581150114536285,0
0,0.09581150114536285,0
0,0.09581150114536285,0
0,0.09581150114536285,0
0,0.09581150114536285,0
0,0.09581150114536285,0
0,0.09581150114536285,0
0,0.09581150114536285,0
0,0.09581150114536285,0
0,0.09581150114536285,0
0,0.09581150114536285,0
0,0.09581150114536285,0
0,0.09581150114536285,0
0,0.09581150114536285,0
0,0.09581150114536285,0
0,0.09581150114536285,0
0,0.09581150114536285,0
0,0.09581150114536285,0
0,0.09581150114536285,0
0,0.09581150114536285,0
0,0.09581150114536285,0
0,0.09581150114536285,0
0,0.09581150114536285,0
0,0.09581150114536285,0
0,0.09581150114536285,0
0,0.09581150114536285,0
0,0.09581150114536285,0
0,0.09581150114536285,0
0,0.09581150114536285,0
0,0.09581150114536285,0
0,0.09581150114536285,0
0,0.09581150114536285,0
0,0.09581150114536285,0
0,0.09581150114536285,0
0,0.09581150114536285,0
0,0.09581150114536285,0
0,0.09581150114536285,0
0,0.09581150114536285,0
0,0.09581150114536285,0
0,0.09581150114536285,0
0,0.09581150114536285,0
0,0.09581150114536285,0
0,0.09581150114536285,0
0,0.09581150114536285,0
0,0.09581150114536285,0
0,0.09581150114536285,0
0,0.09581150114536285,0
0,0.09581150114536285,0
0,0.09581150114536285,0
0,0.09581150114536285,0
0,0.09581150114536285,0
0,0.09581150114536285,0
0,0.09581150114536285,0
0,0.09581150114536285,0
0,0.09581150114536285,0
0,0.09581150114536285,0
0,0.09581150114536285,0
0,0.09581150114536285,0
0,0.09581150114536285,0
0,0.09581150114536285,0
0,0.09581150114536285,0
0,0.09581150114536285,0
0,0.09581150114536285,0
0,0.09581150114536285,0
0,0.09581150114536285,0
0,0.09581150114536285,0
0,0.09581150114536285,0
0,0.09581150114536285,0
0,0.09581150114536285,0
0,0.09581150114536285,0
0,0.09581150114536285,0
0,0.09581150114536285,0
0,0.09581150114536285,0
0,0.09581150114536285,0
0,0.09581150114536285,0
0,0.09581150114536285,0
0,0.09581150114536285,0
0,0.09581150114536285,0
0,0.09581150114536285,0
0,0.09581150114536285,0
0,0.09581150114536285,0
0,0.09581150114536285,0
0,0.09581150114536285,0
1,0.09581150114536285,0
0,0.8923224210739136,0
0,0.8895574808120728,0
0,0.883767306804657,0
0,0.8632813096046448,0
0,0.8468464016914368,0
0,0.8307079672813416,0
0,0.8125883340835571,0
0,0.7851958274841309,0
0,0.7540867328643799,0
0,0.7434166669845581,0
0,0.7469439506530762,0
0,0.7541808485984802,0
0,0.7545438408851624,0
0,0.7282616496086121,0
0,0.6804725527763367,0
0,0.6562877893447876,0
0,0.6852715611457825,0
0,0.7351422905921936,0
0,0.7442667484283447,0
0,0.7101284265518188,0
0,0.6404545903205872,0
0,0.5794359445571899,0
0,0.5981054902076721,0
1,0.6770144104957581,0
0,0.8897796869277954,0
0,0.9004676342010498,0
0,0.9103423357009888,0
0,0.8926671147346497,0
0,0.8837468028068542,0
0,0.8783161044120789,0
0,0.8889403939247131,0
0,0.7851958274841309,0
0,0.7540867328643799,0
0,0.7434166669845581,0
0,0.7469439506530762,0
0,0.7541808485984802,0
0,0.7545438408851624,0
0,0.7282616496086121,0
0,0.6804725527763367,0
0,0.6562877893447876,0
0,0.6852715611457825,0
0,0.7351422905921936,0
0,0.7442667484283447,0
0,0.7101284265518188,0
0,0.6404545903205872,0
0,0.5794359445571899,0
0,0.5981054902076721,0
0,0.6770144104957581,0
0,0.7196396589279175,0
0,0.7175034880638123,0
0,0.6955389380455017,0
0,0.670813798904419,0
0,0.6545332670211792,0
0,0.6471360921859741,0
0,0.5066333413124084,0
0,0.09581150114536285,0
0,0.09581150114536285,0
0,0.09581150114536285,0
0,0.09581150114536285,0
0,0.09581150114536285,0
0,0.09581150114536285,0
0,0.09581150114536285,0
0,0.09581150114536285,0
0,0.09581150114536285,0
0,0.09581150114536285,0
0,0.09581150114536285,0
0,0.09581150114536285,0
0,0.09581150114536285,0
0,0.09581150114536285,0
0,0.09581150114536285,0
0,0.09581150114536285,0
0,0.09581150114536285,0
0,0.09581150114536285,0
0,0.09581150114536285,0
0,0.09581150114536285,0
0,0.09581150114536285,0
0,0.09581150114536285,0
0,0.09581150114536285,0
0,0.09581150114536285,0
0,0.09581150114536285,0
0,0.09581150114536285,0
0,0.09581150114536285,0
0,0.09581150114536285,0
0,0.09581150114536285,0
0,0.09581150114536285,0
0,0.09581150114536285,0
0,0.09581150114536285,0
0,0.09581150114536285,0
0,0.09581150114536285,0
0,0.09581150114536285,0
0,0.09581150114536285,0
0,0.09581150114536285,0
0,0.09581150114536285,0
0,0.09581150114536285,0
0,0.09581150114536285,0
0,0.09581150114536285,0
0,0.09581150114536285,0
0,0.09581150114536285,0
0,0.09581150114536285,0
0,0.09581150114536285,0
0,0.09581150114536285,0
0,0.09581150114536285,0
0,0.09581150114536285,0
0,0.09581150114536285,0
0,0.09581150114536285,0
0,0.09581150114536285,0
0,0.09581150114536285,0
0,0.09581150114536285,0
0,0.09581150114536285,0
0,0.09581150114536285,0
0,0.09581150114536285,0
0,0.09581150114536285,0
0,0.09581150114536285,0
0,0.09581150114536285,0
0,0.09581150114536285,0
0,0.09581150114536285,0
0,0.09581150114536285,0
0,0.09581150114536285,0
0,0.09581150114536285,0
0,0.09581150114536285,0
0,0.09581150114536285,0
0,0.09581150114536285,0
0,0.09581150114536285,0
0,0.09581150114536285,0
0,0.09581150114536285,0
0,0.09581150114536285,0
0,0.09581150114536285,0
0,0.09581150114536285,0
0,0.09581150114536285,0
0,0.09581150114536285,0
0,0.09581150114536285,0
0,0.09581150114536285,0
0,0.09581150114536285,0
0,0.09581150114536285,0
0,0.09581150114536285,0
0,0.09581150114536285,0
0,0.09581150114536285,0
0,0.09581150114536285,0
0,0.09581150114536285,0
0,0.09581150114536285,0
0,0.09581150114536285,0
0,0.09581150114536285,0
0,0.09581150114536285,0
0,0.09581150114536285,0
0,0.09581150114536285,0
0,0.09581150114536285,0
0,0.09581150114536285,0
0,0.09581150114536285,0
0,0.09581150114536285,0
0,0.09581150114536285,0
0,0.09581150114536285,0
0,0.09581150114536285,0
0,0.09581150114536285,0
0,0.09581150114536285,0
0,0.09581150114536285,0
0,0.09581150114536285,0
0,0.09581150114536285,0
0,0.09581150114536285,0
0,0.09581150114536285,0
0,0.09581150114536285,0
0,0.09581150114536285,0
0,0.09581150114536285,0
0,0.09581150114536285,0
0,0.09581150114536285,0
0,0.09581150114536285,0
0,0.09581150114536285,0
0,0.09581150114536285,0
0,0.09581150114536285,0
0,0.09581150114536285,0
0,0.09581150114536285,0
0,0.09581150114536285,0
0,0.09581150114536285,0
0,0.09581150114536285,0
0,0.09581150114536285,0
0,0.09581150114536285,0
0,0.09581150114536285,0
0,0.09581150114536285,0
0,0.09581150114536285,0
0,0.09581150114536285,0
0,0.09581150114536285,0
0,0.09581150114536285,0
0,0.09581150114536285,0
0,0.09581150114536285,0
0,0.09581150114536285,0
0,0.09581150114536285,0
0,0.09581150114536285,0
0,0.09581150114536285,0
0,0.09581150114536285,0
0,0.09581150114536285,0
0,0.09581150114536285,0
0,0.09581150114536285,0
0,0.09581150114536285,0
0,0.09581150114536285,0
0,0.09581150114536285,0
0,0.09581150114536285,0
0,0.09581150114536285,0
0,0.09581150114536285,0
0,0.09581150114536285,0
0,0.09581150114536285,0
0,0.09581150114536285,0
0,0.09581150114536285,0
0,0.09581150114536285,0
0,0.09581150114536285,0
0,0.09581150114536285,0
0,0.09581150114536285,0
0,0.09581150114536285,0
0,0.09581150114536285,0
0,0.09581150114536285,0
0,0.09581150114536285,0
0,0.09581150114536285,0
0,0.09581150114536285,0
0,0.09581150114536285,0
0,0.09581150114536285,0
0,0.09581150114536285,0
0,0.09581150114536285,0
0,0.09581150114536285,0
0,0.09581150114536285,0
0,0.09581150114536285,0
0,0.09581150114536285,0
0,0.09581150114536285,0
0,0.09581150114536285,0
0,0.09581150114536285,0
0,0.09581150114536285,0
0,0.09581150114536285,0
0,0.09581150114536285,0
0,0.09581150114536285,0
0,0.09581150114536285,0
0,0.09581150114536285,0
0,0.09581150114536285,0
0,0.09581150114536285,0
0,0.09581150114536285,0
0,0.09581150114536285,0
0,0.09581150114536285,0
0,0.09581150114536285,0
0,0.09581150114536285,0
0,0.09581150114536285,0
0,0.09581150114536285,0
0,0.09581150114536285,0
0,0.09581150114536285,0
0,0.09581150114536285,0
0,0.09581150114536285,0
0,0.09581150114536285,0
0,0.09581150114536285,0
0,0.09581150114536285,0
0,0.09581150114536285,0
0,0.09581150114536285,0
0,0.09581150114536285,0
0,0.09581150114536285,0
0,0.09581150114536285,0
0,0.09581150114536285,0
0,0.09581150114536285,0
0,0.09581150114536285,0
0,0.09581150114536285,0
0,0.09581150114536285,0
0,0.09581150114536285,0
0,0.09581150114536285,0
0,0.09581150114536285,0
0,0.09581150114536285,0
0,0.09581150114536285,0
0,0.09581150114536285,0
0,0.09581150114536285,0
0,0.09581150114536285,0
0,0.09581150114536285,0
0,0.09581150114536285,0
0,0.09581150114536285,0
0,0.09581150114536285,0
0,0.09581150114536285,0
0,0.09581150114536285,0
0,0.09581150114536285,0
0,0.09581150114536285,0
0,0.09581150114536285,0
0,0.09581150114536285,0
0,0.09581150114536285,0
0,0.09581150114536285,0
0,0.09581150114536285,0
0,0.09581150114536285,0
0,0.09581150114536285,0
0,0.09581150114536285,0
0,0.09581150114536285,0
0,0.09581150114536285,0
0,0.09581150114536285,0
0,0.09581150114536285,0
0,0.09581150114536285,0
0,0.09581150114536285,0
0,0.09581150114536285,0
0,0.09581150114536285,0
0,0.09581150114536285,0
0,0.09581150114536285,0
0,0.09581150114536285,0
0,0.09581150114536285,0
0,0.09581150114536285,0
0,0.09581150114536285,0
0,0.09581150114536285,0
0,0.09581150114536285,0
0,0.09581150114536285,0
0,0.09581150114536285,0
0,0.09581150114536285,0
0,0.09581150114536285,0
0,0.09581150114536285,0
0,0.09581150114536285,0
0,0.09581150114536285,0
0,0.09581150114536285,0
0,0.09581150114536285,0
0,0.09581150114536285,0
0,0.09581150114536285,0
0,0.09581150114536285,0
0,0.09581150114536285,0
0,0.09581150114536285,0
0,0.09581150114536285,0
0,0.09581150114536285,0
0,0.09581150114536285,0
0,0.09581150114536285,0
0,0.09581150114536285,0
0,0.09581150114536285,0
0,0.09581150114536285,0
0,0.09581150114536285,0
0,0.09581150114536285,0
0,0.09581150114536285,0
0,0.09581150114536285,0
0,0.09581150114536285,0
0,0.09581150114536285,0
0,0.09581150114536285,0
0,0.09581150114536285,0
0,0.09581150114536285,0
0,0.09581150114536285,0
0,0.09581150114536285,0
0,0.09581150114536285,0
0,0.09581150114536285,0
0,0.09581150114536285,0
0,0.09581150114536285,0
0,0.09581150114536285,0
0,0.09581150114536285,0
0,0.09581150114536285,0
0,0.09581150114536285,0
0,0.09581150114536285,0
0,0.09581150114536285,0
0,0.09581150114536285,0
0,0.09581150114536285,0
0,0.09581150114536285,0
0,0.09581150114536285,0
0,0.09581150114536285,0
0,0.09581150114536285,0
0,0.09581150114536285,0
0,0.09581150114536285,0
0,0.09581150114536285,0
0,0.09581150114536285,0
0,0.09581150114536285,0
0,0.09581150114536285,0
0,0.09581150114536285,0
0,0.09581150114536285,0
0,0.09581150114536285,0
0,0.09581150114536285,0
0,0.09581150114536285,0
0,0.09581150114536285,0
0,0.09581150114536285,0
0,0.09581150114536285,0
0,0.09581150114536285,0
0,0.09581150114536285,0
0,0.09581150114536285,0
0,0.09581150114536285,0
0,0.09581150114536285,0
0,0.09581150114536285,0
0,0.09581150114536285,0
0,0.09581150114536285,0
0,0.09581150114536285,0
0,0.09581150114536285,0
0,0.09581150114536285,0
0,0.09581150114536285,0
0,0.09581150114536285,0
0,0.09581150114536285,0
0,0.09581150114536285,0
0,0.09581150114536285,0
0,0.09581150114536285,0
0,0.09581150114536285,0
0,0.09581150114536285,0
0,0.09581150114536285,0
0,0.09581150114536285,0
0,0.09581150114536285,0
0,0.09581150114536285,0
0,0.09581150114536285,0
0,0.09581150114536285,0
0,0.09581150114536285,0
0,0.09581150114536285,0
0,0.09581150114536285,0
0,0.09581150114536285,0
0,0.09581150114536285,0
0,0.09581150114536285,0
0,0.09581150114536285,0
0,0.09581150114536285,0
0,0.09581150114536285,0
0,0.09581150114536285,0
0,0.09581150114536285,0
0,0.09581150114536285,0
0,0.09581150114536285,0
0,0.09581150114536285,0
0,0.09581150114536285,0
0,0.09581150114536285,0
0,0.09581150114536285,0
0,0.09581150114536285,0
0,0.09581150114536285,0
0,0.09581150114536285,0
0,0.09581150114536285,0
0,0.09581150114536285,0
0,0.09581150114536285,0
0,0.09581150114536285,0
0,0.09581150114536285,0
0,0.09581150114536285,0
0,0.09581150114536285,0
0,0.09581150114536285,0
0,0.09581150114536285,0
0,0.09581150114536285,0
0,0.09581150114536285,0
0,0.09581150114536285,0
0,0.09581150114536285,0
0,0.09581150114536285,0
0,0.09581150114536285,0
0,0.09581150114536285,0
0,0.09581150114536285,0
0,0.09581150114536285,0
0,0.09581150114536285,0
0,0.09581150114536285,0
0,0.09581150114536285,0
0,0.09581150114536285,0
0,0.09581150114536285,0
0,0.09581150114536285,0
0,0.09581150114536285,0
0,0.09581150114536285,0
0,0.09581150114536285,0
0,0.09581150114536285,0
0,0.09581150114536285,0
0,0.09581150114536285,0
0,0.09581150114536285,0
0,0.09581150114536285,0
0,0.09581150114536285,0
0,0.09581150114536285,0
0,0.09581150114536285,0
0,0.09581150114536285,0
0,0.09581150114536285,0
0,0.09581150114536285,0
0,0.09581150114536285,0
0,0.09581150114536285,0
0,0.09581150114536285,0
0,0.09581150114536285,0
0,0.09581150114536285,0
0,0.09581150114536285,0
0,0.09581150114536285,0
0,0.09581150114536285,0
0,0.09581150114536285,0
0,0.09581150114536285,0
0,0.09581150114536285,0
0,0.09581150114536285,0
0,0.09581150114536285,0
0,0.09581150114536285,0
0,0.09581150114536285,0
0,0.09581150114536285,0
0,0.09581150114536285,0
0,0.09581150114536285,0
0,0.09581150114536285,0
0,0.09581150114536285,0
0,0.09581150114536285,0
0,0.09581150114536285,0
0,0.09581150114536285,0
0,0.09581150114536285,0
0,0.09581150114536285,0
0,0.09581150114536285,0
0,0.09581150114536285,0
0,0.09581150114536285,0
0,0.09581150114536285,0
0,0.09581150114536285,0
0,0.09581150114536285,0
0,0.09581150114536285,0
0,0.09581150114536285,0
0,0.09581150114536285,0
0,0.09581150114536285,0
0,0.09581150114536285,0
0,0.09581150114536285,0
0,0.09581150114536285,0
0,0.09581150114536285,0
0,0.09581150114536285,0
0,0.09581150114536285,0
0,0.09581150114536285,0
0,0.09581150114536285,0
0,0.09581150114536285,0
0,0.09581150114536285,0
0,0.09581150114536285,0
0,0.09581150114536285,0
0,0.09581150114536285,0
0,0.09581150114536285,0
0,0.09581150114536285,0
0,0.09581150114536285,0
0,0.09581150114536285,0
0,0.09581150114536285,0
0,0.09581150114536285,0
0,0.09581150114536285,0
0,0.09581150114536285,0
0,0.09581150114536285,0
0,0.09581150114536285,0
0,0.09581150114536285,0
0,0.09581150114536285,0
0,0.09581150114536285,0
0,0.09581150114536285,0
0,0.09581150114536285,0
0,0.09581150114536285,0
0,0.09581150114536285,0
0,0.09581150114536285,0
0,0.09581150114536285,0
0,0.09581150114536285,0
0,0.09581150114536285,0
0,0.09581150114536285,0
0,0.09581150114536285,0
0,0.09581150114536285,0
0,0.09581150114536285,0
0,0.09581150114536285,0
0,0.09581150114536285,0
0,0.09581150114536285,0
0,0.09581150114536285,0
0,0.09581150114536285,0
0,0.09581150114536285,0
0,0.09581150114536285,0
0,0.09581150114536285,0
0,0.09581150114536285,0
0,0.09581150114536285,0
0,0.09581150114536285,0
0,0.09581150114536285,0
0,0.09581150114536285,0
0,0.09581150114536285,0
0,0.09581150114536285,0
0,0.09581150114536285,0
0,0.09581150114536285,0
0,0.09581150114536285,0
0,0.09581150114536285,0
0,0.09581150114536285,0
0,0.09581150114536285,0
0,0.09581150114536285,0
0,0.09581150114536285,0
0,0.09581150114536285,0
0,0.09581150114536285,0
0,0.09581150114536285,0
0,0.09581150114536285,0
0,0.09581150114536285,0
0,0.09581150114536285,0
0,0.09581150114536285,0
0,0.09581150114536285,0
0,0.09581150114536285,0
0,0.09581150114536285,0
0,0.09581150114536285,0
0,0.09581150114536285,0
0,0.09581150114536285,0
0,0.09581150114536285,0
0,0.09581150114536285,0
0,0.09581150114536285,0
0,0.09581150114536285,0
0,0.09581150114536285,0
0,0.09581150114536285,0
0,0.09581150114536285,0
0,0.09581150114536285,0
0,0.09581150114536285,0
0,0.09581150114536285,0
0,0.09581150114536285,0
0,0.09581150114536285,0
0,0.09581150114536285,0
0,0.09581150114536285,0
0,0.09581150114536285,0
0,0.09581150114536285,0
0,0.09581150114536285,0
0,0.09581150114536285,0
0,0.09581150114536285,0
0,0.09581150114536285,0
0,0.09581150114536285,0
0,0.09581150114536285,0
0,0.09581150114536285,0
0,0.09581150114536285,0
0,0.09581150114536285,0
0,0.09581150114536285,0
0,0.09581150114536285,0
0,0.09581150114536285,0
0,0.09581150114536285,0
0,0.09581150114536285,0
0,0.09581150114536285,0
0,0.09581150114536285,0
0,0.09581150114536285,0
0,0.09581150114536285,0
0,0.09581150114536285,0
0,0.09581150114536285,0
0,0.09581150114536285,0
0,0.09581150114536285,0
0,0.09581150114536285,0
0,0.09581150114536285,0
0,0.09581150114536285,0
0,0.09581150114536285,0
0,0.09581150114536285,0
0,0.09581150114536285,0
0,0.09581150114536285,0
0,0.09581150114536285,0
0,0.09581150114536285,0
0,0.09581150114536285,0
0,0.09581150114536285,0
0,0.09581150114536285,0
0,0.09581150114536285,0
0,0.09581150114536285,0
0,0.09581150114536285,0
0,0.09581150114536285,0
0,0.09581150114536285,0
0,0.09581150114536285,0
0,0.09581150114536285,0
0,0.09581150114536285,0
0,0.09581150114536285,0
0,0.09581150114536285,0
0,0.09581150114536285,0
0,0.09581150114536285,0
0,0.09581150114536285,0
0,0.09581150114536285,0
0,0.09581150114536285,0
0,0.09581150114536285,0
0,0.09581150114536285,0
0,0.09581150114536285,0
0,0.09581150114536285,0
0,0.09581150114536285,0
0,0.09581150114536285,0
0,0.09581150114536285,0
0,0.09581150114536285,0
0,0.09581150114536285,0
0,0.09581150114536285,0
0,0.09581150114536285,0
0,0.09581150114536285,0
0,0.09581150114536285,0
0,0.09581150114536285,0
0,0.09581150114536285,0
0,0.09581150114536285,0
0,0.09581150114536285,0
0,0.09581150114536285,0
0,0.09581150114536285,0
0,0.09581150114536285,0
0,0.09581150114536285,0
0,0.09581150114536285,0
0,0.09581150114536285,0
0,0.09581150114536285,0
0,0.09581150114536285,0
0,0.09581150114536285,0
0,0.09581150114536285,0
0,0.09581150114536285,0
0,0.09581150114536285,0
0,0.09581150114536285,0
0,0.09581150114536285,0
0,0.09581150114536285,0
0,0.09581150114536285,0
0,0.09581150114536285,0
0,0.09581150114536285,0
0,0.09581150114536285,0
0,0.09581150114536285,0
0,0.09581150114536285,0
0,0.09581150114536285,0
0,0.09581150114536285,0
0,0.09581150114536285,0
0,0.09581150114536285,0
0,0.09581150114536285,0
0,0.09581150114536285,0
0,0.09581150114536285,0
0,0.09581150114536285,0
0,0.09581150114536285,0
0,0.09581150114536285,0
0,0.09581150114536285,0
0,0.09581150114536285,0
0,0.09581150114536285,0
0,0.09581150114536285,0
0,0.09581150114536285,0
0,0.09581150114536285,0
0,0.09581150114536285,0
0,0.09581150114536285,0
0,0.09581150114536285,0
0,0.09581150114536285,0
0,0.09581150114536285,0
0,0.09581150114536285,0
0,0.09581150114536285,0
0,0.09581150114536285,0
0,0.09581150114536285,0
0,0.09581150114536285,0
0,0.09581150114536285,0
0,0.09581150114536285,0
0,0.09581150114536285,0
0,0.09581150114536285,0
0,0.09581150114536285,0
0,0.09581150114536285,0
0,0.09581150114536285,0
0,0.09581150114536285,0
0,0.09581150114536285,0
0,0.09581150114536285,0
0,0.09581150114536285,0
0,0.09581150114536285,0
0,0.09581150114536285,0
0,0.09581150114536285,0
0,0.09581150114536285,0
0,0.09581150114536285,0
0,0.09581150114536285,0
0,0.09581150114536285,0
0,0.09581150114536285,0
0,0.09581150114536285,0
0,0.09581150114536285,0
0,0.09581150114536285,0
0,0.09581150114536285,0
0,0.09581150114536285,0
0,0.09581150114536285,0
0,0.09581150114536285,0
0,0.09581150114536285,0
0,0.09581150114536285,0
0,0.09581150114536285,0
0,0.09581150114536285,0
0,0.09581150114536285,0
0,0.09581150114536285,0
0,0.09581150114536285,0
0,0.09581150114536285,0
0,0.09581150114536285,0
0,0.09581150114536285,0
0,0.09581150114536285,0
0,0.09581150114536285,0
0,0.09581150114536285,0
0,0.09581150114536285,0
0,0.09581150114536285,0
0,0.09581150114536285,0
0,0.09581150114536285,0
0,0.09581150114536285,0
0,0.09581150114536285,0
0,0.09581150114536285,0
0,0.09581150114536285,0
0,0.09581150114536285,0
0,0.09581150114536285,0
0,0.09581150114536285,0
0,0.09581150114536285,0
0,0.09581150114536285,0
0,0.09581150114536285,0
0,0.09581150114536285,0
0,0.09581150114536285,0
0,0.09581150114536285,0
0,0.09581150114536285,0
0,0.09581150114536285,0
0,0.09581150114536285,0
0,0.09581150114536285,0
0,0.09581150114536285,0
0,0.09581150114536285,0
0,0.09581150114536285,0
0,0.09581150114536285,0
0,0.09581150114536285,0
0,0.09581150114536285,0
0,0.09581150114536285,0
0,0.09581150114536285,0
0,0.09581150114536285,0
0,0.09581150114536285,0
0,0.09581150114536285,0
0,0.09581150114536285,0
0,0.09581150114536285,0
0,0.09581150114536285,0
0,0.09581150114536285,0
0,0.09581150114536285,0
0,0.09581150114536285,0
0,0.09581150114536285,0
0,0.09581150114536285,0
0,0.09581150114536285,0
0,0.09581150114536285,0
0,0.09581150114536285,0
0,0.09581150114536285,0
0,0.09581150114536285,0
0,0.09581150114536285,0
0,0.09581150114536285,0
0,0.09581150114536285,0
0,0.09581150114536285,0
0,0.09581150114536285,0
0,0.09581150114536285,0
0,0.09581150114536285,0
0,0.09581150114536285,0
0,0.09581150114536285,0
0,0.09581150114536285,0
0,0.09581150114536285,0
0,0.09581150114536285,0
0,0.09581150114536285,0
0,0.09581150114536285,0
0,0.09581150114536285,0
0,0.09581150114536285,0
0,0.09581150114536285,0
0,0.09581150114536285,0
0,0.09581150114536285,0
0,0.09581150114536285,0
0,0.09581150114536285,0
0,0.09581150114536285,0
0,0.09581150114536285,0
0,0.09581150114536285,0
0,0.09581150114536285,0
0,0.09581150114536285,0
0,0.09581150114536285,0
0,0.09581150114536285,0
0,0.09581150114536285,0
0,0.09581150114536285,0
0,0.09581150114536285,0
0,0.09581150114536285,0
0,0.09581150114536285,0
0,0.09581150114536285,0
0,0.09581150114536285,0
0,0.09581150114536285,0
0,0.09581150114536285,0
0,0.09581150114536285,0
0,0.09581150114536285,0
0,0.09581150114536285,0
0,0.09581150114536285,0
0,0.09581150114536285,0
0,0.09581150114536285,0
0,0.09581150114536285,0
0,0.09581150114536285,0
0,0.09581150114536285,0
0,0.09581150114536285,0
0,0.09581150114536285,0
0,0.09581150114536285,0
0,0.09581150114536285,0
0,0.09581150114536285,0
0,0.09581150114536285,0
0,0.09581150114536285,0
0,0.09581150114536285,0
0,0.09581150114536285,0
0,0.09581150114536285,0
0,0.09581150114536285,0
0,0.09581150114536285,0
0,0.09581150114536285,0
0,0.09581150114536285,0
0,0.09581150114536285,0
0,0.09581150114536285,0
0,0.09581150114536285,0
0,0.09581150114536285,0
0,0.09581150114536285,0
0,0.09581150114536285,0
0,0.09581150114536285,0
0,0.09581150114536285,0
0,0.09581150114536285,0
0,0.09581150114536285,0
0,0.09581150114536285,0
0,0.09581150114536285,0
0,0.09581150114536285,0
0,0.09581150114536285,0
0,0.09581150114536285,0
0,0.09581150114536285,0
0,0.09581150114536285,0
0,0.09581150114536285,0
0,0.09581150114536285,0
0,0.09581150114536285,0
0,0.09581150114536285,0
0,0.09581150114536285,0
0,0.09581150114536285,0
0,0.09581150114536285,0
0,0.09581150114536285,0
0,0.09581150114536285,0
0,0.09581150114536285,0
0,0.09581150114536285,0
0,0.09581150114536285,0
0,0.09581150114536285,0
0,0.09581150114536285,0
0,0.09581150114536285,0
0,0.09581150114536285,0
0,0.09581150114536285,0
0,0.09581150114536285,0
0,0.09581150114536285,0
0,0.09581150114536285,0
0,0.09581150114536285,0
0,0.09581150114536285,0
0,0.09581150114536285,0
0,0.09581150114536285,0
0,0.09581150114536285,0
0,0.09581150114536285,0
0,0.09581150114536285,0
0,0.09581150114536285,0
0,0.09581150114536285,0
0,0.09581150114536285,0
0,0.09581150114536285,0
0,0.09581150114536285,0
0,0.09581150114536285,0
0,0.09581150114536285,0
0,0.09581150114536285,0
0,0.09581150114536285,0
0,0.09581150114536285,0
0,0.09581150114536285,0
0,0.09581150114536285,0
0,0.09581150114536285,0
0,0.09581150114536285,0
0,0.09581150114536285,0
0,0.09581150114536285,0
0,0.09581150114536285,0
0,0.09581150114536285,0
0,0.09581150114536285,0
0,0.09581150114536285,0
0,0.09581150114536285,0
0,0.09581150114536285,0
0,0.09581150114536285,0
0,0.09581150114536285,0
0,0.09581150114536285,0
0,0.09581150114536285,0
0,0.09581150114536285,0
0,0.09581150114536285,0
0,0.09581150114536285,0
0,0.09581150114536285,0
0,0.09581150114536285,0
0,0.09581150114536285,0
0,0.09581150114536285,0
0,0.09581150114536285,0
0,0.09581150114536285,0
0,0.09581150114536285,0
0,0.09581150114536285,0
0,0.09581150114536285,0
0,0.09581150114536285,0
0,0.09581150114536285,0
0,0.09581150114536285,0
0,0.09581150114536285,0
0,0.09581150114536285,0
0,0.09581150114536285,0
0,0.09581150114536285,0
0,0.09581150114536285,0
0,0.09581150114536285,0
0,0.09581150114536285,0
0,0.09581150114536285,0
0,0.09581150114536285,0
0,0.09581150114536285,0
0,0.09581150114536285,0
0,0.09581150114536285,0
0,0.09581150114536285,0
0,0.09581150114536285,0
0,0.09581150114536285,0
0,0.09581150114536285,0
0,0.09581150114536285,0
0,0.09581150114536285,0
0,0.09581150114536285,0
0,0.09581150114536285,0
0,0.09581150114536285,0
0,0.09581150114536285,0
0,0.09581150114536285,0
0,0.09581150114536285,0
0,0.09581150114536285,0
0,0.09581150114536285,0
0,0.09581150114536285,0
0,0.09581150114536285,0
0,0.09581150114536285,0
0,0.09581150114536285,0
0,0.09581150114536285,0
0,0.09581150114536285,0
0,0.09581150114536285,0
0,0.09581150114536285,0
0,0.09581150114536285,0
0,0.09581150114536285,0
0,0.09581150114536285,0
0,0.09581150114536285,0
0,0.09581150114536285,0
0,0.09581150114536285,0
0,0.09581150114536285,0
0,0.09581150114536285,0
0,0.09581150114536285,0
0,0.09581150114536285,0
0,0.09581150114536285,0
0,0.09581150114536285,0
0,0.09581150114536285,0
0,0.09581150114536285,0
0,0.09581150114536285,0
0,0.09581150114536285,0
0,0.09581150114536285,0
0,0.09581150114536285,0
0,0.09581150114536285,0
0,0.09581150114536285,0
0,0.09581150114536285,0
0,0.09581150114536285,0
0,0.09581150114536285,0
0,0.09581150114536285,0
0,0.09581150114536285,0
0,0.09581150114536285,0
0,0.09581150114536285,0
0,0.09581150114536285,0
0,0.09581150114536285,0
0,0.09581150114536285,0
0,0.09581150114536285,0
0,0.09581150114536285,0
0,0.09581150114536285,0
0,0.09581150114536285,0
0,0.09581150114536285,0
0,0.09581150114536285,0
0,0.09581150114536285,0
0,0.09581150114536285,0
0,0.09581150114536285,0
0,0.09581150114536285,0
0,0.09581150114536285,0
0,0.09581150114536285,0
0,0.09581150114536285,0
0,0.09581150114536285,0
0,0.09581150114536285,0
0,0.09581150114536285,0
0,0.09581150114536285,0
0,0.09581150114536285,0
0,0.09581150114536285,0
0,0.09581150114536285,0
0,0.09581150114536285,0
0,0.09581150114536285,0
0,0.09581150114536285,0
0,0.09581150114536285,0
0,0.09581150114536285,0
0,0.09581150114536285,0
0,0.09581150114536285,0
0,0.09581150114536285,0
0,0.09581150114536285,0
0,0.09581150114536285,0
0,0.09581150114536285,0
0,0.09581150114536285,0
0,0.09581150114536285,0
0,0.09581150114536285,0
0,0.09581150114536285,0
0,0.09581150114536285,0
0,0.09581150114536285,0
0,0.09581150114536285,0
0,0.09581150114536285,0
0,0.09581150114536285,0
0,0.09581150114536285,0
0,0.09581150114536285,0
0,0.09581150114536285,0
0,0.09581150114536285,0
0,0.09581150114536285,0
0,0.09581150114536285,0
0,0.09581150114536285,0
0,0.09581150114536285,0
0,0.09581150114536285,0
0,0.09581150114536285,0
0,0.09581150114536285,0
0,0.09581150114536285,0
0,0.09581150114536285,0
0,0.09581150114536285,0
0,0.09581150114536285,0
0,0.09581150114536285,0
0,0.09581150114536285,0
0,0.09581150114536285,0
0,0.09581150114536285,0
0,0.09581150114536285,0
0,0.09581150114536285,0
0,0.09581150114536285,0
0,0.09581150114536285,0
0,0.09581150114536285,0
0,0.09581150114536285,0
0,0.09581150114536285,0
0,0.09581150114536285,0
0,0.09581150114536285,0
0,0.09581150114536285,0
0,0.09581150114536285,0
0,0.9768685102462769,1
1,0.9736477136611938,0
1,0.9812183976173401,1
0,0.9870527386665344,1
0,0.984255850315094,1
1,0.9855228662490845,1
0,0.9804799556732178,1
0,0.9845965504646301,1
1,0.9835376143455505,1
1,0.9798713326454163,1
1,0.9877418279647827,1
0,0.9955011010169983,1
1,0.9897255301475525,1
0,0.9910624027252197,1
0,0.9896054267883301,1
1,0.9884232878684998,1
1,0.9898256659507751,1
1,0.9874728918075562,1
0,0.9946474432945251,1
0,0.9862369298934937,1
0,0.984776496887207,1
0,0.9775881767272949,1
1,0.9638864994049072,0
0,0.9737406373023987,0
0,0.9810813069343567,1
0,0.9798247814178467,1
0,0.9672070741653442,0
0,0.9559008479118347,0
0,0.9493685364723206,0
0,0.9442945718765259,0
0,0.944767415523529,0
0,0.9514152407646179,0
0,0.9595500230789185,0
0,0.9569369554519653,0
0,0.9307573437690735,0
0,0.9118165969848633,0
1,0.916801393032074,0
0,0.9633387923240662,0
0,0.9643046855926514,0
0,0.9741089344024658,0
0,0.9540790319442749,0
0,0.9509844183921814,0
1,0.9380427002906799,0
0,0.9666661620140076,0
0,0.9410848021507263,0
0,0.9475423097610474,0
0,0.9523290991783142,0
0,0.9504066109657288,0
0,0.9497413039207458,0
1,0.9195376038551331,0
0,0.9740853905677795,0
0,0.9610462188720703,0
0,0.956126868724823,0
0,0.970097541809082,0
0,0.9472286701202393,0
0,0.9425861835479736,0
0,0.9401679635047913,0
0,0.9365583658218384,0
0,0.9296826124191284,0
0,0.9229469895362854,0
0,0.9207519292831421,0
0,0.9200066924095154,0
0,0.915058434009552,0
0,0.9033496975898743,0
0,0.8905400037765503,0
0,0.8847664594650269,0
1,0.8894632458686829,0
0,0.961267352104187,0
0,0.9484017491340637,0
0,0.9563028216362,0
0,0.956548273563385,0
0,0.9521099925041199,0
0,0.9451714158058167,0
0,0.9490795135498047,0
0,0.9012442231178284,0
1,0.9103431105613708,0
0,0.9425694346427917,0
0,0.9575169682502747,0
0,0.9679467678070068,0
0,0.9678542613983154,0
0,0.962548553943634,0
0,0.8896906971931458,0
0,0.8582972884178162,0
0,0.8301268815994263,0
0,0.8344765305519104,0
0,0.8543011546134949,0
0,0.872093677520752,0
0,0.8889124393463135,0
0,0.8733218908309937,0
0,0.8316881656646729,0
0,0.7728245854377747,0
0,0.7582597732543945,0
0,0.787498950958252,0
0,0.8461257219314575,0
0,0.8726335763931274,0
0,0.8528597950935364,0
0,0.7919042706489563,0
0,0.7864313125610352,0
0,0.5981054902076721,0
0,0.6770144104957581,0
1,0.7196396589279175,0
0,0.8907394409179688,0
0,0.8999349474906921,0
0,0.9096338748931885,0
0,0.8922722935676575,0
0,0.8853427767753601,0
0,0.8990108966827393,0
0,0.8125883340835571,0
0,0.7851958274841309,0
0,0.7540867328643799,0
0,0.7434166669845581,0
0,0.7469439506530762,0
0,0.7541808485984802,0
0,0.7545438408851624,0
0,0.7282616496086121,0
0,0.6804725527763367,0
0,0.6562877893447876,0
0,0.6852715611457825,0
0,0.7351422905921936,0
0,0.7442667484283447,0
0,0.7101284265518188,0
0,0.6404545903205872,0
0,0.5794359445571899,0
1,0.5981054902076721,0
0,0.8787726163864136,0
0,0.900083601474762,0
0,0.909785807132721,0
1,0.8924167156219482,0
0,0.9329266548156738,0
0,0.929699182510376,0
0,0.92727130651474,0
0,0.9311152100563049,0
0,0.9182837009429932,0
0,0.9255332946777344,0
0,0.9244670271873474,0
0,0.9143825769424438,0
0,0.9008573293685913,0
0,0.8802527785301208,0
0,0.8578364849090576,0
0,0.843959391117096,0
0,0.8272438049316406,0
0,0.8219085335731506,0
0,0.8104764819145203,0
0,0.7941265106201172,0
0,0.8195788860321045,0
0,0.8476169109344482,0
0,0.8544760942459106,0
0,0.8353123664855957,0
1,0.7876232266426086,0
0,0.8941366076469421,0
0,0.9166930913925171,0
0,0.9378466606140137,0
0,0.9355136752128601,0
0,0.9352648854255676,0
0,0.9358987212181091,0
0,0.8664048314094543,0
0,0.8599828481674194,0
0,0.8641847968101501,0
0,0.8900101184844971,0
1,0.7469439506530762,0
0,0.9470130801200867,0
1,0.92784583568573,0
0,0.9661620259284973,0
0,0.9405345320701599,0
0,0.9290004968643188,0
0,0.9008883237838745,0
0,0.8907351493835449,0
0,0.8872129321098328,0
0,0.8868244290351868,0
0,0.8970154523849487,0
0,0.9078593850135803,0
0,0.9146166443824768,0
0,0.9168577194213867,0
0,0.9005733132362366,0
0,0.8621146082878113,0
0,0.8183716535568237,0
0,0.8367206454277039,0
0,0.8779627084732056,0
0,0.889550507068634,0
0,0.09581150114536285,0
0,0.09581150114536285,0
0,0.09581150114536285,0
0,0.09581150114536285,0
0,0.09581150114536285,0
0,0.09581150114536285,0
0,0.09581150114536285,0
0,0.09581150114536285,0
0,0.09581150114536285,0
0,0.09581150114536285,0
0,0.09581150114536285,0
0,0.09581150114536285,0
0,0.09581150114536285,0
0,0.09581150114536285,0
0,0.09581150114536285,0
0,0.09581150114536285,0
0,0.09581150114536285,0
0,0.09581150114536285,0
0,0.09581150114536285,0
0,0.09581150114536285,0
0,0.09581150114536285,0
0,0.09581150114536285,0
0,0.09581150114536285,0
0,0.09581150114536285,0
0,0.09581150114536285,0
0,0.09581150114536285,0
0,0.09581150114536285,0
0,0.09581150114536285,0
0,0.09581150114536285,0
0,0.09581150114536285,0
0,0.09581150114536285,0
0,0.09581150114536285,0
0,0.09581150114536285,0
0,0.09581150114536285,0
0,0.09581150114536285,0
0,0.09581150114536285,0
0,0.09581150114536285,0
0,0.09581150114536285,0
0,0.09581150114536285,0
0,0.09581150114536285,0
0,0.09581150114536285,0
0,0.09581150114536285,0
0,0.09581150114536285,0
0,0.09581150114536285,0
0,0.09581150114536285,0
0,0.09581150114536285,0
0,0.09581150114536285,0
0,0.09581150114536285,0
0,0.09581150114536285,0
0,0.09581150114536285,0
0,0.09581150114536285,0
0,0.09581150114536285,0
0,0.09581150114536285,0
0,0.09581150114536285,0
0,0.09581150114536285,0
0,0.09581150114536285,0
0,0.09581150114536285,0
0,0.09581150114536285,0
0,0.09581150114536285,0
0,0.09581150114536285,0
0,0.09581150114536285,0
0,0.09581150114536285,0
0,0.09581150114536285,0
0,0.09581150114536285,0
0,0.09581150114536285,0
0,0.09581150114536285,0
0,0.09581150114536285,0
0,0.09581150114536285,0
0,0.09581150114536285,0
0,0.09581150114536285,0
0,0.09581150114536285,0
0,0.09581150114536285,0
0,0.09581150114536285,0
0,0.09581150114536285,0
0,0.09581150114536285,0
0,0.09581150114536285,0
0,0.09581150114536285,0
0,0.09581150114536285,0
0,0.09581150114536285,0
0,0.09581150114536285,0
0,0.09581150114536285,0
0,0.09581150114536285,0
0,0.09581150114536285,0
0,0.09581150114536285,0
0,0.09581150114536285,0
0,0.09581150114536285,0
0,0.09581150114536285,0
0,0.09581150114536285,0
0,0.09581150114536285,0
0,0.09581150114536285,0
0,0.09581150114536285,0
0,0.09581150114536285,0
0,0.09581150114536285,0
0,0.09581150114536285,0
0,0.09581150114536285,0
0,0.09581150114536285,0
0,0.09581150114536285,0
0,0.09581150114536285,0
0,0.09581150114536285,0
0,0.09581150114536285,0
0,0.09581150114536285,0
0,0.09581150114536285,0
0,0.09581150114536285,0
0,0.09581150114536285,0
0,0.09581150114536285,0
0,0.09581150114536285,0
0,0.09581150114536285,0
0,0.09581150114536285,0
0,0.09581150114536285,0
0,0.09581150114536285,0
0,0.09581150114536285,0
0,0.09581150114536285,0
0,0.09581150114536285,0
0,0.09581150114536285,0
0,0.09581150114536285,0
0,0.09581150114536285,0
0,0.09581150114536285,0
0,0.09581150114536285,0
0,0.09581150114536285,0
0,0.09581150114536285,0
0,0.09581150114536285,0
0,0.09581150114536285,0
0,0.09581150114536285,0
0,0.09581150114536285,0
0,0.09581150114536285,0
0,0.09581150114536285,0
0,0.09581150114536285,0
0,0.09581150114536285,0
0,0.09581150114536285,0
0,0.09581150114536285,0
0,0.09581150114536285,0
0,0.09581150114536285,0
0,0.09581150114536285,0
0,0.09581150114536285,0
0,0.09581150114536285,0
0,0.09581150114536285,0
0,0.09581150114536285,0
0,0.09581150114536285,0
0,0.09581150114536285,0
0,0.09581150114536285,0
0,0.09581150114536285,0
0,0.09581150114536285,0
0,0.09581150114536285,0
0,0.09581150114536285,0
0,0.09581150114536285,0
0,0.09581150114536285,0
0,0.09581150114536285,0
0,0.09581150114536285,0
0,0.09581150114536285,0
0,0.09581150114536285,0
0,0.09581150114536285,0
0,0.09581150114536285,0
0,0.09581150114536285,0
0,0.09581150114536285,0
0,0.09581150114536285,0
0,0.09581150114536285,0
0,0.09581150114536285,0
0,0.09581150114536285,0
0,0.09581150114536285,0
0,0.09581150114536285,0
0,0.09581150114536285,0
0,0.09581150114536285,0
0,0.09581150114536285,0
0,0.09581150114536285,0
0,0.09581150114536285,0
0,0.09581150114536285,0
0,0.09581150114536285,0
0,0.09581150114536285,0
0,0.09581150114536285,0
0,0.09581150114536285,0
0,0.09581150114536285,0
0,0.09581150114536285,0
0,0.09581150114536285,0
0,0.09581150114536285,0
0,0.09581150114536285,0
0,0.09581150114536285,0
0,0.09581150114536285,0
0,0.09581150114536285,0
0,0.09581150114536285,0
0,0.09581150114536285,0
0,0.09581150114536285,0
0,0.09581150114536285,0
0,0.09581150114536285,0
0,0.09581150114536285,0
0,0.09581150114536285,0
0,0.09581150114536285,0
0,0.09581150114536285,0
0,0.09581150114536285,0
0,0.09581150114536285,0
0,0.09581150114536285,0
0,0.09581150114536285,0
0,0.09581150114536285,0
0,0.09581150114536285,0
0,0.09581150114536285,0
0,0.09581150114536285,0
0,0.09581150114536285,0
0,0.09581150114536285,0
0,0.09581150114536285,0
0,0.09581150114536285,0
0,0.09581150114536285,0
0,0.09581150114536285,0
0,0.09581150114536285,0
0,0.09581150114536285,0
0,0.09581150114536285,0
0,0.09581150114536285,0
0,0.09581150114536285,0
0,0.09581150114536285,0
0,0.09581150114536285,0
0,0.09581150114536285,0
0,0.09581150114536285,0
0,0.09581150114536285,0
0,0.09581150114536285,0
0,0.09581150114536285,0
0,0.09581150114536285,0
0,0.09581150114536285,0
0,0.09581150114536285,0
0,0.09581150114536285,0
0,0.09581150114536285,0
0,0.09581150114536285,0
0,0.09581150114536285,0
0,0.09581150114536285,0
0,0.09581150114536285,0
0,0.09581150114536285,0
0,0.09581150114536285,0
0,0.09581150114536285,0
0,0.09581150114536285,0
0,0.09581150114536285,0
0,0.09581150114536285,0
0,0.09581150114536285,0
0,0.09581150114536285,0
0,0.09581150114536285,0
0,0.09581150114536285,0
0,0.09581150114536285,0
0,0.09581150114536285,0
0,0.09581150114536285,0
0,0.09581150114536285,0
0,0.09581150114536285,0
0,0.09581150114536285,0
0,0.09581150114536285,0
0,0.09581150114536285,0
0,0.09581150114536285,0
0,0.09581150114536285,0
0,0.09581150114536285,0
0,0.09581150114536285,0
0,0.09581150114536285,0
0,0.09581150114536285,0
0,0.09581150114536285,0
0,0.09581150114536285,0
0,0.09581150114536285,0
0,0.09581150114536285,0
0,0.09581150114536285,0
0,0.09581150114536285,0
0,0.09581150114536285,0
0,0.09581150114536285,0
0,0.09581150114536285,0
0,0.09581150114536285,0
0,0.09581150114536285,0
0,0.09581150114536285,0
0,0.09581150114536285,0
0,0.09581150114536285,0
0,0.09581150114536285,0
0,0.09581150114536285,0
0,0.09581150114536285,0
0,0.09581150114536285,0
0,0.09581150114536285,0
0,0.09581150114536285,0
0,0.09581150114536285,0
0,0.09581150114536285,0
0,0.09581150114536285,0
0,0.09581150114536285,0
0,0.09581150114536285,0
0,0.09581150114536285,0
0,0.09581150114536285,0
0,0.09581150114536285,0
0,0.09581150114536285,0
0,0.09581150114536285,0
0,0.09581150114536285,0
0,0.09581150114536285,0
0,0.09581150114536285,0
0,0.09581150114536285,0
0,0.09581150114536285,0
0,0.09581150114536285,0
0,0.09581150114536285,0
0,0.09581150114536285,0
0,0.09581150114536285,0
0,0.09581150114536285,0
0,0.09581150114536285,0
0,0.09581150114536285,0
0,0.09581150114536285,0
0,0.09581150114536285,0
0,0.09581150114536285,0
0,0.09581150114536285,0
0,0.09581150114536285,0
0,0.09581150114536285,0
0,0.09581150114536285,0
0,0.09581150114536285,0
0,0.09581150114536285,0
0,0.09581150114536285,0
0,0.09581150114536285,0
0,0.09581150114536285,0
0,0.09581150114536285,0
0,0.09581150114536285,0
0,0.09581150114536285,0
0,0.09581150114536285,0
0,0.09581150114536285,0
0,0.09581150114536285,0
0,0.09581150114536285,0
0,0.09581150114536285,0
0,0.09581150114536285,0
0,0.09581150114536285,0
0,0.09581150114536285,0
0,0.09581150114536285,0
0,0.09581150114536285,0
0,0.09581150114536285,0
0,0.09581150114536285,0
0,0.09581150114536285,0
0,0.09581150114536285,0
0,0.09581150114536285,0
0,0.09581150114536285,0
0,0.09581150114536285,0
0,0.09581150114536285,0
0,0.09581150114536285,0
0,0.09581150114536285,0
0,0.09581150114536285,0
0,0.09581150114536285,0
0,0.09581150114536285,0
0,0.09581150114536285,0
0,0.09581150114536285,0
0,0.09581150114536285,0
0,0.09581150114536285,0
0,0.09581150114536285,0
0,0.09581150114536285,0
0,0.09581150114536285,0
0,0.09581150114536285,0
0,0.09581150114536285,0
0,0.09581150114536285,0
0,0.09581150114536285,0
0,0.09581150114536285,0
0,0.09581150114536285,0
0,0.09581150114536285,0
0,0.09581150114536285,0
0,0.09581150114536285,0
0,0.09581150114536285,0
0,0.09581150114536285,0
0,0.09581150114536285,0
0,0.09581150114536285,0
0,0.09581150114536285,0
0,0.09581150114536285,0
0,0.09581150114536285,0
0,0.09581150114536285,0
0,0.09581150114536285,0
0,0.09581150114536285,0
0,0.09581150114536285,0
0,0.09581150114536285,0
0,0.09581150114536285,0
0,0.09581150114536285,0
0,0.09581150114536285,0
0,0.09581150114536285,0
0,0.09581150114536285,0
0,0.09581150114536285,0
0,0.09581150114536285,0
0,0.09581150114536285,0
0,0.09581150114536285,0
0,0.09581150114536285,0
0,0.09581150114536285,0
0,0.09581150114536285,0
0,0.09581150114536285,0
0,0.09581150114536285,0
0,0.09581150114536285,0
0,0.09581150114536285,0
0,0.09581150114536285,0
0,0.09581150114536285,0
0,0.09581150114536285,0
0,0.09581150114536285,0
0,0.09581150114536285,0
0,0.09581150114536285,0
0,0.09581150114536285,0
0,0.09581150114536285,0
0,0.09581150114536285,0
0,0.09581150114536285,0
0,0.09581150114536285,0
0,0.09581150114536285,0
0,0.09581150114536285,0
0,0.09581150114536285,0
0,0.09581150114536285,0
0,0.09581150114536285,0
0,0.09581150114536285,0
0,0.09581150114536285,0
0,0.09581150114536285,0
0,0.09581150114536285,0
0,0.09581150114536285,0
0,0.09581150114536285,0
0,0.09581150114536285,0
0,0.09581150114536285,0
0,0.09581150114536285,0
0,0.09581150114536285,0
0,0.09581150114536285,0
0,0.09581150114536285,0
0,0.09581150114536285,0
0,0.09581150114536285,0
0,0.09581150114536285,0
0,0.09581150114536285,0
0,0.09581150114536285,0
0,0.09581150114536285,0
0,0.09581150114536285,0
0,0.09581150114536285,0
0,0.09581150114536285,0
0,0.09581150114536285,0
0,0.09581150114536285,0
0,0.09581150114536285,0
0,0.09581150114536285,0
0,0.09581150114536285,0
0,0.09581150114536285,0
0,0.09581150114536285,0
0,0.09581150114536285,0
0,0.09581150114536285,0
0,0.09581150114536285,0
0,0.09581150114536285,0
0,0.09581150114536285,0
0,0.09581150114536285,0
0,0.09581150114536285,0
0,0.09581150114536285,0
0,0.09581150114536285,0
0,0.09581150114536285,0
0,0.09581150114536285,0
0,0.09581150114536285,0
0,0.09581150114536285,0
0,0.09581150114536285,0
0,0.09581150114536285,0
0,0.09581150114536285,0
0,0.09581150114536285,0
0,0.09581150114536285,0
0,0.09581150114536285,0
0,0.09581150114536285,0
0,0.09581150114536285,0
0,0.09581150114536285,0
0,0.09581150114536285,0
0,0.09581150114536285,0
0,0.09581150114536285,0
0,0.09581150114536285,0
0,0.09581150114536285,0
0,0.09581150114536285,0
0,0.09581150114536285,0
0,0.09581150114536285,0
0,0.09581150114536285,0
0,0.09581150114536285,0
0,0.09581150114536285,0
0,0.09581150114536285,0
0,0.09581150114536285,0
0,0.09581150114536285,0
0,0.09581150114536285,0
0,0.09581150114536285,0
0,0.09581150114536285,0
0,0.09581150114536285,0
0,0.09581150114536285,0
0,0.09581150114536285,0
0,0.09581150114536285,0
0,0.09581150114536285,0
0,0.09581150114536285,0
0,0.09581150114536285,0
0,0.09581150114536285,0
0,0.09581150114536285,0
0,0.09581150114536285,0
0,0.09581150114536285,0
0,0.09581150114536285,0
0,0.09581150114536285,0
0,0.09581150114536285,0
0,0.09581150114536285,0
0,0.09581150114536285,0
0,0.09581150114536285,0
0,0.09581150114536285,0
0,0.09581150114536285,0
0,0.09581150114536285,0
0,0.09581150114536285,0
0,0.09581150114536285,0
0,0.09581150114536285,0
0,0.09581150114536285,0
0,0.09581150114536285,0
0,0.09581150114536285,0
0,0.09581150114536285,0
0,0.09581150114536285,0
0,0.09581150114536285,0
0,0.09581150114536285,0
0,0.09581150114536285,0
0,0.09581150114536285,0
0,0.09581150114536285,0
0,0.09581150114536285,0
0,0.09581150114536285,0
0,0.09581150114536285,0
0,0.09581150114536285,0
0,0.09581150114536285,0
0,0.09581150114536285,0
0,0.09581150114536285,0
0,0.09581150114536285,0
0,0.09581150114536285,0
0,0.09581150114536285,0
0,0.09581150114536285,0
0,0.09581150114536285,0
0,0.09581150114536285,0
0,0.09581150114536285,0
0,0.09581150114536285,0
0,0.09581150114536285,0
0,0.09581150114536285,0
0,0.09581150114536285,0
0,0.09581150114536285,0
0,0.09581150114536285,0
0,0.09581150114536285,0
0,0.09581150114536285,0
0,0.09581150114536285,0
0,0.09581150114536285,0
0,0.09581150114536285,0
0,0.09581150114536285,0
0,0.09581150114536285,0
0,0.09581150114536285,0
0,0.09581150114536285,0
0,0.09581150114536285,0
0,0.09581150114536285,0
0,0.09581150114536285,0
0,0.09581150114536285,0
0,0.09581150114536285,0
0,0.09581150114536285,0
0,0.09581150114536285,0
0,0.09581150114536285,0
0,0.09581150114536285,0
0,0.09581150114536285,0
0,0.09581150114536285,0
0,0.09581150114536285,0
0,0.09581150114536285,0
0,0.09581150114536285,0
0,0.09581150114536285,0
0,0.09581150114536285,0
0,0.09581150114536285,0
0,0.09581150114536285,0
0,0.09581150114536285,0
0,0.09581150114536285,0
0,0.09581150114536285,0
0,0.09581150114536285,0
0,0.09581150114536285,0
0,0.09581150114536285,0
0,0.09581150114536285,0
0,0.09581150114536285,0
0,0.09581150114536285,0
0,0.09581150114536285,0
0,0.09581150114536285,0
0,0.09581150114536285,0
0,0.09581150114536285,0
0,0.09581150114536285,0
0,0.09581150114536285,0
0,0.09581150114536285,0
0,0.09581150114536285,0
0,0.09581150114536285,0
0,0.09581150114536285,0
0,0.09581150114536285,0
0,0.09581150114536285,0
0,0.09581150114536285,0
0,0.09581150114536285,0
0,0.09581150114536285,0
0,0.09581150114536285,0
0,0.09581150114536285,0
0,0.09581150114536285,0
0,0.09581150114536285,0
0,0.09581150114536285,0
0,0.09581150114536285,0
0,0.09581150114536285,0
0,0.09581150114536285,0
0,0.09581150114536285,0
0,0.09581150114536285,0
0,0.09581150114536285,0
0,0.09581150114536285,0
0,0.09581150114536285,0
0,0.09581150114536285,0
0,0.09581150114536285,0
0,0.09581150114536285,0
0,0.09581150114536285,0
0,0.09581150114536285,0
0,0.09581150114536285,0
0,0.09581150114536285,0
0,0.09581150114536285,0
0,0.09581150114536285,0
0,0.09581150114536285,0
0,0.09581150114536285,0
0,0.09581150114536285,0
0,0.09581150114536285,0
0,0.09581150114536285,0
0,0.09581150114536285,0
0,0.09581150114536285,0
0,0.09581150114536285,0
0,0.09581150114536285,0
0,0.09581150114536285,0
0,0.09581150114536285,0
0,0.09581150114536285,0
0,0.09581150114536285,0
0,0.09581150114536285,0
0,0.09581150114536285,0
0,0.09581150114536285,0
0,0.09581150114536285,0
0,0.09581150114536285,0
0,0.09581150114536285,0
0,0.09581150114536285,0
0,0.09581150114536285,0
0,0.09581150114536285,0
0,0.09581150114536285,0
0,0.09581150114536285,0
0,0.09581150114536285,0
0,0.09581150114536285,0
0,0.09581150114536285,0
0,0.09581150114536285,0
0,0.09581150114536285,0
0,0.09581150114536285,0
0,0.09581150114536285,0
0,0.09581150114536285,0
0,0.09581150114536285,0
0,0.09581150114536285,0
0,0.09581150114536285,0
0,0.09581150114536285,0
0,0.09581150114536285,0
0,0.09581150114536285,0
0,0.09581150114536285,0
0,0.09581150114536285,0
0,0.09581150114536285,0
0,0.09581150114536285,0
0,0.09581150114536285,0
0,0.09581150114536285,0
0,0.09581150114536285,0
0,0.09581150114536285,0
0,0.09581150114536285,0
0,0.09581150114536285,0
0,0.09581150114536285,0
0,0.09581150114536285,0
0,0.09581150114536285,0
0,0.09581150114536285,0
0,0.09581150114536285,0
0,0.09581150114536285,0
0,0.09581150114536285,0
0,0.09581150114536285,0
0,0.09581150114536285,0
0,0.09581150114536285,0
0,0.09581150114536285,0
0,0.09581150114536285,0
0,0.09581150114536285,0
0,0.09581150114536285,0
0,0.09581150114536285,0
0,0.09581150114536285,0
0,0.09581150114536285,0
0,0.09581150114536285,0
0,0.09581150114536285,0
0,0.09581150114536285,0
0,0.09581150114536285,0
0,0.09581150114536285,0
0,0.09581150114536285,0
0,0.09581150114536285,0
0,0.09581150114536285,0
0,0.09581150114536285,0
0,0.09581150114536285,0
0,0.09581150114536285,0
0,0.09581150114536285,0
0,0.09581150114536285,0
0,0.09581150114536285,0
0,0.09581150114536285,0
0,0.09581150114536285,0
0,0.09581150114536285,0
0,0.09581150114536285,0
0,0.09581150114536285,0
0,0.09581150114536285,0
0,0.09581150114536285,0
0,0.09581150114536285,0
0,0.09581150114536285,0
0,0.09581150114536285,0
0,0.09581150114536285,0
0,0.09581150114536285,0
0,0.09581150114536285,0
0,0.09581150114536285,0
0,0.09581150114536285,0
0,0.09581150114536285,0
0,0.09581150114536285,0
0,0.09581150114536285,0
0,0.09581150114536285,0
0,0.09581150114536285,0
0,0.09581150114536285,0
0,0.09581150114536285,0
0,0.09581150114536285,0
0,0.09581150114536285,0
0,0.09581150114536285,0
0,0.09581150114536285,0
0,0.09581150114536285,0
0,0.09581150114536285,0
0,0.09581150114536285,0
0,0.09581150114536285,0
0,0.09581150114536285,0
0,0.09581150114536285,0
0,0.09581150114536285,0
0,0.09581150114536285,0
0,0.09581150114536285,0
0,0.09581150114536285,0
0,0.09581150114536285,0
0,0.09581150114536285,0
0,0.09581150114536285,0
0,0.09581150114536285,0
0,0.09581150114536285,0
0,0.09581150114536285,0
0,0.09581150114536285,0
0,0.09581150114536285,0
0,0.09581150114536285,0
0,0.09581150114536285,0
0,0.09581150114536285,0
0,0.09581150114536285,0
0,0.09581150114536285,0
0,0.09581150114536285,0
0,0.09581150114536285,0
0,0.09581150114536285,0
0,0.09581150114536285,0
0,0.09581150114536285,0
0,0.09581150114536285,0
0,0.09581150114536285,0
0,0.09581150114536285,0
0,0.09581150114536285,0
0,0.09581150114536285,0
0,0.09581150114536285,0
0,0.09581150114536285,0
0,0.09581150114536285,0
0,0.09581150114536285,0
0,0.09581150114536285,0
0,0.09581150114536285,0
0,0.09581150114536285,0
0,0.09581150114536285,0
0,0.09581150114536285,0
0,0.09581150114536285,0
0,0.09581150114536285,0
0,0.09581150114536285,0
0,0.09581150114536285,0
0,0.09581150114536285,0
0,0.09581150114536285,0
0,0.09581150114536285,0
0,0.09581150114536285,0
0,0.09581150114536285,0
0,0.09581150114536285,0
0,0.09581150114536285,0
0,0.09581150114536285,0
0,0.09581150114536285,0
0,0.09581150114536285,0
0,0.09581150114536285,0
0,0.09581150114536285,0
0,0.09581150114536285,0
0,0.09581150114536285,0
0,0.09581150114536285,0
0,0.09581150114536285,0
0,0.09581150114536285,0
0,0.09581150114536285,0
0,0.09581150114536285,0
0,0.09581150114536285,0
0,0.09581150114536285,0
0,0.09581150114536285,0
0,0.09581150114536285,0
0,0.09581150114536285,0
0,0.09581150114536285,0
0,0.09581150114536285,0
0,0.09581150114536285,0
0,0.09581150114536285,0
0,0.09581150114536285,0
0,0.09581150114536285,0
0,0.09581150114536285,0
0,0.09581150114536285,0
0,0.09581150114536285,0
0,0.09581150114536285,0
0,0.09581150114536285,0
0,0.09581150114536285,0
0,0.09581150114536285,0
0,0.09581150114536285,0
0,0.09581150114536285,0
0,0.09581150114536285,0
0,0.09581150114536285,0
0,0.09581150114536285,0
0,0.09581150114536285,0
0,0.09581150114536285,0
0,0.09581150114536285,0
0,0.09581150114536285,0
0,0.09581150114536285,0
0,0.09581150114536285,0
0,0.09581150114536285,0
0,0.09581150114536285,0
0,0.09581150114536285,0
0,0.09581150114536285,0
0,0.09581150114536285,0
0,0.09581150114536285,0
0,0.09581150114536285,0
0,0.09581150114536285,0
0,0.09581150114536285,0
0,0.09581150114536285,0
0,0.09581150114536285,0
0,0.09581150114536285,0
0,0.09581150114536285,0
0,0.09581150114536285,0
0,0.09581150114536285,0
0,0.09581150114536285,0
0,0.09581150114536285,0
0,0.09581150114536285,0
0,0.09581150114536285,0
0,0.09581150114536285,0
0,0.09581150114536285,0
0,0.09581150114536285,0
0,0.09581150114536285,0
0,0.09581150114536285,0
0,0.09581150114536285,0
0,0.09581150114536285,0
0,0.09581150114536285,0
0,0.09581150114536285,0
0,0.09581150114536285,0
0,0.09581150114536285,0
0,0.09581150114536285,0
0,0.09581150114536285,0
0,0.09581150114536285,0
0,0.09581150114536285,0
0,0.09581150114536285,0
0,0.09581150114536285,0
0,0.09581150114536285,0
0,0.09581150114536285,0
0,0.09581150114536285,0
0,0.09581150114536285,0
0,0.09581150114536285,0
0,0.09581150114536285,0
0,0.09581150114536285,0
0,0.09581150114536285,0
0,0.09581150114536285,0
0,0.09581150114536285,0
0,0.09581150114536285,0
0,0.09581150114536285,0
0,0.09581150114536285,0
0,0.09581150114536285,0
0,0.09581150114536285,0
0,0.09581150114536285,0
0,0.09581150114536285,0
0,0.09581150114536285,0
0,0.09581150114536285,0
0,0.09581150114536285,0
0,0.09581150114536285,0
0,0.09581150114536285,0
0,0.09581150114536285,0
0,0.09581150114536285,0
0,0.09581150114536285,0
0,0.09581150114536285,0
0,0.09581150114536285,0
0,0.09581150114536285,0
0,0.09581150114536285,0
0,0.09581150114536285,0
0,0.09581150114536285,0
0,0.09581150114536285,0
0,0.09581150114536285,0
0,0.09581150114536285,0
0,0.09581150114536285,0
0,0.09581150114536285,0
0,0.09581150114536285,0
0,0.09581150114536285,0
0,0.09581150114536285,0
0,0.09581150114536285,0
0,0.09581150114536285,0
0,0.09581150114536285,0
0,0.09581150114536285,0
0,0.09581150114536285,0
0,0.09581150114536285,0
0,0.09581150114536285,0
0,0.09581150114536285,0
0,0.09581150114536285,0
0,0.09581150114536285,0
0,0.09581150114536285,0
0,0.09581150114536285,0
0,0.09581150114536285,0
0,0.09581150114536285,0
0,0.09581150114536285,0
0,0.09581150114536285,0
0,0.09581150114536285,0
0,0.09581150114536285,0
0,0.09581150114536285,0
0,0.09581150114536285,0
0,0.09581150114536285,0
0,0.09581150114536285,0
0,0.09581150114536285,0
0,0.09581150114536285,0
0,0.09581150114536285,0
0,0.09581150114536285,0
0,0.09581150114536285,0
0,0.09581150114536285,0
0,0.09581150114536285,0
0,0.09581150114536285,0
0,0.09581150114536285,0
0,0.09581150114536285,0
0,0.09581150114536285,0
0,0.09581150114536285,0
0,0.09581150114536285,0
0,0.09581150114536285,0
0,0.09581150114536285,0
0,0.09581150114536285,0
0,0.09581150114536285,0
0,0.09581150114536285,0
0,0.09581150114536285,0
0,0.09581150114536285,0
0,0.09581150114536285,0
0,0.09581150114536285,0
0,0.09581150114536285,0
0,0.09581150114536285,0
0,0.09581150114536285,0
0,0.09581150114536285,0
0,0.09581150114536285,0
0,0.09581150114536285,0
0,0.09581150114536285,0
0,0.09581150114536285,0
0,0.09581150114536285,0
0,0.09581150114536285,0
0,0.09581150114536285,0
0,0.09581150114536285,0
0,0.09581150114536285,0
0,0.09581150114536285,0
0,0.09581150114536285,0
0,0.09581150114536285,0
0,0.09581150114536285,0
0,0.09581150114536285,0
0,0.09581150114536285,0
0,0.09581150114536285,0
0,0.09581150114536285,0
0,0.09581150114536285,0
0,0.09581150114536285,0
0,0.09581150114536285,0
0,0.09581150114536285,0
0,0.09581150114536285,0
0,0.09581150114536285,0
0,0.09581150114536285,0
0,0.09581150114536285,0
0,0.09581150114536285,0
0,0.09581150114536285,0
0,0.09581150114536285,0
0,0.09581150114536285,0
0,0.09581150114536285,0
0,0.09581150114536285,0
0,0.09581150114536285,0
0,0.09581150114536285,0
0,0.09581150114536285,0
0,0.09581150114536285,0
0,0.09581150114536285,0
0,0.09581150114536285,0
0,0.09581150114536285,0
0,0.09581150114536285,0
0,0.09581150114536285,0
0,0.09581150114536285,0
0,0.09581150114536285,0
0,0.09581150114536285,0
0,0.09581150114536285,0
0,0.09581150114536285,0
0,0.09581150114536285,0
0,0.09581150114536285,0
0,0.09581150114536285,0
0,0.09581150114536285,0
0,0.09581150114536285,0
0,0.09581150114536285,0
0,0.09581150114536285,0
0,0.09581150114536285,0
0,0.09581150114536285,0
0,0.09581150114536285,0
0,0.09581150114536285,0
0,0.09581150114536285,0
0,0.09581150114536285,0
0,0.09581150114536285,0
0,0.09581150114536285,0
0,0.09581150114536285,0
0,0.09581150114536285,0
0,0.09581150114536285,0
0,0.09581150114536285,0
0,0.09581150114536285,0
0,0.09581150114536285,0
0,0.09581150114536285,0
0,0.09581150114536285,0
0,0.09581150114536285,0
0,0.09581150114536285,0
0,0.09581150114536285,0
0,0.09581150114536285,0
0,0.09581150114536285,0
0,0.09581150114536285,0
0,0.09581150114536285,0
0,0.09581150114536285,0
0,0.09581150114536285,0
0,0.09581150114536285,0
0,0.09581150114536285,0
0,0.09581150114536285,0
0,0.09581150114536285,0
0,0.09581150114536285,0
0,0.09581150114536285,0
0,0.09581150114536285,0
0,0.09581150114536285,0
0,0.09581150114536285,0
0,0.09581150114536285,0
0,0.09581150114536285,0
0,0.09581150114536285,0
0,0.09581150114536285,0
0,0.09581150114536285,0
0,0.09581150114536285,0
0,0.09581150114536285,0
0,0.09581150114536285,0
0,0.09581150114536285,0
0,0.09581150114536285,0
0,0.09581150114536285,0
0,0.09581150114536285,0
0,0.09581150114536285,0
0,0.09581150114536285,0
0,0.09581150114536285,0
0,0.09581150114536285,0
0,0.09581150114536285,0
0,0.09581150114536285,0
0,0.09581150114536285,0
0,0.09581150114536285,0
0,0.09581150114536285,0
0,0.09581150114536285,0
0,0.09581150114536285,0
0,0.09581150114536285,0
0,0.09581150114536285,0
0,0.09581150114536285,0
0,0.09581150114536285,0
0,0.09581150114536285,0
0,0.09581150114536285,0
0,0.09581150114536285,0
0,0.09581150114536285,0
0,0.09581150114536285,0
0,0.09581150114536285,0
0,0.09581150114536285,0
0,0.09581150114536285,0
0,0.09581150114536285,0
0,0.09581150114536285,0
0,0.09581150114536285,0
0,0.09581150114536285,0
0,0.09581150114536285,0
0,0.09581150114536285,0
0,0.09581150114536285,0
0,0.09581150114536285,0
0,0.09581150114536285,0
0,0.09581150114536285,0
0,0.09581150114536285,0
0,0.09581150114536285,0
0,0.09581150114536285,0
0,0.09581150114536285,0
0,0.09581150114536285,0
0,0.09581150114536285,0
0,0.09581150114536285,0
0,0.09581150114536285,0
0,0.09581150114536285,0
0,0.09581150114536285,0
0,0.09581150114536285,0
0,0.09581150114536285,0
0,0.09581150114536285,0
0,0.09581150114536285,0
0,0.09581150114536285,0
0,0.09581150114536285,0
0,0.09581150114536285,0
0,0.09581150114536285,0
0,0.09581150114536285,0
0,0.09581150114536285,0
0,0.09581150114536285,0
0,0.09581150114536285,0
0,0.09581150114536285,0
0,0.09581150114536285,0
0,0.09581150114536285,0
0,0.09581150114536285,0
0,0.09581150114536285,0
0,0.09581150114536285,0
0,0.09581150114536285,0
0,0.09581150114536285,0
0,0.09581150114536285,0
0,0.09581150114536285,0
0,0.09581150114536285,0
0,0.09581150114536285,0
0,0.09581150114536285,0
0,0.09581150114536285,0
0,0.09581150114536285,0
0,0.09581150114536285,0
0,0.09581150114536285,0
0,0.09581150114536285,0
0,0.09581150114536285,0
0,0.09581150114536285,0
0,0.09581150114536285,0
0,0.09581150114536285,0
0,0.09581150114536285,0
0,0.09581150114536285,0
0,0.09581150114536285,0
0,0.09581150114536285,0
0,0.09581150114536285,0
0,0.09581150114536285,0
0,0.09581150114536285,0
0,0.09581150114536285,0
0,0.09581150114536285,0
0,0.09581150114536285,0
0,0.09581150114536285,0
0,0.09581150114536285,0
0,0.09581150114536285,0
0,0.09581150114536285,0
0,0.09581150114536285,0
0,0.09581150114536285,0
0,0.09581150114536285,0
0,0.09581150114536285,0
0,0.09581150114536285,0
0,0.09581150114536285,0
0,0.09581150114536285,0
0,0.09581150114536285,0
0,0.09581150114536285,0
0,0.09581150114536285,0
0,0.09581150114536285,0
0,0.09581150114536285,0
0,0.09581150114536285,0
0,0.09581150114536285,0
0,0.09581150114536285,0
0,0.09581150114536285,0
0,0.09581150114536285,0
0,0.09581150114536285,0
0,0.09581150114536285,0
0,0.09581150114536285,0
0,0.09581150114536285,0
0,0.09581150114536285,0
0,0.09581150114536285,0
0,0.09581150114536285,0
0,0.09581150114536285,0
0,0.09581150114536285,0
0,0.09581150114536285,0
0,0.09581150114536285,0
0,0.09581150114536285,0
0,0.09581150114536285,0
0,0.09581150114536285,0
0,0.09581150114536285,0
0,0.09581150114536285,0
0,0.09581150114536285,0
0,0.09581150114536285,0
0,0.09581150114536285,0
0,0.09581150114536285,0
0,0.09581150114536285,0
0,0.09581150114536285,0
0,0.09581150114536285,0
0,0.09581150114536285,0
0,0.09581150114536285,0
0,0.09581150114536285,0
0,0.09581150114536285,0
0,0.09581150114536285,0
0,0.09581150114536285,0
0,0.09581150114536285,0
0,0.09581150114536285,0
0,0.09581150114536285,0
0,0.09581150114536285,0
0,0.09581150114536285,0
0,0.09581150114536285,0
0,0.09581150114536285,0
0,0.09581150114536285,0
0,0.09581150114536285,0
0,0.09581150114536285,0
0,0.09581150114536285,0
0,0.09581150114536285,0
0,0.09581150114536285,0
0,0.09581150114536285,0
0,0.09581150114536285,0
0,0.09581150114536285,0
0,0.09581150114536285,0
0,0.09581150114536285,0
0,0.09581150114536285,0
0,0.09581150114536285,0
0,0.09581150114536285,0
0,0.09581150114536285,0
0,0.09581150114536285,0
0,0.09581150114536285,0
0,0.09581150114536285,0
0,0.09581150114536285,0
0,0.09581150114536285,0
0,0.09581150114536285,0
0,0.09581150114536285,0
0,0.09581150114536285,0
0,0.09581150114536285,0
0,0.09581150114536285,0
0,0.09581150114536285,0
0,0.09581150114536285,0
0,0.09581150114536285,0
0,0.09581150114536285,0
0,0.09581150114536285,0
0,0.09581150114536285,0
0,0.09581150114536285,0
0,0.09581150114536285,0
0,0.09581150114536285,0
0,0.09581150114536285,0
0,0.09581150114536285,0
0,0.09581150114536285,0
0,0.09581150114536285,0
0,0.09581150114536285,0
0,0.09581150114536285,0
0,0.09581150114536285,0
0,0.09581150114536285,0
0,0.09581150114536285,0
0,0.09581150114536285,0
0,0.09581150114536285,0
0,0.09581150114536285,0
0,0.09581150114536285,0
0,0.09581150114536285,0
0,0.09581150114536285,0
0,0.09581150114536285,0
0,0.09581150114536285,0
0,0.09581150114536285,0
0,0.09581150114536285,0
0,0.09581150114536285,0
0,0.09581150114536285,0
0,0.09581150114536285,0
0,0.09581150114536285,0
0,0.09581150114536285,0
0,0.09581150114536285,0
0,0.09581150114536285,0
0,0.09581150114536285,0
0,0.09581150114536285,0
0,0.09581150114536285,0
0,0.09581150114536285,0
0,0.09581150114536285,0
0,0.09581150114536285,0
0,0.09581150114536285,0
0,0.09581150114536285,0
0,0.09581150114536285,0
0,0.09581150114536285,0
0,0.09581150114536285,0
0,0.09581150114536285,0
0,0.09581150114536285,0
0,0.09581150114536285,0
0,0.09581150114536285,0
0,0.09581150114536285,0
0,0.09581150114536285,0
0,0.09581150114536285,0
0,0.09581150114536285,0
0,0.09581150114536285,0
0,0.09581150114536285,0
0,0.09581150114536285,0
0,0.09581150114536285,0
0,0.09581150114536285,0
0,0.09581150114536285,0
0,0.09581150114536285,0
0,0.09581150114536285,0
0,0.09581150114536285,0
0,0.09581150114536285,0
0,0.09581150114536285,0
0,0.09581150114536285,0
0,0.09581150114536285,0
0,0.09581150114536285,0
0,0.09581150114536285,0
0,0.09581150114536285,0
0,0.09581150114536285,0
0,0.09581150114536285,0
0,0.09581150114536285,0
0,0.09581150114536285,0
0,0.09581150114536285,0
0,0.09581150114536285,0
0,0.09581150114536285,0
0,0.09581150114536285,0
0,0.09581150114536285,0
0,0.09581150114536285,0
0,0.09581150114536285,0
0,0.09581150114536285,0
0,0.09581150114536285,0
0,0.09581150114536285,0
0,0.09581150114536285,0
0,0.09581150114536285,0
0,0.09581150114536285,0
0,0.09581150114536285,0
0,0.09581150114536285,0
0,0.09581150114536285,0
0,0.09581150114536285,0
0,0.09581150114536285,0
0,0.09581150114536285,0
0,0.09581150114536285,0
0,0.09581150114536285,0
0,0.09581150114536285,0
0,0.09581150114536285,0
0,0.09581150114536285,0
0,0.09581150114536285,0
0,0.09581150114536285,0
0,0.09581150114536285,0
0,0.09581150114536285,0
0,0.09581150114536285,0
0,0.09581150114536285,0
0,0.09581150114536285,0
0,0.09581150114536285,0
0,0.09581150114536285,0
0,0.09581150114536285,0
0,0.09581150114536285,0
0,0.09581150114536285,0
0,0.09581150114536285,0
0,0.09581150114536285,0
0,0.09581150114536285,0
0,0.09581150114536285,0
0,0.09581150114536285,0
0,0.09581150114536285,0
0,0.09581150114536285,0
0,0.09581150114536285,0
0,0.09581150114536285,0
0,0.09581150114536285,0
0,0.09581150114536285,0
0,0.09581150114536285,0
0,0.09581150114536285,0
0,0.09581150114536285,0
0,0.09581150114536285,0
0,0.09581150114536285,0
0,0.09581150114536285,0
0,0.09581150114536285,0
0,0.09581150114536285,0
0,0.09581150114536285,0
0,0.09581150114536285,0
0,0.09581150114536285,0
0,0.09581150114536285,0
0,0.09581150114536285,0
0,0.09581150114536285,0
0,0.09581150114536285,0
0,0.09581150114536285,0
0,0.09581150114536285,0
0,0.09581150114536285,0
0,0.09581150114536285,0
0,0.09581150114536285,0
0,0.09581150114536285,0
0,0.09581150114536285,0
0,0.09581150114536285,0
0,0.09581150114536285,0
0,0.09581150114536285,0
0,0.09581150114536285,0
0,0.09581150114536285,0
0,0.09581150114536285,0
0,0.09581150114536285,0
0,0.09581150114536285,0
0,0.09581150114536285,0
0,0.09581150114536285,0
0,0.09581150114536285,0
0,0.09581150114536285,0
0,0.09581150114536285,0
0,0.09581150114536285,0
0,0.09581150114536285,0
0,0.09581150114536285,0
0,0.09581150114536285,0
0,0.09581150114536285,0
0,0.09581150114536285,0
0,0.09581150114536285,0
0,0.09581150114536285,0
0,0.09581150114536285,0
0,0.09581150114536285,0
0,0.09581150114536285,0
0,0.09581150114536285,0
0,0.09581150114536285,0
0,0.09581150114536285,0
0,0.09581150114536285,0
0,0.09581150114536285,0
0,0.09581150114536285,0
0,0.09581150114536285,0
0,0.09581150114536285,0
0,0.09581150114536285,0
0,0.09581150114536285,0
0,0.09581150114536285,0
0,0.09581150114536285,0
0,0.09581150114536285,0
0,0.09581150114536285,0
0,0.09581150114536285,0
0,0.09581150114536285,0
0,0.09581150114536285,0
0,0.09581150114536285,0
0,0.09581150114536285,0
0,0.09581150114536285,0
0,0.09581150114536285,0
0,0.09581150114536285,0
0,0.09581150114536285,0
0,0.09581150114536285,0
0,0.09581150114536285,0
0,0.09581150114536285,0
0,0.09581150114536285,0
0,0.09581150114536285,0
0,0.09581150114536285,0
0,0.09581150114536285,0
0,0.09581150114536285,0
0,0.09581150114536285,0
0,0.09581150114536285,0
0,0.09581150114536285,0
0,0.09581150114536285,0
0,0.09581150114536285,0
0,0.09581150114536285,0
0,0.09581150114536285,0
0,0.09581150114536285,0
0,0.09581150114536285,0
0,0.09581150114536285,0
0,0.09581150114536285,0
0,0.09581150114536285,0
0,0.09581150114536285,0
0,0.09581150114536285,0
0,0.09581150114536285,0
0,0.09581150114536285,0
0,0.09581150114536285,0
0,0.09581150114536285,0
0,0.09581150114536285,0
0,0.09581150114536285,0
0,0.09581150114536285,0
0,0.09581150114536285,0
0,0.09581150114536285,0
0,0.09581150114536285,0
0,0.09581150114536285,0
0,0.09581150114536285,0
0,0.09581150114536285,0
0,0.09581150114536285,0
0,0.09581150114536285,0
0,0.09581150114536285,0
0,0.09581150114536285,0
0,0.09581150114536285,0
0,0.09581150114536285,0
0,0.09581150114536285,0
0,0.09581150114536285,0
0,0.09581150114536285,0
0,0.09581150114536285,0
0,0.09581150114536285,0
0,0.09581150114536285,0
0,0.09581150114536285,0
0,0.09581150114536285,0
0,0.09581150114536285,0
0,0.09581150114536285,0
0,0.09581150114536285,0
0,0.09581150114536285,0
0,0.09581150114536285,0
0,0.09581150114536285,0
0,0.09581150114536285,0
0,0.09581150114536285,0
0,0.09581150114536285,0
0,0.09581150114536285,0
0,0.09581150114536285,0
0,0.09581150114536285,0
0,0.09581150114536285,0
0,0.09581150114536285,0
0,0.09581150114536285,0
0,0.09581150114536285,0
0,0.09581150114536285,0
0,0.09581150114536285,0
0,0.09581150114536285,0
0,0.09581150114536285,0
0,0.09581150114536285,0
0,0.09581150114536285,0
0,0.09581150114536285,0
0,0.09581150114536285,0
0,0.09581150114536285,0
0,0.09581150114536285,0
0,0.09581150114536285,0
0,0.09581150114536285,0
0,0.09581150114536285,0
0,0.09581150114536285,0
0,0.09581150114536285,0
0,0.09581150114536285,0
0,0.09581150114536285,0
0,0.09581150114536285,0
0,0.09581150114536285,0
0,0.09581150114536285,0
0,0.09581150114536285,0
0,0.09581150114536285,0
0,0.09581150114536285,0
0,0.09581150114536285,0
0,0.09581150114536285,0
0,0.09581150114536285,0
0,0.09581150114536285,0
0,0.09581150114536285,0
0,0.09581150114536285,0
0,0.09581150114536285,0
0,0.09581150114536285,0
0,0.09581150114536285,0
0,0.09581150114536285,0
0,0.09581150114536285,0
0,0.09581150114536285,0
0,0.09581150114536285,0
0,0.09581150114536285,0
0,0.09581150114536285,0
0,0.09581150114536285,0
0,0.09581150114536285,0
0,0.09581150114536285,0
0,0.09581150114536285,0
0,0.09581150114536285,0
0,0.09581150114536285,0
0,0.09581150114536285,0
0,0.09581150114536285,0
0,0.09581150114536285,0
0,0.09581150114536285,0
0,0.09581150114536285,0
0,0.09581150114536285,0
0,0.09581150114536285,0
0,0.09581150114536285,0
0,0.09581150114536285,0
0,0.09581150114536285,0
0,0.09581150114536285,0
0,0.09581150114536285,0
0,0.09581150114536285,0
0,0.09581150114536285,0
0,0.09581150114536285,0
0,0.09581150114536285,0
0,0.09581150114536285,0
0,0.09581150114536285,0
0,0.09581150114536285,0
0,0.09581150114536285,0
0,0.09581150114536285,0
0,0.09581150114536285,0
0,0.09581150114536285,0
0,0.09581150114536285,0
0,0.09581150114536285,0
0,0.09581150114536285,0
0,0.09581150114536285,0
0,0.09581150114536285,0
0,0.09581150114536285,0
0,0.09581150114536285,0
0,0.09581150114536285,0
0,0.09581150114536285,0
0,0.09581150114536285,0
0,0.09581150114536285,0
0,0.09581150114536285,0
0,0.09581150114536285,0
0,0.09581150114536285,0
0,0.09581150114536285,0
0,0.09581150114536285,0
0,0.09581150114536285,0
0,0.09581150114536285,0
0,0.09581150114536285,0
0,0.09581150114536285,0
0,0.09581150114536285,0
0,0.09581150114536285,0
0,0.09581150114536285,0
0,0.09581150114536285,0
0,0.09581150114536285,0
0,0.09581150114536285,0
0,0.09581150114536285,0
0,0.09581150114536285,0
0,0.09581150114536285,0
0,0.09581150114536285,0
0,0.09581150114536285,0
0,0.09581150114536285,0
0,0.09581150114536285,0
0,0.09581150114536285,0
0,0.09581150114536285,0
0,0.09581150114536285,0
0,0.09581150114536285,0
0,0.09581150114536285,0
0,0.09581150114536285,0
0,0.09581150114536285,0
0,0.09581150114536285,0
0,0.09581150114536285,0
0,0.09581150114536285,0
0,0.09581150114536285,0
0,0.09581150114536285,0
0,0.09581150114536285,0
0,0.09581150114536285,0
0,0.09581150114536285,0
0,0.09581150114536285,0
0,0.09581150114536285,0
0,0.09581150114536285,0
0,0.09581150114536285,0
0,0.09581150114536285,0
0,0.09581150114536285,0
0,0.09581150114536285,0
0,0.09581150114536285,0
0,0.09581150114536285,0
0,0.09581150114536285,0
0,0.09581150114536285,0
0,0.09581150114536285,0
0,0.09581150114536285,0
0,0.09581150114536285,0
0,0.09581150114536285,0
0,0.09581150114536285,0
0,0.09581150114536285,0
0,0.09581150114536285,0
0,0.09581150114536285,0
0,0.09581150114536285,0
0,0.09581150114536285,0
0,0.09581150114536285,0
0,0.09581150114536285,0
0,0.09581150114536285,0
0,0.09581150114536285,0
0,0.09581150114536285,0
0,0.09581150114536285,0
0,0.09581150114536285,0
0,0.09581150114536285,0
0,0.09581150114536285,0
0,0.09581150114536285,0
0,0.09581150114536285,0
0,0.09581150114536285,0
0,0.09581150114536285,0
0,0.09581150114536285,0
0,0.09581150114536285,0
0,0.09581150114536285,0
0,0.09581150114536285,0
0,0.09581150114536285,0
0,0.09581150114536285,0
0,0.09581150114536285,0
0,0.09581150114536285,0
0,0.09581150114536285,0
0,0.09581150114536285,0
0,0.09581150114536285,0
0,0.09581150114536285,0
0,0.09581150114536285,0
0,0.09581150114536285,0
0,0.09581150114536285,0
0,0.09581150114536285,0
0,0.09581150114536285,0
0,0.09581150114536285,0
0,0.09581150114536285,0
0,0.09581150114536285,0
0,0.09581150114536285,0
0,0.09581150114536285,0
0,0.09581150114536285,0
0,0.09581150114536285,0
0,0.09581150114536285,0
0,0.09581150114536285,0
0,0.09581150114536285,0
0,0.09581150114536285,0
0,0.09581150114536285,0
0,0.09581150114536285,0
0,0.09581150114536285,0
0,0.09581150114536285,0
0,0.09581150114536285,0
0,0.09581150114536285,0
0,0.09581150114536285,0
0,0.09581150114536285,0
0,0.09581150114536285,0
0,0.09581150114536285,0
0,0.09581150114536285,0
0,0.09581150114536285,0
0,0.09581150114536285,0
0,0.09581150114536285,0
0,0.09581150114536285,0
0,0.09581150114536285,0
0,0.09581150114536285,0
0,0.09581150114536285,0
0,0.09581150114536285,0
0,0.09581150114536285,0
0,0.09581150114536285,0
0,0.09581150114536285,0
0,0.09581150114536285,0
0,0.09581150114536285,0
0,0.09581150114536285,0
0,0.09581150114536285,0
0,0.09581150114536285,0
0,0.09581150114536285,0
0,0.09581150114536285,0
0,0.09581150114536285,0
0,0.09581150114536285,0
0,0.09581150114536285,0
0,0.09581150114536285,0
0,0.09581150114536285,0
0,0.09581150114536285,0
0,0.09581150114536285,0
0,0.09581150114536285,0
0,0.09581150114536285,0
0,0.09581150114536285,0
0,0.09581150114536285,0
0,0.09581150114536285,0
0,0.09581150114536285,0
0,0.09581150114536285,0
0,0.09581150114536285,0
0,0.09581150114536285,0
0,0.09581150114536285,0
0,0.09581150114536285,0
0,0.09581150114536285,0
0,0.09581150114536285,0
0,0.09581150114536285,0
0,0.09581150114536285,0
0,0.09581150114536285,0
0,0.09581150114536285,0
0,0.09581150114536285,0
0,0.09581150114536285,0
0,0.09581150114536285,0
0,0.09581150114536285,0
0,0.09581150114536285,0
0,0.09581150114536285,0
0,0.09581150114536285,0
0,0.09581150114536285,0
0,0.09581150114536285,0
0,0.09581150114536285,0
0,0.09581150114536285,0
0,0.09581150114536285,0
0,0.09581150114536285,0
0,0.09581150114536285,0
0,0.09581150114536285,0
0,0.09581150114536285,0
0,0.09581150114536285,0
0,0.09581150114536285,0
0,0.09581150114536285,0
0,0.09581150114536285,0
0,0.09581150114536285,0
0,0.09581150114536285,0
0,0.09581150114536285,0
0,0.09581150114536285,0
0,0.09581150114536285,0
0,0.09581150114536285,0
0,0.09581150114536285,0
0,0.09581150114536285,0
0,0.09581150114536285,0
0,0.09581150114536285,0
0,0.09581150114536285,0
0,0.09581150114536285,0
0,0.09581150114536285,0
0,0.09581150114536285,0
0,0.09581150114536285,0
0,0.09581150114536285,0
0,0.09581150114536285,0
0,0.09581150114536285,0
0,0.09581150114536285,0
0,0.09581150114536285,0
0,0.09581150114536285,0
0,0.09581150114536285,0
0,0.09581150114536285,0
0,0.09581150114536285,0
0,0.09581150114536285,0
0,0.09581150114536285,0
0,0.09581150114536285,0
0,0.09581150114536285,0
0,0.09581150114536285,0
0,0.09581150114536285,0
0,0.09581150114536285,0
0,0.09581150114536285,0
0,0.09581150114536285,0
0,0.09581150114536285,0
0,0.09581150114536285,0
0,0.09581150114536285,0
0,0.09581150114536285,0
0,0.09581150114536285,0
0,0.09581150114536285,0
0,0.09581150114536285,0
0,0.09581150114536285,0
0,0.09581150114536285,0
0,0.09581150114536285,0
0,0.09581150114536285,0
0,0.09581150114536285,0
0,0.09581150114536285,0
0,0.09581150114536285,0
0,0.09581150114536285,0
0,0.09581150114536285,0
0,0.09581150114536285,0
0,0.09581150114536285,0
0,0.09581150114536285,0
0,0.09581150114536285,0
0,0.09581150114536285,0
0,0.09581150114536285,0
0,0.09581150114536285,0
0,0.09581150114536285,0
0,0.09581150114536285,0
0,0.09581150114536285,0
0,0.09581150114536285,0
0,0.09581150114536285,0
0,0.09581150114536285,0
0,0.09581150114536285,0
0,0.09581150114536285,0
0,0.09581150114536285,0
0,0.09581150114536285,0
0,0.09581150114536285,0
0,0.09581150114536285,0
0,0.09581150114536285,0
0,0.09581150114536285,0
0,0.09581150114536285,0
0,0.09581150114536285,0
0,0.09581150114536285,0
0,0.09581150114536285,0
0,0.09581150114536285,0
0,0.09581150114536285,0
0,0.09581150114536285,0
0,0.09581150114536285,0
0,0.09581150114536285,0
0,0.09581150114536285,0
0,0.09581150114536285,0
0,0.09581150114536285,0
0,0.09581150114536285,0
0,0.09581150114536285,0
0,0.09581150114536285,0
0,0.09581150114536285,0
0,0.09581150114536285,0
0,0.09581150114536285,0
0,0.09581150114536285,0
0,0.09581150114536285,0
0,0.09581150114536285,0
0,0.09581150114536285,0
0,0.09581150114536285,0
0,0.09581150114536285,0
0,0.09581150114536285,0
0,0.09581150114536285,0
0,0.09581150114536285,0
0,0.09581150114536285,0
0,0.09581150114536285,0
0,0.09581150114536285,0
0,0.09581150114536285,0
0,0.09581150114536285,0
0,0.09581150114536285,0
0,0.09581150114536285,0
0,0.09581150114536285,0
0,0.09581150114536285,0
0,0.09581150114536285,0
0,0.09581150114536285,0
0,0.09581150114536285,0
0,0.09581150114536285,0
0,0.09581150114536285,0
0,0.09581150114536285,0
0,0.09581150114536285,0
0,0.09581150114536285,0
0,0.09581150114536285,0
0,0.09581150114536285,0
0,0.09581150114536285,0
0,0.09581150114536285,0
0,0.09581150114536285,0
0,0.09581150114536285,0
0,0.09581150114536285,0
0,0.09581150114536285,0
0,0.09581150114536285,0
0,0.09581150114536285,0
0,0.09581150114536285,0
0,0.09581150114536285,0
0,0.09581150114536285,0
0,0.09581150114536285,0
0,0.09581150114536285,0
0,0.09581150114536285,0
0,0.09581150114536285,0
0,0.09581150114536285,0
0,0.09581150114536285,0
0,0.09581150114536285,0
0,0.09581150114536285,0
0,0.09581150114536285,0
0,0.09581150114536285,0
0,0.09581150114536285,0
0,0.09581150114536285,0
0,0.09581150114536285,0
0,0.09581150114536285,0
0,0.09581150114536285,0
0,0.09581150114536285,0
0,0.09581150114536285,0
0,0.09581150114536285,0
0,0.09581150114536285,0
0,0.09581150114536285,0
0,0.09581150114536285,0
0,0.09581150114536285,0
0,0.09581150114536285,0
0,0.09581150114536285,0
0,0.09581150114536285,0
0,0.09581150114536285,0
0,0.09581150114536285,0
0,0.09581150114536285,0
0,0.09581150114536285,0
0,0.09581150114536285,0
0,0.09581150114536285,0
0,0.09581150114536285,0
0,0.09581150114536285,0
0,0.09581150114536285,0
0,0.09581150114536285,0
0,0.09581150114536285,0
0,0.09581150114536285,0
0,0.09581150114536285,0
0,0.09581150114536285,0
0,0.09581150114536285,0
0,0.09581150114536285,0
0,0.09581150114536285,0
0,0.09581150114536285,0
0,0.09581150114536285,0
0,0.09581150114536285,0
0,0.09581150114536285,0
0,0.09581150114536285,0
0,0.09581150114536285,0
0,0.09581150114536285,0
0,0.09581150114536285,0
0,0.09581150114536285,0
0,0.09581150114536285,0
0,0.09581150114536285,0
0,0.09581150114536285,0
0,0.09581150114536285,0
0,0.09581150114536285,0
0,0.09581150114536285,0
0,0.09581150114536285,0
0,0.09581150114536285,0
0,0.09581150114536285,0
0,0.09581150114536285,0
0,0.09581150114536285,0
0,0.09581150114536285,0
0,0.09581150114536285,0
0,0.09581150114536285,0
0,0.09581150114536285,0
0,0.09581150114536285,0
0,0.09581150114536285,0
0,0.09581150114536285,0
0,0.09581150114536285,0
0,0.09581150114536285,0
0,0.09581150114536285,0
0,0.09581150114536285,0
0,0.09581150114536285,0
0,0.09581150114536285,0
0,0.09581150114536285,0
0,0.09581150114536285,0
0,0.09581150114536285,0
0,0.09581150114536285,0
0,0.09581150114536285,0
0,0.09581150114536285,0
0,0.09581150114536285,0
0,0.09581150114536285,0
0,0.09581150114536285,0
0,0.09581150114536285,0
0,0.09581150114536285,0
0,0.09581150114536285,0
0,0.09581150114536285,0
0,0.09581150114536285,0
0,0.09581150114536285,0
0,0.09581150114536285,0
0,0.09581150114536285,0
0,0.09581150114536285,0
0,0.09581150114536285,0
0,0.09581150114536285,0
0,0.09581150114536285,0
0,0.09581150114536285,0
0,0.09581150114536285,0
0,0.09581150114536285,0
0,0.09581150114536285,0
0,0.09581150114536285,0
0,0.09581150114536285,0
0,0.09581150114536285,0
0,0.09581150114536285,0
0,0.09581150114536285,0
0,0.09581150114536285,0
0,0.09581150114536285,0
0,0.09581150114536285,0
0,0.09581150114536285,0
0,0.09581150114536285,0
0,0.09581150114536285,0
0,0.09581150114536285,0
0,0.09581150114536285,0
0,0.09581150114536285,0
0,0.09581150114536285,0
0,0.09581150114536285,0
0,0.09581150114536285,0
0,0.09581150114536285,0
0,0.09581150114536285,0
0,0.09581150114536285,0
0,0.09581150114536285,0
0,0.09581150114536285,0
0,0.09581150114536285,0
0,0.09581150114536285,0
0,0.09581150114536285,0
0,0.09581150114536285,0
0,0.09581150114536285,0
0,0.09581150114536285,0
0,0.09581150114536285,0
0,0.09581150114536285,0
0,0.09581150114536285,0
0,0.09581150114536285,0
0,0.09581150114536285,0
0,0.09581150114536285,0
0,0.09581150114536285,0
0,0.09581150114536285,0
0,0.09581150114536285,0
0,0.09581150114536285,0
0,0.09581150114536285,0
0,0.09581150114536285,0
0,0.09581150114536285,0
0,0.09581150114536285,0
0,0.09581150114536285,0
0,0.09581150114536285,0
0,0.09581150114536285,0
0,0.09581150114536285,0
0,0.09581150114536285,0
0,0.09581150114536285,0
0,0.09581150114536285,0
0,0.09581150114536285,0
0,0.09581150114536285,0
0,0.09581150114536285,0
0,0.09581150114536285,0
0,0.09581150114536285,0
0,0.09581150114536285,0
0,0.09581150114536285,0
0,0.09581150114536285,0
0,0.09581150114536285,0
0,0.09581150114536285,0
0,0.09581150114536285,0
0,0.09581150114536285,0
0,0.09581150114536285,0
0,0.09581150114536285,0
0,0.09581150114536285,0
0,0.09581150114536285,0
0,0.09581150114536285,0
0,0.09581150114536285,0
0,0.09581150114536285,0
0,0.09581150114536285,0
0,0.09581150114536285,0
0,0.09581150114536285,0
0,0.09581150114536285,0
0,0.09581150114536285,0
0,0.09581150114536285,0
0,0.09581150114536285,0
0,0.09581150114536285,0
0,0.09581150114536285,0
0,0.09581150114536285,0
0,0.09581150114536285,0
0,0.09581150114536285,0
0,0.09581150114536285,0
0,0.09581150114536285,0
0,0.09581150114536285,0
0,0.09581150114536285,0
0,0.09581150114536285,0
0,0.09581150114536285,0
0,0.09581150114536285,0
0,0.09581150114536285,0
0,0.09581150114536285,0
0,0.09581150114536285,0
0,0.09581150114536285,0
0,0.09581150114536285,0
0,0.09581150114536285,0
0,0.09581150114536285,0
0,0.09581150114536285,0
0,0.09581150114536285,0
0,0.09581150114536285,0
0,0.09581150114536285,0
0,0.09581150114536285,0
0,0.09581150114536285,0
0,0.09581150114536285,0
0,0.09581150114536285,0
0,0.09581150114536285,0
0,0.09581150114536285,0
0,0.09581150114536285,0
0,0.09581150114536285,0
0,0.09581150114536285,0
0,0.09581150114536285,0
0,0.09581150114536285,0
0,0.09581150114536285,0
0,0.09581150114536285,0
0,0.09581150114536285,0
0,0.09581150114536285,0
0,0.09581150114536285,0
0,0.09581150114536285,0
0,0.09581150114536285,0
0,0.09581150114536285,0
0,0.09581150114536285,0
0,0.09581150114536285,0
0,0.09581150114536285,0
0,0.09581150114536285,0
0,0.09581150114536285,0
0,0.09581150114536285,0
0,0.09581150114536285,0
0,0.09581150114536285,0
0,0.09581150114536285,0
0,0.09581150114536285,0
0,0.09581150114536285,0
0,0.09581150114536285,0
0,0.09581150114536285,0
0,0.09581150114536285,0
0,0.09581150114536285,0
0,0.09581150114536285,0
0,0.09581150114536285,0
0,0.09581150114536285,0
0,0.09581150114536285,0
0,0.09581150114536285,0
0,0.09581150114536285,0
0,0.09581150114536285,0
0,0.09581150114536285,0
0,0.09581150114536285,0
0,0.09581150114536285,0
0,0.09581150114536285,0
0,0.09581150114536285,0
0,0.09581150114536285,0
0,0.09581150114536285,0
0,0.09581150114536285,0
0,0.09581150114536285,0
0,0.09581150114536285,0
0,0.09581150114536285,0
0,0.09581150114536285,0
0,0.09581150114536285,0
0,0.09581150114536285,0
0,0.09581150114536285,0
0,0.09581150114536285,0
0,0.09581150114536285,0
0,0.09581150114536285,0
0,0.09581150114536285,0
0,0.09581150114536285,0
0,0.09581150114536285,0
0,0.09581150114536285,0
0,0.09581150114536285,0
0,0.09581150114536285,0
0,0.09581150114536285,0
0,0.09581150114536285,0
0,0.09581150114536285,0
0,0.09581150114536285,0
0,0.09581150114536285,0
0,0.09581150114536285,0
0,0.09581150114536285,0
0,0.09581150114536285,0
0,0.09581150114536285,0
0,0.09581150114536285,0
0,0.09581150114536285,0
0,0.09581150114536285,0
0,0.09581150114536285,0
0,0.09581150114536285,0
0,0.09581150114536285,0
0,0.09581150114536285,0
0,0.09581150114536285,0
0,0.09581150114536285,0
0,0.09581150114536285,0
0,0.09581150114536285,0
0,0.09581150114536285,0
0,0.09581150114536285,0
0,0.09581150114536285,0
0,0.09581150114536285,0
0,0.09581150114536285,0
0,0.09581150114536285,0
0,0.09581150114536285,0
0,0.09581150114536285,0
0,0.09581150114536285,0
0,0.09581150114536285,0
0,0.09581150114536285,0
0,0.09581150114536285,0
0,0.09581150114536285,0
0,0.09581150114536285,0
0,0.09581150114536285,0
0,0.09581150114536285,0
0,0.09581150114536285,0
0,0.09581150114536285,0
0,0.09581150114536285,0
0,0.09581150114536285,0
0,0.09581150114536285,0
0,0.09581150114536285,0
0,0.09581150114536285,0
0,0.09581150114536285,0
0,0.09581150114536285,0
0,0.09581150114536285,0
0,0.09581150114536285,0
0,0.09581150114536285,0
0,0.09581150114536285,0
0,0.09581150114536285,0
0,0.09581150114536285,0
0,0.09581150114536285,0
0,0.09581150114536285,0
0,0.09581150114536285,0
0,0.09581150114536285,0
0,0.09581150114536285,0
0,0.09581150114536285,0
0,0.09581150114536285,0
0,0.09581150114536285,0
0,0.09581150114536285,0
0,0.09581150114536285,0
0,0.09581150114536285,0
0,0.09581150114536285,0
0,0.09581150114536285,0
0,0.09581150114536285,0
0,0.09581150114536285,0
0,0.09581150114536285,0
0,0.09581150114536285,0
0,0.09581150114536285,0
0,0.09581150114536285,0
0,0.09581150114536285,0
0,0.09581150114536285,0
0,0.09581150114536285,0
0,0.09581150114536285,0
0,0.09581150114536285,0
0,0.09581150114536285,0
0,0.09581150114536285,0
0,0.09581150114536285,0
0,0.09581150114536285,0
0,0.09581150114536285,0
0,0.09581150114536285,0
0,0.09581150114536285,0
0,0.09581150114536285,0
0,0.09581150114536285,0
0,0.09581150114536285,0
0,0.09581150114536285,0
0,0.09581150114536285,0
0,0.09581150114536285,0
0,0.09581150114536285,0
0,0.09581150114536285,0
0,0.09581150114536285,0
0,0.09581150114536285,0
0,0.09581150114536285,0
0,0.09581150114536285,0
0,0.09581150114536285,0
0,0.09581150114536285,0
0,0.09581150114536285,0
0,0.09581150114536285,0
0,0.09581150114536285,0
0,0.09581150114536285,0
0,0.09581150114536285,0
0,0.09581150114536285,0
0,0.09581150114536285,0
0,0.09581150114536285,0
0,0.09581150114536285,0
0,0.09581150114536285,0
0,0.09581150114536285,0
0,0.09581150114536285,0
0,0.09581150114536285,0
0,0.09581150114536285,0
0,0.09581150114536285,0
0,0.09581150114536285,0
0,0.09581150114536285,0
0,0.09581150114536285,0
0,0.09581150114536285,0
0,0.09581150114536285,0
0,0.09581150114536285,0
0,0.09581150114536285,0
0,0.09581150114536285,0
0,0.09581150114536285,0
0,0.09581150114536285,0
0,0.09581150114536285,0
0,0.09581150114536285,0
0,0.09581150114536285,0
0,0.09581150114536285,0
0,0.09581150114536285,0
0,0.09581150114536285,0
0,0.09581150114536285,0
0,0.09581150114536285,0
0,0.09581150114536285,0
0,0.09581150114536285,0
0,0.09581150114536285,0
0,0.09581150114536285,0
0,0.09581150114536285,0
0,0.09581150114536285,0
0,0.09581150114536285,0
0,0.09581150114536285,0
0,0.09581150114536285,0
0,0.09581150114536285,0
0,0.09581150114536285,0
0,0.09581150114536285,0
0,0.09581150114536285,0
0,0.09581150114536285,0
0,0.09581150114536285,0
0,0.09581150114536285,0
0,0.09581150114536285,0
0,0.09581150114536285,0
0,0.09581150114536285,0
0,0.09581150114536285,0
0,0.09581150114536285,0
0,0.09581150114536285,0
0,0.09581150114536285,0
0,0.09581150114536285,0
0,0.09581150114536285,0
0,0.09581150114536285,0
0,0.09581150114536285,0
0,0.09581150114536285,0
0,0.09581150114536285,0
0,0.09581150114536285,0
0,0.09581150114536285,0
0,0.09581150114536285,0
0,0.09581150114536285,0
0,0.09581150114536285,0
0,0.09581150114536285,0
0,0.09581150114536285,0
0,0.09581150114536285,0
0,0.09581150114536285,0
0,0.09581150114536285,0
0,0.09581150114536285,0
0,0.09581150114536285,0
0,0.09581150114536285,0
0,0.09581150114536285,0
0,0.09581150114536285,0
0,0.09581150114536285,0
0,0.09581150114536285,0
0,0.09581150114536285,0
0,0.09581150114536285,0
0,0.09581150114536285,0
0,0.09581150114536285,0
0,0.09581150114536285,0
0,0.09581150114536285,0
0,0.09581150114536285,0
0,0.09581150114536285,0
0,0.09581150114536285,0
0,0.09581150114536285,0
0,0.09581150114536285,0
0,0.09581150114536285,0
0,0.09581150114536285,0
0,0.09581150114536285,0
0,0.09581150114536285,0
0,0.09581150114536285,0
0,0.09581150114536285,0
0,0.09581150114536285,0
0,0.09581150114536285,0
0,0.09581150114536285,0
0,0.09581150114536285,0
0,0.09581150114536285,0
0,0.09581150114536285,0
0,0.09581150114536285,0
0,0.09581150114536285,0
0,0.09581150114536285,0
0,0.09581150114536285,0
0,0.09581150114536285,0
0,0.09581150114536285,0
0,0.09581150114536285,0
0,0.09581150114536285,0
0,0.09581150114536285,0
0,0.09581150114536285,0
0,0.09581150114536285,0
0,0.09581150114536285,0
0,0.09581150114536285,0
0,0.09581150114536285,0
0,0.09581150114536285,0
0,0.09581150114536285,0
0,0.09581150114536285,0
0,0.09581150114536285,0
0,0.09581150114536285,0
0,0.09581150114536285,0
0,0.09581150114536285,0
0,0.09581150114536285,0
0,0.09581150114536285,0
0,0.09581150114536285,0
0,0.09581150114536285,0
0,0.09581150114536285,0
0,0.09581150114536285,0
0,0.09581150114536285,0
0,0.09581150114536285,0
0,0.09581150114536285,0
0,0.09581150114536285,0
0,0.09581150114536285,0
0,0.09581150114536285,0
0,0.09581150114536285,0
0,0.09581150114536285,0
0,0.09581150114536285,0
0,0.09581150114536285,0
0,0.09581150114536285,0
0,0.09581150114536285,0
0,0.09581150114536285,0
0,0.09581150114536285,0
0,0.09581150114536285,0
0,0.09581150114536285,0
0,0.09581150114536285,0
0,0.09581150114536285,0
0,0.09581150114536285,0
0,0.09581150114536285,0
0,0.09581150114536285,0
0,0.09581150114536285,0
0,0.09581150114536285,0
0,0.09581150114536285,0
0,0.09581150114536285,0
0,0.09581150114536285,0
0,0.09581150114536285,0
0,0.09581150114536285,0
0,0.09581150114536285,0
0,0.09581150114536285,0
0,0.09581150114536285,0
0,0.09581150114536285,0
0,0.09581150114536285,0
0,0.09581150114536285,0
0,0.09581150114536285,0
0,0.09581150114536285,0
0,0.09581150114536285,0
0,0.09581150114536285,0
0,0.09581150114536285,0
0,0.09581150114536285,0
0,0.09581150114536285,0
0,0.09581150114536285,0
0,0.09581150114536285,0
0,0.09581150114536285,0
0,0.09581150114536285,0
0,0.09581150114536285,0
0,0.09581150114536285,0
0,0.09581150114536285,0
0,0.09581150114536285,0
0,0.09581150114536285,0
0,0.09581150114536285,0
0,0.09581150114536285,0
0,0.09581150114536285,0
0,0.09581150114536285,0
0,0.09581150114536285,0
0,0.09581150114536285,0
0,0.09581150114536285,0
0,0.09581150114536285,0
0,0.09581150114536285,0
0,0.09581150114536285,0
0,0.09581150114536285,0
0,0.09581150114536285,0
0,0.09581150114536285,0
0,0.09581150114536285,0
0,0.09581150114536285,0
0,0.09581150114536285,0
0,0.09581150114536285,0
0,0.09581150114536285,0
0,0.09581150114536285,0
0,0.09581150114536285,0
0,0.09581150114536285,0
0,0.09581150114536285,0
0,0.09581150114536285,0
0,0.09581150114536285,0
0,0.09581150114536285,0
0,0.09581150114536285,0
0,0.09581150114536285,0
0,0.09581150114536285,0
0,0.09581150114536285,0
0,0.09581150114536285,0
0,0.09581150114536285,0
0,0.09581150114536285,0
0,0.09581150114536285,0
0,0.09581150114536285,0
0,0.09581150114536285,0
0,0.09581150114536285,0
0,0.09581150114536285,0
0,0.09581150114536285,0
0,0.09581150114536285,0
0,0.09581150114536285,0
0,0.09581150114536285,0
0,0.09581150114536285,0
0,0.09581150114536285,0
0,0.09581150114536285,0
0,0.09581150114536285,0
0,0.09581150114536285,0
0,0.09581150114536285,0
0,0.09581150114536285,0
0,0.09581150114536285,0
0,0.09581150114536285,0
0,0.09581150114536285,0
0,0.09581150114536285,0
0,0.09581150114536285,0
0,0.09581150114536285,0
0,0.09581150114536285,0
0,0.09581150114536285,0
0,0.09581150114536285,0
0,0.09581150114536285,0
0,0.09581150114536285,0
0,0.09581150114536285,0
0,0.09581150114536285,0
0,0.09581150114536285,0
0,0.09581150114536285,0
0,0.09581150114536285,0
0,0.09581150114536285,0
0,0.09581150114536285,0
0,0.09581150114536285,0
0,0.09581150114536285,0
0,0.09581150114536285,0
0,0.09581150114536285,0
0,0.09581150114536285,0
0,0.09581150114536285,0
0,0.09581150114536285,0
0,0.09581150114536285,0
0,0.09581150114536285,0
0,0.09581150114536285,0
0,0.09581150114536285,0
0,0.09581150114536285,0
0,0.09581150114536285,0
0,0.09581150114536285,0
0,0.09581150114536285,0
0,0.09581150114536285,0
0,0.09581150114536285,0
0,0.09581150114536285,0
0,0.09581150114536285,0
0,0.09581150114536285,0
0,0.09581150114536285,0
0,0.09581150114536285,0
0,0.09581150114536285,0
0,0.09581150114536285,0
0,0.09581150114536285,0
0,0.09581150114536285,0
0,0.09581150114536285,0
0,0.09581150114536285,0
0,0.09581150114536285,0
0,0.09581150114536285,0
0,0.09581150114536285,0
0,0.09581150114536285,0
0,0.09581150114536285,0
0,0.09581150114536285,0
0,0.09581150114536285,0
0,0.09581150114536285,0
0,0.09581150114536285,0
0,0.09581150114536285,0
0,0.09581150114536285,0
0,0.09581150114536285,0
0,0.09581150114536285,0
0,0.09581150114536285,0
0,0.09581150114536285,0
0,0.09581150114536285,0
0,0.09581150114536285,0
0,0.09581150114536285,0
0,0.09581150114536285,0
0,0.09581150114536285,0
0,0.09581150114536285,0
0,0.09581150114536285,0
0,0.09581150114536285,0
0,0.09581150114536285,0
0,0.09581150114536285,0
0,0.09581150114536285,0
0,0.09581150114536285,0
0,0.09581150114536285,0
0,0.09581150114536285,0
0,0.09581150114536285,0
0,0.09581150114536285,0
0,0.09581150114536285,0
0,0.09581150114536285,0
0,0.09581150114536285,0
0,0.09581150114536285,0
0,0.09581150114536285,0
0,0.09581150114536285,0
0,0.09581150114536285,0
0,0.09581150114536285,0
0,0.09581150114536285,0
0,0.09581150114536285,0
0,0.09581150114536285,0
0,0.09581150114536285,0
0,0.09581150114536285,0
0,0.09581150114536285,0
0,0.09581150114536285,0
0,0.09581150114536285,0
0,0.09581150114536285,0
0,0.09581150114536285,0
0,0.09581150114536285,0
0,0.09581150114536285,0
0,0.09581150114536285,0
0,0.09581150114536285,0
0,0.09581150114536285,0
0,0.09581150114536285,0
0,0.09581150114536285,0
0,0.09581150114536285,0
0,0.09581150114536285,0
0,0.09581150114536285,0
0,0.09581150114536285,0
0,0.09581150114536285,0
0,0.09581150114536285,0
0,0.09581150114536285,0
0,0.09581150114536285,0
0,0.09581150114536285,0
0,0.09581150114536285,0
0,0.09581150114536285,0
0,0.09581150114536285,0
0,0.09581150114536285,0
0,0.09581150114536285,0
0,0.09581150114536285,0
0,0.09581150114536285,0
0,0.09581150114536285,0
0,0.09581150114536285,0
0,0.09581150114536285,0
0,0.09581150114536285,0
0,0.09581150114536285,0
0,0.09581150114536285,0
0,0.09581150114536285,0
0,0.09581150114536285,0
0,0.09581150114536285,0
0,0.09581150114536285,0
0,0.09581150114536285,0
0,0.09581150114536285,0
0,0.09581150114536285,0
0,0.09581150114536285,0
0,0.09581150114536285,0
0,0.09581150114536285,0
0,0.09581150114536285,0
0,0.09581150114536285,0
0,0.09581150114536285,0
0,0.09581150114536285,0
0,0.09581150114536285,0
0,0.09581150114536285,0
0,0.09581150114536285,0
0,0.09581150114536285,0
0,0.09581150114536285,0
0,0.09581150114536285,0
0,0.09581150114536285,0
0,0.09581150114536285,0
0,0.09581150114536285,0
0,0.09581150114536285,0
0,0.09581150114536285,0
0,0.09581150114536285,0
0,0.09581150114536285,0
0,0.09581150114536285,0
0,0.09581150114536285,0
0,0.09581150114536285,0
0,0.09581150114536285,0
0,0.09581150114536285,0
0,0.09581150114536285,0
0,0.09581150114536285,0
0,0.09581150114536285,0
0,0.09581150114536285,0
0,0.09581150114536285,0
0,0.09581150114536285,0
0,0.09581150114536285,0
0,0.09581150114536285,0
0,0.09581150114536285,0
0,0.09581150114536285,0
0,0.09581150114536285,0
0,0.09581150114536285,0
0,0.09581150114536285,0
0,0.09581150114536285,0
0,0.09581150114536285,0
0,0.09581150114536285,0
0,0.09581150114536285,0
0,0.09581150114536285,0
0,0.09581150114536285,0
0,0.09581150114536285,0
0,0.09581150114536285,0
0,0.09581150114536285,0
0,0.09581150114536285,0
0,0.09581150114536285,0
0,0.09581150114536285,0
0,0.09581150114536285,0
0,0.09581150114536285,0
0,0.09581150114536285,0
0,0.09581150114536285,0
0,0.09581150114536285,0
0,0.09581150114536285,0
0,0.09581150114536285,0
0,0.09581150114536285,0
0,0.09581150114536285,0
0,0.09581150114536285,0
0,0.09581150114536285,0
0,0.09581150114536285,0
0,0.09581150114536285,0
0,0.09581150114536285,0
0,0.09581150114536285,0
0,0.09581150114536285,0
0,0.09581150114536285,0
0,0.09581150114536285,0
0,0.09581150114536285,0
0,0.09581150114536285,0
0,0.09581150114536285,0
0,0.09581150114536285,0
0,0.09581150114536285,0
0,0.09581150114536285,0
0,0.09581150114536285,0
0,0.09581150114536285,0
0,0.09581150114536285,0
0,0.09581150114536285,0
0,0.09581150114536285,0
0,0.09581150114536285,0
0,0.09581150114536285,0
0,0.09581150114536285,0
0,0.09581150114536285,0
0,0.09581150114536285,0
0,0.09581150114536285,0
0,0.09581150114536285,0
0,0.09581150114536285,0
0,0.09581150114536285,0
0,0.09581150114536285,0
0,0.09581150114536285,0
0,0.09581150114536285,0
0,0.09581150114536285,0
0,0.09581150114536285,0
0,0.09581150114536285,0
0,0.09581150114536285,0
0,0.09581150114536285,0
0,0.09581150114536285,0
0,0.09581150114536285,0
0,0.09581150114536285,0
0,0.09581150114536285,0
0,0.09581150114536285,0
0,0.09581150114536285,0
0,0.09581150114536285,0
0,0.09581150114536285,0
0,0.09581150114536285,0
0,0.09581150114536285,0
0,0.09581150114536285,0
0,0.09581150114536285,0
0,0.09581150114536285,0
0,0.09581150114536285,0
0,0.09581150114536285,0
0,0.09581150114536285,0
0,0.09581150114536285,0
0,0.09581150114536285,0
0,0.09581150114536285,0
0,0.09581150114536285,0
0,0.09581150114536285,0
0,0.09581150114536285,0
0,0.09581150114536285,0
0,0.09581150114536285,0
0,0.09581150114536285,0
0,0.09581150114536285,0
0,0.09581150114536285,0
0,0.09581150114536285,0
0,0.09581150114536285,0
0,0.09581150114536285,0
0,0.09581150114536285,0
0,0.09581150114536285,0
0,0.09581150114536285,0
0,0.09581150114536285,0
0,0.09581150114536285,0
0,0.09581150114536285,0
0,0.09581150114536285,0
0,0.09581150114536285,0
0,0.09581150114536285,0
0,0.09581150114536285,0
0,0.09581150114536285,0
0,0.09581150114536285,0
0,0.09581150114536285,0
0,0.09581150114536285,0
0,0.09581150114536285,0
0,0.09581150114536285,0
0,0.09581150114536285,0
0,0.09581150114536285,0
0,0.09581150114536285,0
0,0.09581150114536285,0
0,0.09581150114536285,0
0,0.09581150114536285,0
0,0.09581150114536285,0
0,0.09581150114536285,0
0,0.09581150114536285,0
0,0.09581150114536285,0
0,0.09581150114536285,0
1,0.09581150114536285,0
0,0.8923224210739136,0
0,0.8895574808120728,0
0,0.883767306804657,0
0,0.8632813096046448,0
0,0.8468464016914368,0
0,0.8307079672813416,0
0,0.8125883340835571,0
0,0.7851958274841309,0
0,0.7540867328643799,0
0,0.7434166669845581,0
0,0.7469439506530762,0
0,0.7541808485984802,0
0,0.7545438408851624,0
0,0.7282616496086121,0
0,0.09581150114536285,0
0,0.09581150114536285,0
0,0.09581150114536285,0
0,0.09581150114536285,0
0,0.09581150114536285,0
0,0.09581150114536285,0
0,0.09581150114536285,0
0,0.09581150114536285,0
0,0.09581150114536285,0
0,0.09581150114536285,0
0,0.09581150114536285,0
0,0.09581150114536285,0
0,0.09581150114536285,0
0,0.09581150114536285,0
0,0.09581150114536285,0
0,0.09581150114536285,0
0,0.09581150114536285,0
0,0.09581150114536285,0
0,0.09581150114536285,0
0,0.09581150114536285,0
0,0.09581150114536285,0
0,0.09581150114536285,0
0,0.09581150114536285,0
0,0.09581150114536285,0
0,0.09581150114536285,0
0,0.09581150114536285,0
0,0.09581150114536285,0
1,0.09581150114536285,0
0,0.8923224210739136,0
1,0.8895574808120728,0
0,0.9679621458053589,0
0,0.9591277241706848,0
0,0.9501752853393555,0
0,0.9300230741500854,0
0,0.923794686794281,0
0,0.919137716293335,0
0,0.9102983474731445,0
0,0.8973365426063538,0
0,0.8864048719406128,0
0,0.8842114806175232,0
0,0.8865744471549988,0
0,0.8728995323181152,0
0,0.8344225287437439,0
0,0.78655606508255,0
0,0.7622362971305847,0
0,0.7780576348304749,0
0,0.8000957369804382,0
0,0.8344822525978088,0
0,0.8423783183097839,0
0,0.8149702548980713,0
1,0.7635489702224731,0
0,0.8917679786682129,0
0,0.9194114208221436,0
0,0.934687614440918,0
0,0.9304291605949402,0
0,0.9297655820846558,0
0,0.9299529194831848,0
0,0.9294899702072144,0
0,0.9317482709884644,0
0,0.8641847968101501,0
0,0.8900101184844971,0
0,0.7469439506530762,0
0,0.7541808485984802,0
0,0.7545438408851624,0
0,0.7282616496086121,0
0,0.6804725527763367,0
0,0.6562877893447876,0
0,0.6852715611457825,0
0,0.7351422905921936,0
0,0.7442667484283447,0
0,0.7101284265518188,0
0,0.6404545903205872,0
0,0.5794359445571899,0
0,0.5981054902076721,0
0,0.6770144104957581,0
0,0.7196396589279175,0
0,0.7175034880638123,0
0,0.6955389380455017,0
0,0.670813798904419,0
0,0.6545332670211792,0
0,0.6471360921859741,0
0,0.5066333413124084,0
0,0.09581150114536285,0
0,0.09581150114536285,0
0,0.09581150114536285,0
0,0.09581150114536285,0
0,0.09581150114536285,0
0,0.09581150114536285,0
0,0.09581150114536285,0
0,0.09581150114536285,0
0,0.09581150114536285,0
0,0.09581150114536285,0
0,0.09581150114536285,0
0,0.09581150114536285,0
0,0.09581150114536285,0
0,0.09581150114536285,0
0,0.09581150114536285,0
0,0.09581150114536285,0
0,0.09581150114536285,0
0,0.09581150114536285,0
0,0.09581150114536285,0
0,0.09581150114536285,0
0,0.09581150114536285,0
0,0.09581150114536285,0
0,0.09581150114536285,0
0,0.09581150114536285,0
0,0.09581150114536285,0
0,0.09581150114536285,0
0,0.09581150114536285,0
0,0.09581150114536285,0
0,0.09581150114536285,0
0,0.09581150114536285,0
0,0.09581150114536285,0
0,0.09581150114536285,0
0,0.09581150114536285,0
0,0.09581150114536285,0
0,0.09581150114536285,0
0,0.09581150114536285,0
0,0.09581150114536285,0
0,0.09581150114536285,0
0,0.09581150114536285,0
0,0.09581150114536285,0
0,0.09581150114536285,0
0,0.09581150114536285,0
0,0.09581150114536285,0
0,0.09581150114536285,0
0,0.09581150114536285,0
0,0.09581150114536285,0
0,0.09581150114536285,0
0,0.09581150114536285,0
0,0.09581150114536285,0
0,0.09581150114536285,0
0,0.09581150114536285,0
0,0.09581150114536285,0
0,0.09581150114536285,0
0,0.09581150114536285,0
0,0.09581150114536285,0
0,0.09581150114536285,0
0,0.09581150114536285,0
0,0.09581150114536285,0
0,0.09581150114536285,0
0,0.09581150114536285,0
0,0.09581150114536285,0
0,0.09581150114536285,0
0,0.09581150114536285,0
0,0.09581150114536285,0
0,0.09581150114536285,0
0,0.09581150114536285,0
0,0.09581150114536285,0
0,0.09581150114536285,0
0,0.09581150114536285,0
0,0.09581150114536285,0
0,0.09581150114536285,0
0,0.09581150114536285,0
0,0.09581150114536285,0
0,0.09581150114536285,0
0,0.09581150114536285,0
0,0.09581150114536285,0
0,0.09581150114536285,0
0,0.09581150114536285,0
0,0.09581150114536285,0
0,0.09581150114536285,0
0,0.09581150114536285,0
0,0.09581150114536285,0
0,0.09581150114536285,0
0,0.09581150114536285,0
0,0.09581150114536285,0
0,0.09581150114536285,0
0,0.09581150114536285,0
0,0.09581150114536285,0
0,0.09581150114536285,0
0,0.09581150114536285,0
0,0.09581150114536285,0
0,0.09581150114536285,0
0,0.09581150114536285,0
0,0.09581150114536285,0
0,0.09581150114536285,0
0,0.09581150114536285,0
0,0.09581150114536285,0
0,0.09581150114536285,0
0,0.09581150114536285,0
0,0.09581150114536285,0
0,0.09581150114536285,0
0,0.09581150114536285,0
0,0.09581150114536285,0
0,0.09581150114536285,0
0,0.09581150114536285,0
0,0.09581150114536285,0
0,0.09581150114536285,0
0,0.09581150114536285,0
0,0.09581150114536285,0
0,0.09581150114536285,0
0,0.09581150114536285,0
0,0.09581150114536285,0
0,0.09581150114536285,0
0,0.09581150114536285,0
0,0.09581150114536285,0
0,0.09581150114536285,0
0,0.09581150114536285,0
0,0.09581150114536285,0
0,0.09581150114536285,0
0,0.09581150114536285,0
0,0.09581150114536285,0
0,0.09581150114536285,0
0,0.09581150114536285,0
0,0.09581150114536285,0
0,0.09581150114536285,0
0,0.09581150114536285,0
0,0.09581150114536285,0
0,0.09581150114536285,0
0,0.09581150114536285,0
0,0.09581150114536285,0
0,0.09581150114536285,0
0,0.09581150114536285,0
0,0.09581150114536285,0
0,0.09581150114536285,0
0,0.09581150114536285,0
0,0.09581150114536285,0
0,0.09581150114536285,0
0,0.09581150114536285,0
0,0.09581150114536285,0
0,0.09581150114536285,0
0,0.09581150114536285,0
0,0.09581150114536285,0
0,0.09581150114536285,0
0,0.09581150114536285,0
0,0.09581150114536285,0
0,0.09581150114536285,0
0,0.09581150114536285,0
0,0.09581150114536285,0
0,0.09581150114536285,0
0,0.09581150114536285,0
0,0.09581150114536285,0
0,0.09581150114536285,0
0,0.09581150114536285,0
0,0.09581150114536285,0
0,0.09581150114536285,0
0,0.09581150114536285,0
0,0.09581150114536285,0
0,0.09581150114536285,0
0,0.09581150114536285,0
0,0.09581150114536285,0
0,0.09581150114536285,0
0,0.09581150114536285,0
0,0.09581150114536285,0
0,0.09581150114536285,0
0,0.09581150114536285,0
0,0.09581150114536285,0
0,0.09581150114536285,0
0,0.09581150114536285,0
0,0.09581150114536285,0
0,0.09581150114536285,0
0,0.09581150114536285,0
0,0.09581150114536285,0
0,0.09581150114536285,0
0,0.09581150114536285,0
0,0.09581150114536285,0
0,0.09581150114536285,0
0,0.09581150114536285,0
0,0.09581150114536285,0
0,0.09581150114536285,0
0,0.09581150114536285,0
0,0.09581150114536285,0
0,0.09581150114536285,0
0,0.09581150114536285,0
0,0.09581150114536285,0
0,0.09581150114536285,0
0,0.09581150114536285,0
0,0.09581150114536285,0
0,0.09581150114536285,0
0,0.09581150114536285,0
0,0.09581150114536285,0
0,0.09581150114536285,0
0,0.09581150114536285,0
0,0.09581150114536285,0
0,0.09581150114536285,0
0,0.09581150114536285,0
0,0.09581150114536285,0
0,0.09581150114536285,0
0,0.09581150114536285,0
0,0.09581150114536285,0
0,0.09581150114536285,0
0,0.09581150114536285,0
0,0.09581150114536285,0
0,0.09581150114536285,0
0,0.09581150114536285,0
0,0.09581150114536285,0
0,0.09581150114536285,0
0,0.09581150114536285,0
0,0.09581150114536285,0
0,0.09581150114536285,0
0,0.09581150114536285,0
0,0.09581150114536285,0
0,0.09581150114536285,0
0,0.09581150114536285,0
0,0.09581150114536285,0
0,0.09581150114536285,0
0,0.09581150114536285,0
0,0.09581150114536285,0
0,0.09581150114536285,0
0,0.09581150114536285,0
0,0.09581150114536285,0
0,0.09581150114536285,0
0,0.09581150114536285,0
0,0.09581150114536285,0
0,0.09581150114536285,0
0,0.09581150114536285,0
0,0.09581150114536285,0
0,0.09581150114536285,0
0,0.09581150114536285,0
0,0.09581150114536285,0
0,0.09581150114536285,0
0,0.09581150114536285,0
0,0.09581150114536285,0
0,0.09581150114536285,0
0,0.09581150114536285,0
0,0.09581150114536285,0
0,0.09581150114536285,0
0,0.09581150114536285,0
0,0.09581150114536285,0
0,0.09581150114536285,0
0,0.09581150114536285,0
0,0.09581150114536285,0
0,0.09581150114536285,0
0,0.09581150114536285,0
0,0.09581150114536285,0
0,0.09581150114536285,0
0,0.09581150114536285,0
0,0.09581150114536285,0
0,0.09581150114536285,0
0,0.09581150114536285,0
0,0.09581150114536285,0
0,0.09581150114536285,0
0,0.09581150114536285,0
0,0.09581150114536285,0
0,0.09581150114536285,0
0,0.09581150114536285,0
0,0.09581150114536285,0
0,0.09581150114536285,0
0,0.09581150114536285,0
0,0.09581150114536285,0
0,0.09581150114536285,0
0,0.09581150114536285,0
0,0.09581150114536285,0
0,0.09581150114536285,0
0,0.09581150114536285,0
0,0.09581150114536285,0
0,0.09581150114536285,0
0,0.09581150114536285,0
0,0.09581150114536285,0
0,0.09581150114536285,0
0,0.09581150114536285,0
0,0.09581150114536285,0
0,0.09581150114536285,0
0,0.09581150114536285,0
0,0.09581150114536285,0
0,0.09581150114536285,0
0,0.09581150114536285,0
0,0.09581150114536285,0
0,0.09581150114536285,0
0,0.09581150114536285,0
0,0.09581150114536285,0
0,0.09581150114536285,0
0,0.09581150114536285,0
0,0.09581150114536285,0
0,0.09581150114536285,0
0,0.09581150114536285,0
0,0.09581150114536285,0
0,0.09581150114536285,0
0,0.09581150114536285,0
0,0.09581150114536285,0
0,0.09581150114536285,0
0,0.09581150114536285,0
0,0.09581150114536285,0
0,0.09581150114536285,0
0,0.09581150114536285,0
0,0.09581150114536285,0
0,0.09581150114536285,0
0,0.09581150114536285,0
0,0.09581150114536285,0
0,0.09581150114536285,0
0,0.09581150114536285,0
0,0.09581150114536285,0
0,0.09581150114536285,0
0,0.09581150114536285,0
0,0.09581150114536285,0
0,0.09581150114536285,0
0,0.09581150114536285,0
0,0.09581150114536285,0
0,0.09581150114536285,0
0,0.09581150114536285,0
0,0.09581150114536285,0
0,0.09581150114536285,0
0,0.09581150114536285,0
0,0.09581150114536285,0
0,0.09581150114536285,0
0,0.09581150114536285,0
0,0.09581150114536285,0
0,0.09581150114536285,0
0,0.09581150114536285,0
0,0.09581150114536285,0
0,0.09581150114536285,0
0,0.09581150114536285,0
0,0.09581150114536285,0
0,0.09581150114536285,0
0,0.09581150114536285,0
0,0.09581150114536285,0
0,0.09581150114536285,0
0,0.09581150114536285,0
0,0.09581150114536285,0
0,0.09581150114536285,0
0,0.09581150114536285,0
0,0.09581150114536285,0
0,0.09581150114536285,0
0,0.09581150114536285,0
0,0.09581150114536285,0
0,0.09581150114536285,0
0,0.09581150114536285,0
0,0.09581150114536285,0
0,0.09581150114536285,0
0,0.09581150114536285,0
0,0.09581150114536285,0
0,0.09581150114536285,0
0,0.09581150114536285,0
0,0.09581150114536285,0
0,0.09581150114536285,0
0,0.09581150114536285,0
0,0.09581150114536285,0
0,0.09581150114536285,0
0,0.09581150114536285,0
0,0.09581150114536285,0
0,0.09581150114536285,0
0,0.09581150114536285,0
0,0.09581150114536285,0
0,0.09581150114536285,0
0,0.09581150114536285,0
0,0.09581150114536285,0
0,0.09581150114536285,0
0,0.09581150114536285,0
0,0.09581150114536285,0
0,0.09581150114536285,0
0,0.09581150114536285,0
0,0.09581150114536285,0
0,0.09581150114536285,0
0,0.09581150114536285,0
0,0.09581150114536285,0
0,0.09581150114536285,0
0,0.09581150114536285,0
0,0.09581150114536285,0
0,0.09581150114536285,0
0,0.09581150114536285,0
0,0.09581150114536285,0
0,0.09581150114536285,0
0,0.09581150114536285,0
0,0.09581150114536285,0
0,0.09581150114536285,0
0,0.09581150114536285,0
0,0.09581150114536285,0
0,0.09581150114536285,0
0,0.09581150114536285,0
0,0.09581150114536285,0
0,0.09581150114536285,0
0,0.09581150114536285,0
0,0.09581150114536285,0
0,0.09581150114536285,0
0,0.09581150114536285,0
0,0.09581150114536285,0
0,0.09581150114536285,0
0,0.09581150114536285,0
0,0.09581150114536285,0
0,0.09581150114536285,0
0,0.09581150114536285,0
0,0.09581150114536285,0
0,0.09581150114536285,0
0,0.09581150114536285,0
0,0.09581150114536285,0
0,0.09581150114536285,0
0,0.09581150114536285,0
0,0.09581150114536285,0
0,0.09581150114536285,0
0,0.09581150114536285,0
0,0.09581150114536285,0
0,0.09581150114536285,0
0,0.09581150114536285,0
0,0.09581150114536285,0
0,0.09581150114536285,0
0,0.09581150114536285,0
0,0.09581150114536285,0
0,0.09581150114536285,0
0,0.09581150114536285,0
0,0.09581150114536285,0
0,0.09581150114536285,0
0,0.09581150114536285,0
0,0.09581150114536285,0
0,0.09581150114536285,0
0,0.09581150114536285,0
0,0.09581150114536285,0
0,0.09581150114536285,0
0,0.09581150114536285,0
0,0.09581150114536285,0
0,0.09581150114536285,0
0,0.09581150114536285,0
0,0.09581150114536285,0
0,0.09581150114536285,0
0,0.09581150114536285,0
0,0.09581150114536285,0
0,0.09581150114536285,0
0,0.09581150114536285,0
0,0.09581150114536285,0
0,0.09581150114536285,0
0,0.09581150114536285,0
0,0.09581150114536285,0
0,0.09581150114536285,0
0,0.09581150114536285,0
0,0.09581150114536285,0
0,0.09581150114536285,0
0,0.09581150114536285,0
0,0.09581150114536285,0
0,0.09581150114536285,0
0,0.09581150114536285,0
0,0.09581150114536285,0
0,0.09581150114536285,0
0,0.09581150114536285,0
0,0.09581150114536285,0
0,0.09581150114536285,0
0,0.09581150114536285,0
0,0.09581150114536285,0
0,0.09581150114536285,0
0,0.09581150114536285,0
0,0.09581150114536285,0
0,0.09581150114536285,0
0,0.09581150114536285,0
0,0.09581150114536285,0
0,0.09581150114536285,0
0,0.09581150114536285,0
0,0.09581150114536285,0
0,0.09581150114536285,0
0,0.8599828481674194,0
0,0.8641847968101501,0
0,0.8900101184844971,0
0,0.7469439506530762,0
0,0.7541808485984802,0
1,0.7545438408851624,0
0,0.9387353658676147,0
0,0.9011293649673462,0
0,0.8911697864532471,0
0,0.864963948726654,0
0,0.8677751421928406,0
0,0.8698545098304749,0
0,0.8594659566879272,0
0,0.8405354022979736,0
0,0.8309268355369568,0
0,0.8455684185028076,0
0,0.8693753480911255,0
0,0.8737583756446838,0
0,0.8514074683189392,0
0,0.8136480450630188,0
0,0.7800692319869995,0
0,0.7848978042602539,0
0,0.8285200595855713,0
0,0.8900404572486877,0
0,0.7442667484283447,0
1,0.7101284265518188,0
0,0.8347859382629395,0
0,0.8719147443771362,0
0,0.8940266966819763,0
0,0.8881310224533081,0
0,0.8832200169563293,0
0,0.8754094243049622,0
0,0.8657752275466919,0
0,0.8599126935005188,0
0,0.8622812032699585,0
0,0.872373104095459,0
0,0.9005981683731079,0
0,0.7541808485984802,0
0,0.7545438408851624,0
0,0.7282616496086121,0
0,0.6804725527763367,0
0,0.6562877893447876,0
0,0.6852715611457825,0
0,0.7351422905921936,0
0,0.7442667484283447,0
0,0.7101284265518188,0
0,0.6404545903205872,0
0,0.5794359445571899,0
0,0.5981054902076721,0
0,0.6770144104957581,0
0,0.7196396589279175,0
0,0.7175034880638123,0
0,0.6955389380455017,0
0,0.670813798904419,0
0,0.6545332670211792,0
0,0.6471360921859741,0
0,0.5066333413124084,0
0,0.09581150114536285,0
0,0.09581150114536285,0
0,0.09581150114536285,0
0,0.09581150114536285,0
0,0.09581150114536285,0
0,0.09581150114536285,0
0,0.09581150114536285,0
0,0.09581150114536285,0
0,0.09581150114536285,0
0,0.09581150114536285,0
0,0.09581150114536285,0
0,0.09581150114536285,0
0,0.09581150114536285,0
0,0.09581150114536285,0
0,0.09581150114536285,0
0,0.09581150114536285,0
0,0.09581150114536285,0
0,0.09581150114536285,0
0,0.09581150114536285,0
0,0.09581150114536285,0
0,0.09581150114536285,0
0,0.09581150114536285,0
0,0.09581150114536285,0
0,0.09581150114536285,0
0,0.09581150114536285,0
0,0.09581150114536285,0
0,0.09581150114536285,0
0,0.09581150114536285,0
0,0.09581150114536285,0
0,0.09581150114536285,0
0,0.09581150114536285,0
0,0.09581150114536285,0
0,0.09581150114536285,0
0,0.09581150114536285,0
0,0.09581150114536285,0
0,0.09581150114536285,0
0,0.09581150114536285,0
0,0.09581150114536285,0
0,0.09581150114536285,0
0,0.09581150114536285,0
0,0.09581150114536285,0
0,0.09581150114536285,0
0,0.09581150114536285,0
0,0.09581150114536285,0
0,0.09581150114536285,0
0,0.09581150114536285,0
0,0.09581150114536285,0
0,0.09581150114536285,0
0,0.09581150114536285,0
0,0.09581150114536285,0
0,0.09581150114536285,0
0,0.09581150114536285,0
0,0.09581150114536285,0
0,0.09581150114536285,0
0,0.09581150114536285,0
0,0.09581150114536285,0
0,0.09581150114536285,0
0,0.09581150114536285,0
0,0.09581150114536285,0
0,0.09581150114536285,0
0,0.09581150114536285,0
0,0.09581150114536285,0
0,0.09581150114536285,0
0,0.09581150114536285,0
0,0.09581150114536285,0
0,0.09581150114536285,0
0,0.09581150114536285,0
0,0.09581150114536285,0
0,0.09581150114536285,0
0,0.09581150114536285,0
0,0.09581150114536285,0
0,0.09581150114536285,0
0,0.09581150114536285,0
0,0.09581150114536285,0
0,0.09581150114536285,0
0,0.09581150114536285,0
0,0.09581150114536285,0
0,0.09581150114536285,0
0,0.09581150114536285,0
0,0.09581150114536285,0
0,0.09581150114536285,0
0,0.09581150114536285,0
0,0.09581150114536285,0
0,0.09581150114536285,0
0,0.09581150114536285,0
0,0.09581150114536285,0
0,0.09581150114536285,0
0,0.09581150114536285,0
0,0.09581150114536285,0
0,0.09581150114536285,0
0,0.09581150114536285,0
0,0.09581150114536285,0
0,0.09581150114536285,0
0,0.09581150114536285,0
0,0.09581150114536285,0
0,0.09581150114536285,0
1,0.09581150114536285,0
0,0.8923224210739136,0
0,0.8895574808120728,0
0,0.883767306804657,0
0,0.8632813096046448,0
0,0.8468464016914368,0
0,0.8307079672813416,0
0,0.8125883340835571,0
0,0.7851958274841309,0
0,0.7540867328643799,0
0,0.7434166669845581,0
0,0.7469439506530762,0
0,0.7541808485984802,0
0,0.7545438408851624,0
0,0.7282616496086121,0
0,0.6804725527763367,0
0,0.6562877893447876,0
0,0.6852715611457825,0
0,0.7351422905921936,0
0,0.7442667484283447,0
0,0.7101284265518188,0
0,0.6404545903205872,0
0,0.5794359445571899,0
0,0.5981054902076721,0
0,0.6770144104957581,0
0,0.7196396589279175,0
1,0.9986057877540588,1
1,0.9985926747322083,1
0,0.9985780715942383,1
0,0.9732725620269775,0
0,0.9582546353340149,0
0,0.9398067593574524,0
1,0.9160240292549133,0
0,0.9738035798072815,0
0,0.965489387512207,0
0,0.9574437737464905,0
0,0.9185553193092346,0
0,0.9145030975341797,0
0,0.9144156575202942,0
0,0.9109711050987244,0
0,0.911238968372345,0
0,0.9169302582740784,0
0,0.9193435311317444,0
0,0.9108498096466064,0
0,0.8941625952720642,0
1,0.8704825639724731,0
0,0.9579113721847534,0
0,0.9614900946617126,0
0,0.9620741009712219,0
0,0.9501618146896362,0
0,0.9505666494369507,0
0,0.948172926902771,0
0,0.9479039907455444,0
0,0.948084831237793,0
0,0.9178536534309387,0
0,0.924589991569519,0
0,0.9338345527648926,0
0,0.9358651638031006,0
0,0.9164175987243652,0
1,0.8136480450630188,0
0,0.9309517741203308,0
0,0.9138193130493164,0
0,0.9186298251152039,0
0,0.9278516173362732,0
0,0.872352123260498,0
0,0.8671944737434387,0
0,0.8491445183753967,0
1,0.8291134834289551,0
0,0.9017130732536316,0
0,0.9217942357063293,0
0,0.9317610859870911,0
0,0.9267377853393555,0
0,0.9264504909515381,0
0,0.9214567542076111,0
0,0.9053568840026855,0
0,0.8841145634651184,0
0,0.8994133472442627,0
0,0.8337299227714539,0
0,0.8660703897476196,0
0,0.8901848793029785,0
0,0.8811993598937988,0
0,0.8403883576393127,0
0,0.7832936644554138,0
0,0.7563088536262512,0
0,0.7858086824417114,0
0,0.83440762758255,0
0,0.862261176109314,0
0,0.8468497395515442,0
0,0.7908004522323608,0
0,0.7442753314971924,0
0,0.7932780385017395,0
0,0.6770144104957581,0
0,0.7196396589279175,0
0,0.7175034880638123,0
0,0.6955389380455017,0
0,0.670813798904419,0
0,0.6545332670211792,0
0,0.6471360921859741,0
0,0.5066333413124084,0
0,0.09581150114536285,0
0,0.09581150114536285,0
0,0.09581150114536285,0
0,0.09581150114536285,0
0,0.09581150114536285,0
0,0.09581150114536285,0
0,0.09581150114536285,0
0,0.09581150114536285,0
0,0.09581150114536285,0
0,0.09581150114536285,0
0,0.09581150114536285,0
0,0.09581150114536285,0
0,0.09581150114536285,0
0,0.09581150114536285,0
0,0.09581150114536285,0
0,0.09581150114536285,0
0,0.09581150114536285,0
0,0.09581150114536285,0
0,0.09581150114536285,0
0,0.09581150114536285,0
0,0.09581150114536285,0
0,0.09581150114536285,0
0,0.09581150114536285,0
0,0.09581150114536285,0
0,0.09581150114536285,0
0,0.09581150114536285,0
0,0.09581150114536285,0
0,0.09581150114536285,0
0,0.09581150114536285,0
0,0.09581150114536285,0
0,0.09581150114536285,0
0,0.09581150114536285,0
0,0.09581150114536285,0
0,0.09581150114536285,0
0,0.09581150114536285,0
0,0.09581150114536285,0
0,0.09581150114536285,0
0,0.09581150114536285,0
0,0.09581150114536285,0
0,0.09581150114536285,0
0,0.09581150114536285,0
0,0.09581150114536285,0
0,0.09581150114536285,0
0,0.09581150114536285,0
0,0.09581150114536285,0
0,0.09581150114536285,0
0,0.09581150114536285,0
0,0.09581150114536285,0
0,0.09581150114536285,0
0,0.09581150114536285,0
0,0.09581150114536285,0
0,0.09581150114536285,0
0,0.09581150114536285,0
0,0.09581150114536285,0
0,0.09581150114536285,0
0,0.09581150114536285,0
0,0.09581150114536285,0
0,0.09581150114536285,0
0,0.09581150114536285,0
0,0.09581150114536285,0
0,0.09581150114536285,0
0,0.09581150114536285,0
0,0.09581150114536285,0
0,0.09581150114536285,0
0,0.09581150114536285,0
0,0.09581150114536285,0
0,0.09581150114536285,0
0,0.09581150114536285,0
0,0.09581150114536285,0
0,0.09581150114536285,0
0,0.09581150114536285,0
0,0.09581150114536285,0
0,0.09581150114536285,0
0,0.09581150114536285,0
0,0.09581150114536285,0
0,0.09581150114536285,0
0,0.09581150114536285,0
0,0.09581150114536285,0
0,0.09581150114536285,0
0,0.09581150114536285,0
0,0.09581150114536285,0
0,0.09581150114536285,0
0,0.09581150114536285,0
0,0.09581150114536285,0
0,0.09581150114536285,0
0,0.09581150114536285,0
0,0.09581150114536285,0
0,0.09581150114536285,0
0,0.09581150114536285,0
0,0.09581150114536285,0
0,0.09581150114536285,0
0,0.09581150114536285,0
0,0.09581150114536285,0
0,0.09581150114536285,0
0,0.09581150114536285,0
0,0.09581150114536285,0
0,0.09581150114536285,0
0,0.09581150114536285,0
0,0.09581150114536285,0
0,0.09581150114536285,0
0,0.09581150114536285,0
0,0.09581150114536285,0
0,0.09581150114536285,0
0,0.09581150114536285,0
0,0.09581150114536285,0
0,0.09581150114536285,0
0,0.09581150114536285,0
0,0.09581150114536285,0
0,0.09581150114536285,0
0,0.09581150114536285,0
0,0.09581150114536285,0
0,0.09581150114536285,0
0,0.09581150114536285,0
0,0.09581150114536285,0
0,0.09581150114536285,0
0,0.09581150114536285,0
0,0.09581150114536285,0
0,0.09581150114536285,0
0,0.09581150114536285,0
0,0.09581150114536285,0
0,0.09581150114536285,0
0,0.09581150114536285,0
0,0.09581150114536285,0
0,0.09581150114536285,0
0,0.09581150114536285,0
0,0.09581150114536285,0
0,0.09581150114536285,0
0,0.09581150114536285,0
0,0.09581150114536285,0
0,0.09581150114536285,0
0,0.09581150114536285,0
0,0.09581150114536285,0
0,0.09581150114536285,0
0,0.09581150114536285,0
0,0.09581150114536285,0
0,0.09581150114536285,0
0,0.09581150114536285,0
0,0.09581150114536285,0
0,0.09581150114536285,0
0,0.09581150114536285,0
0,0.09581150114536285,0
0,0.09581150114536285,0
0,0.09581150114536285,0
0,0.09581150114536285,0
0,0.09581150114536285,0
0,0.09581150114536285,0
0,0.09581150114536285,0
0,0.09581150114536285,0
0,0.09581150114536285,0
0,0.09581150114536285,0
0,0.09581150114536285,0
0,0.09581150114536285,0
0,0.09581150114536285,0
0,0.09581150114536285,0
0,0.09581150114536285,0
0,0.09581150114536285,0
0,0.09581150114536285,0
0,0.09581150114536285,0
0,0.09581150114536285,0
0,0.09581150114536285,0
0,0.09581150114536285,0
0,0.09581150114536285,0
0,0.09581150114536285,0
0,0.09581150114536285,0
0,0.09581150114536285,0
0,0.09581150114536285,0
0,0.09581150114536285,0
0,0.09581150114536285,0
0,0.09581150114536285,0
0,0.09581150114536285,0
0,0.09581150114536285,0
0,0.09581150114536285,0
0,0.09581150114536285,0
0,0.09581150114536285,0
0,0.09581150114536285,0
0,0.09581150114536285,0
0,0.09581150114536285,0
0,0.09581150114536285,0
0,0.09581150114536285,0
0,0.09581150114536285,0
0,0.09581150114536285,0
0,0.09581150114536285,0
0,0.09581150114536285,0
0,0.09581150114536285,0
0,0.09581150114536285,0
0,0.09581150114536285,0
0,0.09581150114536285,0
0,0.09581150114536285,0
0,0.09581150114536285,0
0,0.09581150114536285,0
0,0.09581150114536285,0
0,0.09581150114536285,0
0,0.09581150114536285,0
0,0.09581150114536285,0
0,0.09581150114536285,0
0,0.09581150114536285,0
0,0.09581150114536285,0
0,0.09581150114536285,0
0,0.09581150114536285,0
0,0.09581150114536285,0
0,0.09581150114536285,0
0,0.09581150114536285,0
0,0.09581150114536285,0
0,0.09581150114536285,0
0,0.09581150114536285,0
0,0.09581150114536285,0
0,0.09581150114536285,0
0,0.09581150114536285,0
0,0.09581150114536285,0
0,0.09581150114536285,0
0,0.09581150114536285,0
0,0.09581150114536285,0
0,0.09581150114536285,0
0,0.09581150114536285,0
0,0.09581150114536285,0
0,0.09581150114536285,0
0,0.09581150114536285,0
0,0.09581150114536285,0
0,0.09581150114536285,0
0,0.09581150114536285,0
0,0.09581150114536285,0
0,0.09581150114536285,0
0,0.09581150114536285,0
0,0.09581150114536285,0
0,0.09581150114536285,0
0,0.09581150114536285,0
0,0.09581150114536285,0
0,0.09581150114536285,0
0,0.09581150114536285,0
0,0.09581150114536285,0
0,0.09581150114536285,0
0,0.09581150114536285,0
0,0.09581150114536285,0
0,0.09581150114536285,0
0,0.09581150114536285,0
0,0.09581150114536285,0
0,0.09581150114536285,0
0,0.09581150114536285,0
0,0.09581150114536285,0
0,0.09581150114536285,0
0,0.09581150114536285,0
0,0.09581150114536285,0
0,0.09581150114536285,0
0,0.09581150114536285,0
0,0.09581150114536285,0
0,0.09581150114536285,0
0,0.09581150114536285,0
0,0.09581150114536285,0
0,0.09581150114536285,0
0,0.09581150114536285,0
0,0.09581150114536285,0
0,0.09581150114536285,0
0,0.09581150114536285,0
0,0.09581150114536285,0
0,0.09581150114536285,0
0,0.09581150114536285,0
0,0.09581150114536285,0
0,0.09581150114536285,0
0,0.09581150114536285,0
0,0.09581150114536285,0
0,0.09581150114536285,0
0,0.09581150114536285,0
0,0.09581150114536285,0
0,0.09581150114536285,0
0,0.09581150114536285,0
0,0.09581150114536285,0
0,0.09581150114536285,0
0,0.09581150114536285,0
0,0.09581150114536285,0
0,0.09581150114536285,0
0,0.09581150114536285,0
0,0.09581150114536285,0
0,0.09581150114536285,0
0,0.09581150114536285,0
0,0.09581150114536285,0
0,0.09581150114536285,0
0,0.09581150114536285,0
0,0.09581150114536285,0
0,0.09581150114536285,0
0,0.09581150114536285,0
0,0.09581150114536285,0
0,0.09581150114536285,0
0,0.09581150114536285,0
0,0.09581150114536285,0
0,0.09581150114536285,0
0,0.09581150114536285,0
0,0.09581150114536285,0
0,0.09581150114536285,0
0,0.09581150114536285,0
0,0.09581150114536285,0
0,0.09581150114536285,0
0,0.09581150114536285,0
0,0.09581150114536285,0
0,0.09581150114536285,0
0,0.09581150114536285,0
0,0.09581150114536285,0
0,0.09581150114536285,0
0,0.09581150114536285,0
0,0.09581150114536285,0
0,0.09581150114536285,0
0,0.09581150114536285,0
0,0.09581150114536285,0
0,0.09581150114536285,0
0,0.09581150114536285,0
0,0.09581150114536285,0
0,0.09581150114536285,0
0,0.09581150114536285,0
0,0.09581150114536285,0
0,0.09581150114536285,0
0,0.09581150114536285,0
0,0.09581150114536285,0
0,0.09581150114536285,0
0,0.09581150114536285,0
0,0.09581150114536285,0
0,0.09581150114536285,0
0,0.09581150114536285,0
0,0.09581150114536285,0
0,0.09581150114536285,0
0,0.09581150114536285,0
0,0.09581150114536285,0
0,0.09581150114536285,0
0,0.09581150114536285,0
0,0.09581150114536285,0
0,0.09581150114536285,0
0,0.09581150114536285,0
0,0.09581150114536285,0
0,0.09581150114536285,0
0,0.09581150114536285,0
0,0.09581150114536285,0
0,0.09581150114536285,0
0,0.09581150114536285,0
0,0.09581150114536285,0
0,0.09581150114536285,0
0,0.09581150114536285,0
0,0.09581150114536285,0
0,0.09581150114536285,0
0,0.09581150114536285,0
0,0.09581150114536285,0
0,0.09581150114536285,0
0,0.09581150114536285,0
0,0.09581150114536285,0
0,0.09581150114536285,0
0,0.09581150114536285,0
0,0.09581150114536285,0
0,0.09581150114536285,0
0,0.09581150114536285,0
0,0.09581150114536285,0
0,0.09581150114536285,0
0,0.09581150114536285,0
0,0.09581150114536285,0
0,0.09581150114536285,0
0,0.09581150114536285,0
0,0.09581150114536285,0
0,0.09581150114536285,0
0,0.09581150114536285,0
0,0.09581150114536285,0
0,0.09581150114536285,0
0,0.09581150114536285,0
0,0.09581150114536285,0
0,0.09581150114536285,0
0,0.09581150114536285,0
0,0.09581150114536285,0
0,0.09581150114536285,0
0,0.09581150114536285,0
0,0.09581150114536285,0
0,0.09581150114536285,0
0,0.09581150114536285,0
0,0.09581150114536285,0
0,0.09581150114536285,0
0,0.09581150114536285,0
0,0.09581150114536285,0
0,0.09581150114536285,0
0,0.09581150114536285,0
0,0.09581150114536285,0
0,0.09581150114536285,0
0,0.09581150114536285,0
0,0.09581150114536285,0
0,0.09581150114536285,0
0,0.09581150114536285,0
0,0.09581150114536285,0
0,0.09581150114536285,0
0,0.09581150114536285,0
0,0.09581150114536285,0
0,0.09581150114536285,0
0,0.09581150114536285,0
0,0.09581150114536285,0
0,0.09581150114536285,0
0,0.09581150114536285,0
0,0.09581150114536285,0
0,0.09581150114536285,0
0,0.09581150114536285,0
0,0.09581150114536285,0
0,0.09581150114536285,0
0,0.09581150114536285,0
0,0.09581150114536285,0
0,0.09581150114536285,0
0,0.09581150114536285,0
0,0.09581150114536285,0
0,0.09581150114536285,0
0,0.09581150114536285,0
0,0.09581150114536285,0
0,0.09581150114536285,0
0,0.09581150114536285,0
0,0.09581150114536285,0
0,0.09581150114536285,0
0,0.09581150114536285,0
0,0.09581150114536285,0
0,0.09581150114536285,0
0,0.09581150114536285,0
0,0.09581150114536285,0
0,0.09581150114536285,0
0,0.09581150114536285,0
0,0.09581150114536285,0
0,0.09581150114536285,0
0,0.09581150114536285,0
0,0.09581150114536285,0
0,0.09581150114536285,0
0,0.09581150114536285,0
0,0.09581150114536285,0
0,0.09581150114536285,0
0,0.09581150114536285,0
0,0.09581150114536285,0
0,0.09581150114536285,0
0,0.09581150114536285,0
0,0.09581150114536285,0
0,0.09581150114536285,0
0,0.09581150114536285,0
0,0.09581150114536285,0
0,0.09581150114536285,0
0,0.09581150114536285,0
0,0.09581150114536285,0
0,0.09581150114536285,0
0,0.09581150114536285,0
0,0.09581150114536285,0
0,0.09581150114536285,0
0,0.09581150114536285,0
0,0.09581150114536285,0
0,0.09581150114536285,0
0,0.09581150114536285,0
0,0.09581150114536285,0
0,0.09581150114536285,0
0,0.09581150114536285,0
0,0.09581150114536285,0
0,0.09581150114536285,0
0,0.09581150114536285,0
0,0.09581150114536285,0
0,0.09581150114536285,0
0,0.09581150114536285,0
0,0.09581150114536285,0
0,0.09581150114536285,0
0,0.09581150114536285,0
0,0.09581150114536285,0
0,0.09581150114536285,0
0,0.09581150114536285,0
0,0.09581150114536285,0
0,0.09581150114536285,0
0,0.09581150114536285,0
0,0.09581150114536285,0
0,0.09581150114536285,0
0,0.09581150114536285,0
0,0.09581150114536285,0
0,0.09581150114536285,0
0,0.09581150114536285,0
0,0.09581150114536285,0
0,0.09581150114536285,0
0,0.09581150114536285,0
0,0.09581150114536285,0
0,0.09581150114536285,0
0,0.09581150114536285,0
0,0.09581150114536285,0
0,0.09581150114536285,0
0,0.09581150114536285,0
0,0.09581150114536285,0
0,0.09581150114536285,0
0,0.09581150114536285,0
0,0.09581150114536285,0
0,0.09581150114536285,0
0,0.09581150114536285,0
0,0.09581150114536285,0
0,0.09581150114536285,0
0,0.09581150114536285,0
0,0.09581150114536285,0
0,0.09581150114536285,0
0,0.09581150114536285,0
0,0.09581150114536285,0
0,0.09581150114536285,0
0,0.09581150114536285,0
0,0.09581150114536285,0
0,0.09581150114536285,0
0,0.09581150114536285,0
0,0.09581150114536285,0
0,0.09581150114536285,0
0,0.09581150114536285,0
0,0.09581150114536285,0
0,0.09581150114536285,0
0,0.09581150114536285,0
0,0.09581150114536285,0
0,0.09581150114536285,0
0,0.09581150114536285,0
0,0.09581150114536285,0
0,0.09581150114536285,0
0,0.09581150114536285,0
0,0.09581150114536285,0
0,0.09581150114536285,0
0,0.09581150114536285,0
0,0.09581150114536285,0
0,0.09581150114536285,0
0,0.09581150114536285,0
0,0.09581150114536285,0
0,0.09581150114536285,0
0,0.09581150114536285,0
0,0.09581150114536285,0
0,0.09581150114536285,0
0,0.09581150114536285,0
0,0.09581150114536285,0
0,0.09581150114536285,0
0,0.09581150114536285,0
0,0.09581150114536285,0
0,0.09581150114536285,0
0,0.09581150114536285,0
0,0.09581150114536285,0
0,0.09581150114536285,0
0,0.09581150114536285,0
0,0.09581150114536285,0
0,0.09581150114536285,0
0,0.09581150114536285,0
0,0.09581150114536285,0
0,0.09581150114536285,0
0,0.09581150114536285,0
0,0.09581150114536285,0
0,0.09581150114536285,0
0,0.09581150114536285,0
0,0.09581150114536285,0
0,0.09581150114536285,0
0,0.09581150114536285,0
0,0.09581150114536285,0
0,0.09581150114536285,0
0,0.09581150114536285,0
0,0.09581150114536285,0
0,0.09581150114536285,0
0,0.09581150114536285,0
0,0.09581150114536285,0
0,0.09581150114536285,0
0,0.09581150114536285,0
0,0.09581150114536285,0
0,0.09581150114536285,0
0,0.09581150114536285,0
0,0.09581150114536285,0
0,0.09581150114536285,0
0,0.09581150114536285,0
0,0.09581150114536285,0
0,0.09581150114536285,0
0,0.09581150114536285,0
0,0.09581150114536285,0
0,0.09581150114536285,0
0,0.09581150114536285,0
0,0.09581150114536285,0
0,0.09581150114536285,0
0,0.09581150114536285,0
0,0.09581150114536285,0
0,0.09581150114536285,0
0,0.09581150114536285,0
0,0.09581150114536285,0
0,0.09581150114536285,0
0,0.09581150114536285,0
0,0.09581150114536285,0
0,0.09581150114536285,0
0,0.09581150114536285,0
0,0.09581150114536285,0
0,0.09581150114536285,0
0,0.09581150114536285,0
0,0.09581150114536285,0
0,0.09581150114536285,0
0,0.09581150114536285,0
0,0.09581150114536285,0
0,0.09581150114536285,0
0,0.09581150114536285,0
0,0.09581150114536285,0
0,0.09581150114536285,0
0,0.09581150114536285,0
0,0.09581150114536285,0
0,0.09581150114536285,0
0,0.09581150114536285,0
0,0.09581150114536285,0
0,0.09581150114536285,0
0,0.09581150114536285,0
0,0.09581150114536285,0
0,0.09581150114536285,0
0,0.09581150114536285,0
0,0.09581150114536285,0
0,0.09581150114536285,0
0,0.09581150114536285,0
0,0.09581150114536285,0
0,0.09581150114536285,0
0,0.09581150114536285,0
0,0.09581150114536285,0
0,0.09581150114536285,0
0,0.09581150114536285,0
0,0.09581150114536285,0
0,0.09581150114536285,0
0,0.09581150114536285,0
0,0.09581150114536285,0
0,0.09581150114536285,0
0,0.09581150114536285,0
0,0.09581150114536285,0
0,0.09581150114536285,0
0,0.09581150114536285,0
0,0.09581150114536285,0
0,0.09581150114536285,0
0,0.09581150114536285,0
0,0.09581150114536285,0
0,0.09581150114536285,0
0,0.09581150114536285,0
0,0.09581150114536285,0
0,0.09581150114536285,0
0,0.09581150114536285,0
0,0.09581150114536285,0
0,0.09581150114536285,0
0,0.09581150114536285,0
0,0.09581150114536285,0
0,0.09581150114536285,0
0,0.09581150114536285,0
0,0.09581150114536285,0
0,0.09581150114536285,0
0,0.09581150114536285,0
0,0.09581150114536285,0
0,0.09581150114536285,0
0,0.09581150114536285,0
0,0.09581150114536285,0
0,0.09581150114536285,0
0,0.09581150114536285,0
0,0.09581150114536285,0
0,0.09581150114536285,0
0,0.09581150114536285,0
0,0.09581150114536285,0
0,0.09581150114536285,0
0,0.09581150114536285,0
0,0.09581150114536285,0
0,0.09581150114536285,0
0,0.09581150114536285,0
0,0.09581150114536285,0
0,0.09581150114536285,0
0,0.09581150114536285,0
0,0.09581150114536285,0
0,0.09581150114536285,0
0,0.09581150114536285,0
0,0.09581150114536285,0
0,0.09581150114536285,0
0,0.09581150114536285,0
0,0.09581150114536285,0
0,0.09581150114536285,0
0,0.09581150114536285,0
0,0.09581150114536285,0
0,0.09581150114536285,0
0,0.09581150114536285,0
0,0.09581150114536285,0
0,0.09581150114536285,0
0,0.09581150114536285,0
0,0.09581150114536285,0
0,0.09581150114536285,0
0,0.09581150114536285,0
0,0.09581150114536285,0
0,0.09581150114536285,0
0,0.09581150114536285,0
0,0.09581150114536285,0
0,0.09581150114536285,0
0,0.09581150114536285,0
0,0.09581150114536285,0
0,0.09581150114536285,0
0,0.09581150114536285,0
0,0.09581150114536285,0
0,0.09581150114536285,0
0,0.09581150114536285,0
0,0.09581150114536285,0
0,0.09581150114536285,0
0,0.09581150114536285,0
0,0.09581150114536285,0
0,0.09581150114536285,0
0,0.09581150114536285,0
0,0.09581150114536285,0
0,0.09581150114536285,0
0,0.09581150114536285,0
0,0.09581150114536285,0
0,0.09581150114536285,0
0,0.09581150114536285,0
0,0.09581150114536285,0
0,0.09581150114536285,0
0,0.09581150114536285,0
0,0.09581150114536285,0
0,0.09581150114536285,0
0,0.09581150114536285,0
0,0.09581150114536285,0
0,0.09581150114536285,0
0,0.09581150114536285,0
0,0.09581150114536285,0
0,0.09581150114536285,0
0,0.09581150114536285,0
0,0.09581150114536285,0
0,0.09581150114536285,0
0,0.09581150114536285,0
0,0.09581150114536285,0
0,0.09581150114536285,0
0,0.09581150114536285,0
0,0.09581150114536285,0
0,0.09581150114536285,0
0,0.09581150114536285,0
0,0.09581150114536285,0
0,0.09581150114536285,0
0,0.09581150114536285,0
0,0.09581150114536285,0
0,0.09581150114536285,0
0,0.09581150114536285,0
0,0.09581150114536285,0
0,0.09581150114536285,0
0,0.09581150114536285,0
0,0.09581150114536285,0
0,0.09581150114536285,0
0,0.09581150114536285,0
0,0.09581150114536285,0
0,0.09581150114536285,0
0,0.09581150114536285,0
0,0.09581150114536285,0
0,0.09581150114536285,0
0,0.09581150114536285,0
0,0.09581150114536285,0
0,0.09581150114536285,0
0,0.09581150114536285,0
0,0.09581150114536285,0
0,0.09581150114536285,0
0,0.09581150114536285,0
0,0.09581150114536285,0
0,0.09581150114536285,0
0,0.09581150114536285,0
0,0.09581150114536285,0
0,0.09581150114536285,0
0,0.09581150114536285,0
0,0.09581150114536285,0
0,0.09581150114536285,0
0,0.09581150114536285,0
0,0.09581150114536285,0
0,0.09581150114536285,0
0,0.09581150114536285,0
0,0.09581150114536285,0
0,0.09581150114536285,0
0,0.09581150114536285,0
0,0.09581150114536285,0
0,0.09581150114536285,0
0,0.09581150114536285,0
0,0.09581150114536285,0
0,0.09581150114536285,0
0,0.09581150114536285,0
0,0.09581150114536285,0
0,0.09581150114536285,0
0,0.09581150114536285,0
0,0.09581150114536285,0
0,0.09581150114536285,0
0,0.09581150114536285,0
0,0.09581150114536285,0
0,0.09581150114536285,0
0,0.09581150114536285,0
0,0.09581150114536285,0
0,0.09581150114536285,0
0,0.09581150114536285,0
0,0.09581150114536285,0
0,0.09581150114536285,0
0,0.09581150114536285,0
0,0.09581150114536285,0
0,0.09581150114536285,0
0,0.09581150114536285,0
0,0.09581150114536285,0
0,0.09581150114536285,0
0,0.09581150114536285,0
0,0.09581150114536285,0
0,0.09581150114536285,0
0,0.09581150114536285,0
0,0.09581150114536285,0
0,0.09581150114536285,0
0,0.09581150114536285,0
0,0.09581150114536285,0
0,0.09581150114536285,0
0,0.09581150114536285,0
0,0.09581150114536285,0
0,0.09581150114536285,0
0,0.09581150114536285,0
0,0.09581150114536285,0
0,0.09581150114536285,0
0,0.09581150114536285,0
0,0.09581150114536285,0
0,0.09581150114536285,0
0,0.09581150114536285,0
0,0.09581150114536285,0
0,0.09581150114536285,0
0,0.09581150114536285,0
0,0.09581150114536285,0
0,0.09581150114536285,0
0,0.09581150114536285,0
0,0.09581150114536285,0
0,0.09581150114536285,0
0,0.09581150114536285,0
0,0.09581150114536285,0
0,0.09581150114536285,0
0,0.09581150114536285,0
0,0.09581150114536285,0
0,0.09581150114536285,0
0,0.09581150114536285,0
0,0.09581150114536285,0
0,0.09581150114536285,0
0,0.09581150114536285,0
0,0.09581150114536285,0
0,0.09581150114536285,0
0,0.09581150114536285,0
0,0.09581150114536285,0
0,0.09581150114536285,0
0,0.09581150114536285,0
0,0.09581150114536285,0
0,0.09581150114536285,0
0,0.09581150114536285,0
0,0.09581150114536285,0
0,0.09581150114536285,0
0,0.09581150114536285,0
0,0.09581150114536285,0
0,0.09581150114536285,0
0,0.5066333413124084,0
0,0.09581150114536285,0
0,0.09581150114536285,0
0,0.09581150114536285,0
0,0.09581150114536285,0
0,0.09581150114536285,0
0,0.09581150114536285,0
0,0.09581150114536285,0
0,0.09581150114536285,0
0,0.09581150114536285,0
0,0.09581150114536285,0
0,0.09581150114536285,0
0,0.09581150114536285,0
0,0.09581150114536285,0
0,0.09581150114536285,0
0,0.09581150114536285,0
0,0.09581150114536285,0
0,0.09581150114536285,0
0,0.09581150114536285,0
0,0.09581150114536285,0
0,0.09581150114536285,0
0,0.09581150114536285,0
0,0.09581150114536285,0
0,0.09581150114536285,0
0,0.09581150114536285,0
0,0.09581150114536285,0
0,0.09581150114536285,0
0,0.09581150114536285,0
0,0.09581150114536285,0
0,0.09581150114536285,0
0,0.09581150114536285,0
0,0.09581150114536285,0
0,0.09581150114536285,0
0,0.09581150114536285,0
0,0.09581150114536285,0
1,0.09581150114536285,0
0,0.8923224210739136,0
0,0.8895574808120728,0
0,0.883767306804657,0
0,0.8632813096046448,0
0,0.8468464016914368,0
0,0.8307079672813416,0
0,0.8125883340835571,0
0,0.7851958274841309,0
0,0.7540867328643799,0
0,0.7434166669845581,0
0,0.7469439506530762,0
0,0.7541808485984802,0
0,0.7545438408851624,0
0,0.7282616496086121,0
0,0.6804725527763367,0
0,0.6562877893447876,0
0,0.6852715611457825,0
0,0.7351422905921936,0
0,0.7442667484283447,0
0,0.7101284265518188,0
0,0.6404545903205872,0
0,0.5794359445571899,0
0,0.5981054902076721,0
0,0.6770144104957581,0
0,0.7196396589279175,0
0,0.7175034880638123,0
0,0.6955389380455017,0
0,0.670813798904419,0
0,0.6545332670211792,0
0,0.6471360921859741,0
0,0.5066333413124084,0
0,0.09581150114536285,0
0,0.09581150114536285,0
0,0.09581150114536285,0
0,0.09581150114536285,0
0,0.09581150114536285,0
0,0.09581150114536285,0
0,0.09581150114536285,0
0,0.09581150114536285,0
0,0.09581150114536285,0
0,0.09581150114536285,0
0,0.09581150114536285,0
0,0.09581150114536285,0
0,0.09581150114536285,0
0,0.09581150114536285,0
0,0.09581150114536285,0
0,0.09581150114536285,0
0,0.09581150114536285,0
0,0.09581150114536285,0
0,0.09581150114536285,0
0,0.09581150114536285,0
0,0.09581150114536285,0
0,0.09581150114536285,0
0,0.09581150114536285,0
0,0.09581150114536285,0
0,0.09581150114536285,0
0,0.09581150114536285,0
0,0.09581150114536285,0
0,0.09581150114536285,0
0,0.09581150114536285,0
0,0.09581150114536285,0
0,0.09581150114536285,0
0,0.09581150114536285,0
0,0.09581150114536285,0
0,0.09581150114536285,0
0,0.09581150114536285,0
0,0.09581150114536285,0
0,0.09581150114536285,0
0,0.09581150114536285,0
0,0.09581150114536285,0
0,0.09581150114536285,0
0,0.09581150114536285,0
0,0.09581150114536285,0
0,0.09581150114536285,0
0,0.09581150114536285,0
0,0.09581150114536285,0
0,0.09581150114536285,0
0,0.09581150114536285,0
0,0.09581150114536285,0
0,0.09581150114536285,0
0,0.09581150114536285,0
0,0.09581150114536285,0
0,0.09581150114536285,0
0,0.09581150114536285,0
0,0.09581150114536285,0
0,0.09581150114536285,0
0,0.09581150114536285,0
0,0.09581150114536285,0
0,0.09581150114536285,0
0,0.09581150114536285,0
0,0.09581150114536285,0
0,0.09581150114536285,0
0,0.09581150114536285,0
0,0.09581150114536285,0
0,0.09581150114536285,0
0,0.09581150114536285,0
0,0.09581150114536285,0
0,0.09581150114536285,0
0,0.09581150114536285,0
0,0.09581150114536285,0
0,0.09581150114536285,0
0,0.09581150114536285,0
0,0.09581150114536285,0
0,0.09581150114536285,0
0,0.09581150114536285,0
0,0.09581150114536285,0
0,0.09581150114536285,0
0,0.09581150114536285,0
0,0.09581150114536285,0
0,0.09581150114536285,0
0,0.09581150114536285,0
0,0.09581150114536285,0
0,0.09581150114536285,0
0,0.09581150114536285,0
0,0.09581150114536285,0
0,0.09581150114536285,0
0,0.09581150114536285,0
0,0.09581150114536285,0
0,0.09581150114536285,0
0,0.09581150114536285,0
0,0.09581150114536285,0
0,0.09581150114536285,0
0,0.09581150114536285,0
0,0.09581150114536285,0
0,0.09581150114536285,0
0,0.09581150114536285,0
0,0.09581150114536285,0
0,0.09581150114536285,0
0,0.09581150114536285,0
0,0.09581150114536285,0
0,0.09581150114536285,0
0,0.09581150114536285,0
0,0.09581150114536285,0
0,0.09581150114536285,0
0,0.09581150114536285,0
0,0.09581150114536285,0
0,0.09581150114536285,0
0,0.09581150114536285,0
0,0.09581150114536285,0
0,0.09581150114536285,0
0,0.09581150114536285,0
0,0.09581150114536285,0
0,0.09581150114536285,0
0,0.09581150114536285,0
0,0.09581150114536285,0
0,0.09581150114536285,0
0,0.09581150114536285,0
0,0.09581150114536285,0
0,0.09581150114536285,0
0,0.09581150114536285,0
0,0.09581150114536285,0
0,0.09581150114536285,0
0,0.09581150114536285,0
0,0.09581150114536285,0
0,0.09581150114536285,0
0,0.09581150114536285,0
0,0.09581150114536285,0
0,0.09581150114536285,0
0,0.09581150114536285,0
0,0.09581150114536285,0
0,0.09581150114536285,0
0,0.09581150114536285,0
0,0.09581150114536285,0
0,0.09581150114536285,0
0,0.09581150114536285,0
0,0.09581150114536285,0
0,0.09581150114536285,0
0,0.09581150114536285,0
0,0.09581150114536285,0
0,0.09581150114536285,0
0,0.09581150114536285,0
0,0.09581150114536285,0
0,0.09581150114536285,0
0,0.09581150114536285,0
0,0.09581150114536285,0
0,0.09581150114536285,0
0,0.09581150114536285,0
0,0.09581150114536285,0
0,0.09581150114536285,0
0,0.09581150114536285,0
0,0.09581150114536285,0
0,0.09581150114536285,0
0,0.09581150114536285,0
0,0.09581150114536285,0
0,0.09581150114536285,0
0,0.09581150114536285,0
0,0.09581150114536285,0
0,0.09581150114536285,0
0,0.09581150114536285,0
0,0.09581150114536285,0
0,0.09581150114536285,0
0,0.09581150114536285,0
0,0.09581150114536285,0
0,0.09581150114536285,0
0,0.09581150114536285,0
0,0.09581150114536285,0
0,0.09581150114536285,0
0,0.09581150114536285,0
0,0.09581150114536285,0
0,0.09581150114536285,0
0,0.09581150114536285,0
0,0.09581150114536285,0
0,0.09581150114536285,0
0,0.09581150114536285,0
0,0.09581150114536285,0
0,0.09581150114536285,0
0,0.09581150114536285,0
0,0.09581150114536285,0
0,0.09581150114536285,0
0,0.09581150114536285,0
0,0.09581150114536285,0
0,0.09581150114536285,0
0,0.09581150114536285,0
0,0.09581150114536285,0
0,0.09581150114536285,0
0,0.09581150114536285,0
0,0.09581150114536285,0
0,0.09581150114536285,0
0,0.09581150114536285,0
0,0.09581150114536285,0
0,0.09581150114536285,0
0,0.09581150114536285,0
0,0.09581150114536285,0
0,0.09581150114536285,0
0,0.09581150114536285,0
0,0.09581150114536285,0
0,0.09581150114536285,0
0,0.09581150114536285,0
0,0.09581150114536285,0
0,0.09581150114536285,0
0,0.09581150114536285,0
0,0.09581150114536285,0
0,0.09581150114536285,0
0,0.09581150114536285,0
0,0.09581150114536285,0
0,0.09581150114536285,0
0,0.09581150114536285,0
0,0.09581150114536285,0
0,0.09581150114536285,0
0,0.09581150114536285,0
0,0.09581150114536285,0
0,0.09581150114536285,0
0,0.09581150114536285,0
0,0.09581150114536285,0
0,0.09581150114536285,0
0,0.09581150114536285,0
0,0.09581150114536285,0
0,0.09581150114536285,0
0,0.09581150114536285,0
0,0.09581150114536285,0
0,0.09581150114536285,0
0,0.09581150114536285,0
0,0.09581150114536285,0
0,0.09581150114536285,0
0,0.09581150114536285,0
0,0.09581150114536285,0
0,0.09581150114536285,0
0,0.09581150114536285,0
0,0.09581150114536285,0
0,0.09581150114536285,0
0,0.09581150114536285,0
0,0.09581150114536285,0
0,0.09581150114536285,0
0,0.09581150114536285,0
0,0.09581150114536285,0
0,0.09581150114536285,0
0,0.09581150114536285,0
0,0.09581150114536285,0
0,0.09581150114536285,0
0,0.09581150114536285,0
0,0.09581150114536285,0
0,0.09581150114536285,0
0,0.09581150114536285,0
0,0.09581150114536285,0
0,0.09581150114536285,0
0,0.09581150114536285,0
0,0.09581150114536285,0
0,0.09581150114536285,0
0,0.09581150114536285,0
0,0.09581150114536285,0
0,0.09581150114536285,0
0,0.09581150114536285,0
0,0.09581150114536285,0
0,0.09581150114536285,0
0,0.09581150114536285,0
0,0.09581150114536285,0
0,0.09581150114536285,0
0,0.09581150114536285,0
0,0.09581150114536285,0
0,0.09581150114536285,0
0,0.09581150114536285,0
0,0.09581150114536285,0
0,0.09581150114536285,0
0,0.09581150114536285,0
0,0.09581150114536285,0
0,0.09581150114536285,0
0,0.09581150114536285,0
0,0.09581150114536285,0
0,0.09581150114536285,0
0,0.09581150114536285,0
0,0.09581150114536285,0
0,0.09581150114536285,0
0,0.09581150114536285,0
0,0.09581150114536285,0
0,0.09581150114536285,0
0,0.09581150114536285,0
0,0.09581150114536285,0
0,0.09581150114536285,0
0,0.09581150114536285,0
0,0.09581150114536285,0
0,0.09581150114536285,0
0,0.09581150114536285,0
0,0.09581150114536285,0
0,0.09581150114536285,0
0,0.09581150114536285,0
0,0.09581150114536285,0
0,0.09581150114536285,0
0,0.09581150114536285,0
0,0.09581150114536285,0
0,0.09581150114536285,0
0,0.09581150114536285,0
0,0.09581150114536285,0
0,0.09581150114536285,0
0,0.09581150114536285,0
0,0.09581150114536285,0
0,0.09581150114536285,0
0,0.09581150114536285,0
0,0.09581150114536285,0
0,0.09581150114536285,0
0,0.09581150114536285,0
0,0.09581150114536285,0
0,0.09581150114536285,0
0,0.09581150114536285,0
0,0.09581150114536285,0
0,0.09581150114536285,0
0,0.09581150114536285,0
0,0.09581150114536285,0
0,0.09581150114536285,0
0,0.09581150114536285,0
0,0.09581150114536285,0
0,0.09581150114536285,0
0,0.09581150114536285,0
0,0.09581150114536285,0
0,0.09581150114536285,0
0,0.09581150114536285,0
0,0.09581150114536285,0
0,0.09581150114536285,0
0,0.09581150114536285,0
0,0.09581150114536285,0
0,0.09581150114536285,0
0,0.09581150114536285,0
0,0.09581150114536285,0
0,0.09581150114536285,0
0,0.09581150114536285,0
0,0.09581150114536285,0
0,0.09581150114536285,0
0,0.09581150114536285,0
0,0.09581150114536285,0
0,0.09581150114536285,0
0,0.09581150114536285,0
0,0.09581150114536285,0
0,0.09581150114536285,0
0,0.09581150114536285,0
0,0.09581150114536285,0
0,0.09581150114536285,0
0,0.09581150114536285,0
0,0.09581150114536285,0
0,0.09581150114536285,0
0,0.09581150114536285,0
0,0.09581150114536285,0
0,0.09581150114536285,0
0,0.09581150114536285,0
0,0.09581150114536285,0
0,0.09581150114536285,0
0,0.09581150114536285,0
0,0.09581150114536285,0
0,0.09581150114536285,0
0,0.09581150114536285,0
0,0.09581150114536285,0
0,0.09581150114536285,0
0,0.09581150114536285,0
0,0.09581150114536285,0
0,0.09581150114536285,0
0,0.09581150114536285,0
0,0.09581150114536285,0
0,0.09581150114536285,0
0,0.09581150114536285,0
0,0.09581150114536285,0
0,0.09581150114536285,0
0,0.09581150114536285,0
0,0.09581150114536285,0
0,0.09581150114536285,0
0,0.09581150114536285,0
0,0.09581150114536285,0
0,0.09581150114536285,0
0,0.09581150114536285,0
0,0.09581150114536285,0
0,0.09581150114536285,0
0,0.09581150114536285,0
0,0.09581150114536285,0
0,0.09581150114536285,0
0,0.09581150114536285,0
0,0.09581150114536285,0
0,0.09581150114536285,0
0,0.09581150114536285,0
0,0.09581150114536285,0
0,0.09581150114536285,0
0,0.09581150114536285,0
0,0.09581150114536285,0
0,0.09581150114536285,0
0,0.09581150114536285,0
0,0.09581150114536285,0
0,0.09581150114536285,0
0,0.09581150114536285,0
0,0.09581150114536285,0
0,0.09581150114536285,0
0,0.09581150114536285,0
0,0.09581150114536285,0
0,0.09581150114536285,0
0,0.09581150114536285,0
0,0.09581150114536285,0
0,0.09581150114536285,0
0,0.09581150114536285,0
0,0.09581150114536285,0
0,0.09581150114536285,0
0,0.09581150114536285,0
0,0.09581150114536285,0
0,0.09581150114536285,0
0,0.09581150114536285,0
0,0.09581150114536285,0
0,0.09581150114536285,0
0,0.09581150114536285,0
0,0.09581150114536285,0
0,0.09581150114536285,0
0,0.09581150114536285,0
0,0.09581150114536285,0
0,0.09581150114536285,0
0,0.09581150114536285,0
0,0.09581150114536285,0
0,0.09581150114536285,0
0,0.09581150114536285,0
0,0.09581150114536285,0
0,0.09581150114536285,0
0,0.09581150114536285,0
0,0.09581150114536285,0
0,0.09581150114536285,0
0,0.09581150114536285,0
0,0.09581150114536285,0
0,0.09581150114536285,0
0,0.09581150114536285,0
0,0.09581150114536285,0
0,0.09581150114536285,0
0,0.09581150114536285,0
0,0.09581150114536285,0
0,0.09581150114536285,0
0,0.09581150114536285,0
0,0.09581150114536285,0
0,0.09581150114536285,0
0,0.09581150114536285,0
0,0.09581150114536285,0
0,0.09581150114536285,0
0,0.09581150114536285,0
0,0.09581150114536285,0
0,0.09581150114536285,0
0,0.09581150114536285,0
0,0.09581150114536285,0
0,0.09581150114536285,0
0,0.09581150114536285,0
0,0.09581150114536285,0
0,0.09581150114536285,0
0,0.09581150114536285,0
0,0.09581150114536285,0
0,0.09581150114536285,0
0,0.09581150114536285,0
0,0.09581150114536285,0
0,0.09581150114536285,0
0,0.09581150114536285,0
0,0.09581150114536285,0
0,0.09581150114536285,0
0,0.09581150114536285,0
0,0.09581150114536285,0
0,0.09581150114536285,0
0,0.09581150114536285,0
0,0.09581150114536285,0
0,0.09581150114536285,0
0,0.09581150114536285,0
0,0.09581150114536285,0
0,0.09581150114536285,0
0,0.09581150114536285,0
0,0.09581150114536285,0
0,0.09581150114536285,0
0,0.09581150114536285,0
0,0.09581150114536285,0
0,0.09581150114536285,0
0,0.09581150114536285,0
0,0.09581150114536285,0
0,0.09581150114536285,0
0,0.09581150114536285,0
0,0.09581150114536285,0
0,0.09581150114536285,0
0,0.09581150114536285,0
0,0.09581150114536285,0
0,0.09581150114536285,0
0,0.09581150114536285,0
0,0.09581150114536285,0
0,0.09581150114536285,0
0,0.09581150114536285,0
0,0.09581150114536285,0
0,0.09581150114536285,0
0,0.09581150114536285,0
0,0.09581150114536285,0
0,0.09581150114536285,0
0,0.09581150114536285,0
0,0.09581150114536285,0
0,0.09581150114536285,0
0,0.09581150114536285,0
0,0.09581150114536285,0
0,0.09581150114536285,0
0,0.09581150114536285,0
0,0.09581150114536285,0
0,0.09581150114536285,0
0,0.09581150114536285,0
0,0.09581150114536285,0
0,0.09581150114536285,0
0,0.09581150114536285,0
0,0.09581150114536285,0
0,0.09581150114536285,0
0,0.09581150114536285,0
0,0.09581150114536285,0
0,0.09581150114536285,0
0,0.09581150114536285,0
0,0.09581150114536285,0
0,0.09581150114536285,0
0,0.09581150114536285,0
0,0.09581150114536285,0
0,0.09581150114536285,0
0,0.09581150114536285,0
0,0.09581150114536285,0
0,0.09581150114536285,0
0,0.09581150114536285,0
0,0.09581150114536285,0
0,0.09581150114536285,0
0,0.09581150114536285,0
0,0.09581150114536285,0
0,0.09581150114536285,0
0,0.09581150114536285,0
0,0.09581150114536285,0
0,0.09581150114536285,0
0,0.09581150114536285,0
0,0.09581150114536285,0
0,0.09581150114536285,0
0,0.09581150114536285,0
0,0.09581150114536285,0
0,0.09581150114536285,0
0,0.09581150114536285,0
0,0.09581150114536285,0
0,0.09581150114536285,0
0,0.09581150114536285,0
0,0.09581150114536285,0
0,0.09581150114536285,0
0,0.09581150114536285,0
0,0.09581150114536285,0
0,0.09581150114536285,0
0,0.09581150114536285,0
0,0.09581150114536285,0
0,0.09581150114536285,0
0,0.09581150114536285,0
0,0.09581150114536285,0
0,0.09581150114536285,0
0,0.09581150114536285,0
0,0.09581150114536285,0
0,0.09581150114536285,0
0,0.09581150114536285,0
0,0.09581150114536285,0
0,0.09581150114536285,0
0,0.09581150114536285,0
0,0.09581150114536285,0
0,0.09581150114536285,0
0,0.09581150114536285,0
0,0.09581150114536285,0
0,0.09581150114536285,0
0,0.09581150114536285,0
0,0.09581150114536285,0
0,0.09581150114536285,0
0,0.09581150114536285,0
0,0.09581150114536285,0
0,0.09581150114536285,0
0,0.09581150114536285,0
0,0.09581150114536285,0
0,0.09581150114536285,0
0,0.09581150114536285,0
0,0.09581150114536285,0
0,0.09581150114536285,0
0,0.09581150114536285,0
0,0.09581150114536285,0
0,0.09581150114536285,0
0,0.09581150114536285,0
0,0.09581150114536285,0
0,0.09581150114536285,0
0,0.09581150114536285,0
0,0.09581150114536285,0
0,0.09581150114536285,0
0,0.09581150114536285,0
0,0.09581150114536285,0
0,0.09581150114536285,0
0,0.09581150114536285,0
0,0.09581150114536285,0
0,0.09581150114536285,0
0,0.09581150114536285,0
0,0.09581150114536285,0
0,0.09581150114536285,0
0,0.09581150114536285,0
0,0.09581150114536285,0
0,0.09581150114536285,0
0,0.09581150114536285,0
0,0.09581150114536285,0
0,0.09581150114536285,0
0,0.09581150114536285,0
0,0.09581150114536285,0
0,0.09581150114536285,0
0,0.09581150114536285,0
0,0.09581150114536285,0
0,0.09581150114536285,0
0,0.09581150114536285,0
0,0.09581150114536285,0
0,0.09581150114536285,0
0,0.09581150114536285,0
0,0.09581150114536285,0
0,0.09581150114536285,0
0,0.09581150114536285,0
0,0.09581150114536285,0
0,0.09581150114536285,0
0,0.09581150114536285,0
0,0.09581150114536285,0
0,0.09581150114536285,0
0,0.09581150114536285,0
0,0.09581150114536285,0
0,0.09581150114536285,0
0,0.09581150114536285,0
0,0.09581150114536285,0
0,0.09581150114536285,0
0,0.09581150114536285,0
0,0.09581150114536285,0
0,0.09581150114536285,0
0,0.09581150114536285,0
0,0.09581150114536285,0
0,0.09581150114536285,0
0,0.09581150114536285,0
0,0.09581150114536285,0
0,0.09581150114536285,0
0,0.09581150114536285,0
0,0.09581150114536285,0
0,0.09581150114536285,0
0,0.09581150114536285,0
0,0.09581150114536285,0
0,0.09581150114536285,0
0,0.09581150114536285,0
0,0.09581150114536285,0
0,0.09581150114536285,0
0,0.09581150114536285,0
0,0.09581150114536285,0
0,0.09581150114536285,0
0,0.09581150114536285,0
0,0.09581150114536285,0
0,0.09581150114536285,0
0,0.09581150114536285,0
0,0.09581150114536285,0
0,0.09581150114536285,0
0,0.09581150114536285,0
0,0.09581150114536285,0
0,0.09581150114536285,0
0,0.09581150114536285,0
0,0.09581150114536285,0
0,0.09581150114536285,0
0,0.09581150114536285,0
0,0.09581150114536285,0
0,0.09581150114536285,0
0,0.09581150114536285,0
0,0.09581150114536285,0
0,0.09581150114536285,0
0,0.09581150114536285,0
0,0.09581150114536285,0
0,0.09581150114536285,0
0,0.09581150114536285,0
0,0.09581150114536285,0
0,0.09581150114536285,0
0,0.09581150114536285,0
0,0.09581150114536285,0
0,0.09581150114536285,0
0,0.09581150114536285,0
0,0.09581150114536285,0
0,0.09581150114536285,0
0,0.09581150114536285,0
0,0.09581150114536285,0
0,0.09581150114536285,0
0,0.09581150114536285,0
0,0.09581150114536285,0
0,0.09581150114536285,0
0,0.09581150114536285,0
0,0.09581150114536285,0
0,0.09581150114536285,0
0,0.09581150114536285,0
0,0.09581150114536285,0
0,0.09581150114536285,0
0,0.09581150114536285,0
0,0.09581150114536285,0
0,0.09581150114536285,0
0,0.09581150114536285,0
0,0.09581150114536285,0
0,0.09581150114536285,0
0,0.09581150114536285,0
0,0.09581150114536285,0
0,0.09581150114536285,0
0,0.09581150114536285,0
0,0.09581150114536285,0
0,0.09581150114536285,0
0,0.09581150114536285,0
0,0.09581150114536285,0
0,0.09581150114536285,0
0,0.09581150114536285,0
0,0.09581150114536285,0
0,0.09581150114536285,0
0,0.09581150114536285,0
0,0.09581150114536285,0
0,0.09581150114536285,0
0,0.09581150114536285,0
0,0.09581150114536285,0
0,0.09581150114536285,0
0,0.09581150114536285,0
0,0.09581150114536285,0
0,0.09581150114536285,0
0,0.09581150114536285,0
0,0.09581150114536285,0
0,0.09581150114536285,0
0,0.09581150114536285,0
0,0.09581150114536285,0
0,0.09581150114536285,0
0,0.09581150114536285,0
0,0.09581150114536285,0
0,0.09581150114536285,0
0,0.09581150114536285,0
0,0.09581150114536285,0
0,0.09581150114536285,0
0,0.09581150114536285,0
0,0.09581150114536285,0
0,0.09581150114536285,0
0,0.09581150114536285,0
0,0.09581150114536285,0
0,0.09581150114536285,0
0,0.09581150114536285,0
0,0.09581150114536285,0
0,0.09581150114536285,0
0,0.09581150114536285,0
0,0.09581150114536285,0
0,0.09581150114536285,0
0,0.09581150114536285,0
0,0.09581150114536285,0
0,0.09581150114536285,0
0,0.09581150114536285,0
0,0.09581150114536285,0
0,0.09581150114536285,0
0,0.09581150114536285,0
0,0.09581150114536285,0
0,0.09581150114536285,0
0,0.09581150114536285,0
0,0.09581150114536285,0
0,0.09581150114536285,0
0,0.09581150114536285,0
0,0.09581150114536285,0
0,0.09581150114536285,0
0,0.09581150114536285,0
0,0.09581150114536285,0
0,0.09581150114536285,0
0,0.09581150114536285,0
0,0.09581150114536285,0
0,0.09581150114536285,0
0,0.09581150114536285,0
0,0.09581150114536285,0
0,0.09581150114536285,0
0,0.09581150114536285,0
0,0.09581150114536285,0
0,0.09581150114536285,0
0,0.09581150114536285,0
0,0.09581150114536285,0
0,0.09581150114536285,0
0,0.09581150114536285,0
0,0.09581150114536285,0
0,0.09581150114536285,0
0,0.09581150114536285,0
0,0.09581150114536285,0
0,0.09581150114536285,0
0,0.09581150114536285,0
0,0.09581150114536285,0
0,0.09581150114536285,0
0,0.09581150114536285,0
0,0.09581150114536285,0
0,0.09581150114536285,0
0,0.09581150114536285,0
0,0.09581150114536285,0
0,0.09581150114536285,0
0,0.09581150114536285,0
0,0.09581150114536285,0
0,0.09581150114536285,0
0,0.09581150114536285,0
0,0.09581150114536285,0
0,0.09581150114536285,0
0,0.09581150114536285,0
0,0.09581150114536285,0
0,0.09581150114536285,0
0,0.09581150114536285,0
0,0.09581150114536285,0
0,0.09581150114536285,0
0,0.09581150114536285,0
0,0.09581150114536285,0
0,0.09581150114536285,0
0,0.09581150114536285,0
0,0.09581150114536285,0
0,0.09581150114536285,0
0,0.09581150114536285,0
0,0.09581150114536285,0
0,0.09581150114536285,0
0,0.09581150114536285,0
0,0.09581150114536285,0
0,0.09581150114536285,0
0,0.09581150114536285,0
0,0.09581150114536285,0
0,0.09581150114536285,0
0,0.09581150114536285,0
0,0.09581150114536285,0
0,0.09581150114536285,0
0,0.09581150114536285,0
0,0.09581150114536285,0
0,0.09581150114536285,0
0,0.09581150114536285,0
0,0.09581150114536285,0
0,0.09581150114536285,0
0,0.09581150114536285,0
0,0.09581150114536285,0
0,0.09581150114536285,0
0,0.09581150114536285,0
0,0.09581150114536285,0
0,0.09581150114536285,0
0,0.09581150114536285,0
0,0.09581150114536285,0
0,0.09581150114536285,0
0,0.09581150114536285,0
0,0.09581150114536285,0
0,0.09581150114536285,0
0,0.09581150114536285,0
0,0.09581150114536285,0
0,0.09581150114536285,0
0,0.09581150114536285,0
0,0.09581150114536285,0
0,0.09581150114536285,0
0,0.09581150114536285,0
0,0.09581150114536285,0
0,0.09581150114536285,0
0,0.09581150114536285,0
0,0.09581150114536285,0
0,0.883767306804657,0
0,0.8632813096046448,0
0,0.8468464016914368,0
0,0.8307079672813416,0
0,0.8125883340835571,0
0,0.7851958274841309,0
0,0.7540867328643799,0
0,0.7434166669845581,0
0,0.7469439506530762,0
0,0.7541808485984802,0
0,0.7545438408851624,0
0,0.7282616496086121,0
0,0.6804725527763367,0
0,0.6562877893447876,0
0,0.6852715611457825,0
0,0.7351422905921936,0
0,0.7442667484283447,0
0,0.7101284265518188,0
0,0.6404545903205872,0
0,0.5794359445571899,0
0,0.5981054902076721,0
0,0.6770144104957581,0
0,0.7196396589279175,0
0,0.7175034880638123,0
0,0.6955389380455017,0
0,0.670813798904419,0
0,0.6545332670211792,0
0,0.6471360921859741,0
0,0.5066333413124084,0
0,0.09581150114536285,0
0,0.09581150114536285,0
0,0.09581150114536285,0
0,0.09581150114536285,0
0,0.09581150114536285,0
0,0.09581150114536285,0
0,0.09581150114536285,0
0,0.09581150114536285,0
0,0.09581150114536285,0
0,0.09581150114536285,0
0,0.09581150114536285,0
0,0.09581150114536285,0
0,0.09581150114536285,0
0,0.09581150114536285,0
0,0.09581150114536285,0
0,0.09581150114536285,0
0,0.09581150114536285,0
0,0.09581150114536285,0
0,0.09581150114536285,0
0,0.09581150114536285,0
0,0.09581150114536285,0
0,0.09581150114536285,0
0,0.09581150114536285,0
0,0.09581150114536285,0
0,0.09581150114536285,0
0,0.09581150114536285,0
0,0.09581150114536285,0
0,0.09581150114536285,0
0,0.09581150114536285,0
0,0.09581150114536285,0
0,0.09581150114536285,0
0,0.09581150114536285,0
0,0.09581150114536285,0
0,0.09581150114536285,0
0,0.09581150114536285,0
0,0.09581150114536285,0
0,0.09581150114536285,0
0,0.09581150114536285,0
0,0.09581150114536285,0
0,0.09581150114536285,0
0,0.09581150114536285,0
0,0.09581150114536285,0
0,0.09581150114536285,0
0,0.09581150114536285,0
0,0.09581150114536285,0
0,0.09581150114536285,0
0,0.09581150114536285,0
0,0.09581150114536285,0
0,0.09581150114536285,0
0,0.09581150114536285,0
0,0.09581150114536285,0
0,0.09581150114536285,0
0,0.09581150114536285,0
0,0.09581150114536285,0
0,0.09581150114536285,0
0,0.09581150114536285,0
0,0.09581150114536285,0
0,0.09581150114536285,0
0,0.09581150114536285,0
0,0.09581150114536285,0
0,0.09581150114536285,0
0,0.09581150114536285,0
0,0.09581150114536285,0
0,0.09581150114536285,0
0,0.09581150114536285,0
0,0.09581150114536285,0
0,0.09581150114536285,0
0,0.09581150114536285,0
0,0.09581150114536285,0
0,0.09581150114536285,0
0,0.09581150114536285,0
0,0.09581150114536285,0
0,0.09581150114536285,0
0,0.09581150114536285,0
0,0.09581150114536285,0
0,0.09581150114536285,0
0,0.09581150114536285,0
0,0.09581150114536285,0
0,0.09581150114536285,0
0,0.09581150114536285,0
0,0.09581150114536285,0
0,0.09581150114536285,0
0,0.09581150114536285,0
0,0.09581150114536285,0
0,0.09581150114536285,0
0,0.09581150114536285,0
0,0.09581150114536285,0
0,0.09581150114536285,0
0,0.09581150114536285,0
0,0.09581150114536285,0
0,0.09581150114536285,0
0,0.09581150114536285,0
0,0.09581150114536285,0
0,0.09581150114536285,0
0,0.09581150114536285,0
0,0.09581150114536285,0
0,0.09581150114536285,0
0,0.09581150114536285,0
0,0.09581150114536285,0
0,0.09581150114536285,0
0,0.09581150114536285,0
0,0.09581150114536285,0
0,0.09581150114536285,0
0,0.09581150114536285,0
0,0.09581150114536285,0
0,0.09581150114536285,0
0,0.09581150114536285,0
0,0.09581150114536285,0
0,0.09581150114536285,0
0,0.09581150114536285,0
0,0.09581150114536285,0
0,0.09581150114536285,0
0,0.09581150114536285,0
0,0.09581150114536285,0
0,0.09581150114536285,0
0,0.09581150114536285,0
0,0.09581150114536285,0
0,0.09581150114536285,0
0,0.09581150114536285,0
0,0.09581150114536285,0
0,0.09581150114536285,0
0,0.09581150114536285,0
0,0.09581150114536285,0
0,0.09581150114536285,0
0,0.09581150114536285,0
0,0.09581150114536285,0
0,0.09581150114536285,0
0,0.09581150114536285,0
0,0.09581150114536285,0
0,0.09581150114536285,0
0,0.09581150114536285,0
0,0.09581150114536285,0
0,0.09581150114536285,0
0,0.09581150114536285,0
0,0.09581150114536285,0
0,0.09581150114536285,0
0,0.09581150114536285,0
0,0.09581150114536285,0
0,0.09581150114536285,0
0,0.09581150114536285,0
0,0.09581150114536285,0
0,0.09581150114536285,0
0,0.09581150114536285,0
0,0.09581150114536285,0
0,0.09581150114536285,0
0,0.09581150114536285,0
0,0.09581150114536285,0
0,0.09581150114536285,0
0,0.09581150114536285,0
0,0.09581150114536285,0
0,0.09581150114536285,0
0,0.09581150114536285,0
0,0.09581150114536285,0
0,0.09581150114536285,0
0,0.09581150114536285,0
0,0.09581150114536285,0
0,0.09581150114536285,0
0,0.09581150114536285,0
0,0.09581150114536285,0
0,0.09581150114536285,0
0,0.09581150114536285,0
0,0.09581150114536285,0
0,0.09581150114536285,0
0,0.09581150114536285,0
0,0.09581150114536285,0
0,0.09581150114536285,0
0,0.09581150114536285,0
0,0.09581150114536285,0
0,0.09581150114536285,0
0,0.09581150114536285,0
0,0.09581150114536285,0
0,0.09581150114536285,0
0,0.09581150114536285,0
0,0.09581150114536285,0
0,0.09581150114536285,0
0,0.09581150114536285,0
0,0.09581150114536285,0
0,0.09581150114536285,0
0,0.09581150114536285,0
0,0.09581150114536285,0
0,0.09581150114536285,0
0,0.09581150114536285,0
0,0.09581150114536285,0
0,0.09581150114536285,0
0,0.09581150114536285,0
0,0.09581150114536285,0
0,0.09581150114536285,0
0,0.09581150114536285,0
0,0.09581150114536285,0
0,0.09581150114536285,0
0,0.09581150114536285,0
0,0.09581150114536285,0
0,0.09581150114536285,0
0,0.09581150114536285,0
0,0.09581150114536285,0
0,0.09581150114536285,0
0,0.09581150114536285,0
0,0.09581150114536285,0
0,0.09581150114536285,0
0,0.09581150114536285,0
0,0.09581150114536285,0
0,0.09581150114536285,0
0,0.09581150114536285,0
0,0.09581150114536285,0
0,0.09581150114536285,0
0,0.09581150114536285,0
0,0.09581150114536285,0
0,0.09581150114536285,0
0,0.09581150114536285,0
0,0.09581150114536285,0
0,0.09581150114536285,0
0,0.09581150114536285,0
0,0.09581150114536285,0
0,0.09581150114536285,0
0,0.09581150114536285,0
0,0.09581150114536285,0
0,0.09581150114536285,0
0,0.09581150114536285,0
0,0.09581150114536285,0
1,0.09581150114536285,0
0,0.8923224210739136,0
0,0.8895574808120728,0
0,0.883767306804657,0
0,0.8632813096046448,0
0,0.8468464016914368,0
0,0.8307079672813416,0
0,0.8125883340835571,0
0,0.7851958274841309,0
0,0.7540867328643799,0
0,0.7434166669845581,0
0,0.7469439506530762,0
0,0.7541808485984802,0
0,0.7545438408851624,0
0,0.7282616496086121,0
0,0.6804725527763367,0
0,0.6562877893447876,0
0,0.6852715611457825,0
0,0.7351422905921936,0
0,0.7442667484283447,0
0,0.7101284265518188,0
0,0.6404545903205872,0
0,0.5794359445571899,0
0,0.5981054902076721,0
0,0.6770144104957581,0
0,0.7196396589279175,0
0,0.7175034880638123,0
0,0.6955389380455017,0
0,0.670813798904419,0
0,0.6545332670211792,0
0,0.6471360921859741,0
0,0.5066333413124084,0
0,0.09581150114536285,0
0,0.09581150114536285,0
0,0.09581150114536285,0
0,0.09581150114536285,0
0,0.09581150114536285,0
0,0.09581150114536285,0
0,0.09581150114536285,0
0,0.09581150114536285,0
0,0.09581150114536285,0
0,0.09581150114536285,0
0,0.09581150114536285,0
0,0.09581150114536285,0
0,0.09581150114536285,0
0,0.09581150114536285,0
0,0.09581150114536285,0
0,0.09581150114536285,0
0,0.09581150114536285,0
0,0.09581150114536285,0
0,0.09581150114536285,0
0,0.09581150114536285,0
0,0.09581150114536285,0
0,0.09581150114536285,0
0,0.09581150114536285,0
0,0.09581150114536285,0
0,0.09581150114536285,0
0,0.09581150114536285,0
0,0.09581150114536285,0
0,0.09581150114536285,0
0,0.09581150114536285,0
0,0.09581150114536285,0
0,0.09581150114536285,0
0,0.09581150114536285,0
0,0.09581150114536285,0
0,0.09581150114536285,0
0,0.09581150114536285,0
0,0.09581150114536285,0
0,0.09581150114536285,0
0,0.09581150114536285,0
0,0.09581150114536285,0
0,0.09581150114536285,0
0,0.09581150114536285,0
0,0.09581150114536285,0
0,0.09581150114536285,0
0,0.09581150114536285,0
0,0.09581150114536285,0
0,0.09581150114536285,0
0,0.09581150114536285,0
0,0.09581150114536285,0
0,0.09581150114536285,0
0,0.09581150114536285,0
0,0.09581150114536285,0
0,0.09581150114536285,0
0,0.09581150114536285,0
0,0.09581150114536285,0
0,0.09581150114536285,0
0,0.09581150114536285,0
0,0.09581150114536285,0
0,0.09581150114536285,0
0,0.09581150114536285,0
0,0.09581150114536285,0
0,0.09581150114536285,0
0,0.09581150114536285,0
0,0.09581150114536285,0
0,0.09581150114536285,0
0,0.09581150114536285,0
0,0.09581150114536285,0
0,0.09581150114536285,0
0,0.09581150114536285,0
0,0.09581150114536285,0
0,0.09581150114536285,0
0,0.09581150114536285,0
0,0.09581150114536285,0
0,0.09581150114536285,0
0,0.09581150114536285,0
0,0.09581150114536285,0
0,0.09581150114536285,0
0,0.09581150114536285,0
0,0.09581150114536285,0
0,0.09581150114536285,0
0,0.09581150114536285,0
0,0.09581150114536285,0
0,0.09581150114536285,0
0,0.09581150114536285,0
0,0.09581150114536285,0
0,0.09581150114536285,0
0,0.09581150114536285,0
0,0.09581150114536285,0
0,0.09581150114536285,0
0,0.09581150114536285,0
0,0.09581150114536285,0
0,0.09581150114536285,0
0,0.09581150114536285,0
0,0.09581150114536285,0
0,0.09581150114536285,0
0,0.09581150114536285,0
0,0.09581150114536285,0
0,0.09581150114536285,0
0,0.09581150114536285,0
0,0.09581150114536285,0
0,0.09581150114536285,0
0,0.09581150114536285,0
0,0.09581150114536285,0
0,0.09581150114536285,0
0,0.09581150114536285,0
0,0.09581150114536285,0
0,0.09581150114536285,0
0,0.09581150114536285,0
0,0.09581150114536285,0
0,0.09581150114536285,0
0,0.09581150114536285,0
0,0.09581150114536285,0
0,0.09581150114536285,0
0,0.09581150114536285,0
0,0.09581150114536285,0
0,0.09581150114536285,0
0,0.09581150114536285,0
0,0.09581150114536285,0
0,0.09581150114536285,0
0,0.09581150114536285,0
0,0.09581150114536285,0
0,0.09581150114536285,0
0,0.09581150114536285,0
0,0.09581150114536285,0
0,0.09581150114536285,0
0,0.09581150114536285,0
0,0.09581150114536285,0
0,0.09581150114536285,0
0,0.09581150114536285,0
0,0.09581150114536285,0
0,0.09581150114536285,0
0,0.09581150114536285,0
0,0.09581150114536285,0
0,0.09581150114536285,0
0,0.09581150114536285,0
0,0.09581150114536285,0
0,0.09581150114536285,0
0,0.09581150114536285,0
0,0.09581150114536285,0
0,0.09581150114536285,0
0,0.09581150114536285,0
0,0.09581150114536285,0
0,0.09581150114536285,0
0,0.09581150114536285,0
0,0.09581150114536285,0
0,0.09581150114536285,0
0,0.09581150114536285,0
0,0.09581150114536285,0
0,0.09581150114536285,0
0,0.09581150114536285,0
0,0.09581150114536285,0
0,0.09581150114536285,0
0,0.09581150114536285,0
0,0.09581150114536285,0
0,0.09581150114536285,0
0,0.09581150114536285,0
0,0.09581150114536285,0
0,0.09581150114536285,0
0,0.09581150114536285,0
0,0.09581150114536285,0
0,0.09581150114536285,0
0,0.09581150114536285,0
0,0.09581150114536285,0
0,0.09581150114536285,0
0,0.09581150114536285,0
0,0.09581150114536285,0
0,0.09581150114536285,0
0,0.09581150114536285,0
0,0.09581150114536285,0
0,0.09581150114536285,0
0,0.09581150114536285,0
0,0.09581150114536285,0
0,0.09581150114536285,0
0,0.09581150114536285,0
0,0.09581150114536285,0
0,0.09581150114536285,0
0,0.09581150114536285,0
0,0.09581150114536285,0
0,0.09581150114536285,0
0,0.09581150114536285,0
0,0.09581150114536285,0
0,0.09581150114536285,0
0,0.09581150114536285,0
0,0.09581150114536285,0
0,0.09581150114536285,0
0,0.09581150114536285,0
0,0.09581150114536285,0
0,0.09581150114536285,0
0,0.09581150114536285,0
0,0.09581150114536285,0
0,0.09581150114536285,0
0,0.09581150114536285,0
0,0.09581150114536285,0
0,0.09581150114536285,0
0,0.09581150114536285,0
0,0.09581150114536285,0
0,0.09581150114536285,0
0,0.09581150114536285,0
0,0.09581150114536285,0
0,0.09581150114536285,0
0,0.09581150114536285,0
0,0.09581150114536285,0
0,0.09581150114536285,0
0,0.09581150114536285,0
0,0.09581150114536285,0
0,0.09581150114536285,0
0,0.09581150114536285,0
0,0.09581150114536285,0
0,0.09581150114536285,0
0,0.09581150114536285,0
0,0.09581150114536285,0
0,0.09581150114536285,0
0,0.09581150114536285,0
0,0.09581150114536285,0
0,0.09581150114536285,0
0,0.09581150114536285,0
0,0.09581150114536285,0
0,0.09581150114536285,0
0,0.09581150114536285,0
0,0.09581150114536285,0
0,0.09581150114536285,0
0,0.09581150114536285,0
0,0.09581150114536285,0
0,0.09581150114536285,0
0,0.09581150114536285,0
0,0.09581150114536285,0
0,0.09581150114536285,0
0,0.09581150114536285,0
0,0.09581150114536285,0
0,0.09581150114536285,0
0,0.09581150114536285,0
0,0.09581150114536285,0
0,0.09581150114536285,0
0,0.09581150114536285,0
0,0.09581150114536285,0
0,0.09581150114536285,0
0,0.09581150114536285,0
0,0.09581150114536285,0
0,0.09581150114536285,0
0,0.09581150114536285,0
0,0.09581150114536285,0
0,0.09581150114536285,0
0,0.09581150114536285,0
0,0.09581150114536285,0
0,0.09581150114536285,0
0,0.09581150114536285,0
0,0.09581150114536285,0
0,0.09581150114536285,0
0,0.09581150114536285,0
0,0.09581150114536285,0
0,0.09581150114536285,0
0,0.09581150114536285,0
0,0.09581150114536285,0
0,0.09581150114536285,0
0,0.09581150114536285,0
0,0.09581150114536285,0
0,0.09581150114536285,0
0,0.09581150114536285,0
0,0.09581150114536285,0
0,0.09581150114536285,0
0,0.09581150114536285,0
0,0.09581150114536285,0
0,0.09581150114536285,0
0,0.09581150114536285,0
0,0.09581150114536285,0
0,0.09581150114536285,0
0,0.09581150114536285,0
0,0.09581150114536285,0
0,0.09581150114536285,0
0,0.09581150114536285,0
0,0.09581150114536285,0
0,0.09581150114536285,0
0,0.09581150114536285,0
0,0.09581150114536285,0
0,0.09581150114536285,0
0,0.09581150114536285,0
0,0.09581150114536285,0
0,0.09581150114536285,0
0,0.09581150114536285,0
0,0.09581150114536285,0
0,0.09581150114536285,0
0,0.09581150114536285,0
0,0.09581150114536285,0
0,0.09581150114536285,0
0,0.09581150114536285,0
0,0.09581150114536285,0
0,0.09581150114536285,0
0,0.09581150114536285,0
0,0.09581150114536285,0
0,0.09581150114536285,0
0,0.09581150114536285,0
0,0.09581150114536285,0
0,0.09581150114536285,0
0,0.09581150114536285,0
0,0.09581150114536285,0
0,0.09581150114536285,0
0,0.09581150114536285,0
0,0.09581150114536285,0
0,0.09581150114536285,0
0,0.09581150114536285,0
0,0.09581150114536285,0
0,0.09581150114536285,0
0,0.09581150114536285,0
0,0.09581150114536285,0
0,0.09581150114536285,0
0,0.09581150114536285,0
0,0.09581150114536285,0
0,0.09581150114536285,0
0,0.09581150114536285,0
0,0.09581150114536285,0
0,0.09581150114536285,0
0,0.09581150114536285,0
0,0.09581150114536285,0
0,0.09581150114536285,0
0,0.09581150114536285,0
0,0.09581150114536285,0
0,0.09581150114536285,0
0,0.09581150114536285,0
0,0.09581150114536285,0
0,0.09581150114536285,0
0,0.09581150114536285,0
0,0.09581150114536285,0
0,0.09581150114536285,0
0,0.09581150114536285,0
0,0.09581150114536285,0
0,0.09581150114536285,0
0,0.09581150114536285,0
0,0.09581150114536285,0
0,0.09581150114536285,0
0,0.09581150114536285,0
0,0.09581150114536285,0
0,0.09581150114536285,0
0,0.09581150114536285,0
0,0.09581150114536285,0
0,0.09581150114536285,0
0,0.09581150114536285,0
0,0.09581150114536285,0
0,0.09581150114536285,0
0,0.09581150114536285,0
0,0.09581150114536285,0
0,0.09581150114536285,0
0,0.09581150114536285,0
0,0.09581150114536285,0
0,0.09581150114536285,0
0,0.09581150114536285,0
0,0.09581150114536285,0
0,0.09581150114536285,0
0,0.09581150114536285,0
0,0.09581150114536285,0
0,0.09581150114536285,0
0,0.09581150114536285,0
0,0.09581150114536285,0
0,0.09581150114536285,0
0,0.09581150114536285,0
0,0.09581150114536285,0
0,0.09581150114536285,0
0,0.09581150114536285,0
0,0.09581150114536285,0
0,0.09581150114536285,0
0,0.09581150114536285,0
0,0.09581150114536285,0
0,0.09581150114536285,0
0,0.09581150114536285,0
0,0.09581150114536285,0
0,0.09581150114536285,0
0,0.09581150114536285,0
0,0.09581150114536285,0
0,0.09581150114536285,0
0,0.09581150114536285,0
0,0.09581150114536285,0
0,0.09581150114536285,0
0,0.09581150114536285,0
0,0.09581150114536285,0
0,0.09581150114536285,0
0,0.09581150114536285,0
0,0.09581150114536285,0
0,0.09581150114536285,0
0,0.09581150114536285,0
0,0.09581150114536285,0
0,0.09581150114536285,0
0,0.09581150114536285,0
0,0.09581150114536285,0
0,0.09581150114536285,0
0,0.09581150114536285,0
0,0.09581150114536285,0
0,0.09581150114536285,0
0,0.09581150114536285,0
0,0.09581150114536285,0
0,0.09581150114536285,0
0,0.09581150114536285,0
0,0.09581150114536285,0
0,0.09581150114536285,0
0,0.09581150114536285,0
0,0.09581150114536285,0
0,0.09581150114536285,0
0,0.09581150114536285,0
0,0.09581150114536285,0
0,0.09581150114536285,0
0,0.09581150114536285,0
0,0.09581150114536285,0
0,0.09581150114536285,0
0,0.09581150114536285,0
0,0.09581150114536285,0
0,0.09581150114536285,0
0,0.09581150114536285,0
0,0.09581150114536285,0
0,0.09581150114536285,0
0,0.09581150114536285,0
0,0.09581150114536285,0
0,0.09581150114536285,0
0,0.09581150114536285,0
0,0.09581150114536285,0
0,0.09581150114536285,0
0,0.09581150114536285,0
0,0.09581150114536285,0
0,0.09581150114536285,0
0,0.09581150114536285,0
0,0.09581150114536285,0
0,0.09581150114536285,0
0,0.09581150114536285,0
0,0.09581150114536285,0
0,0.09581150114536285,0
0,0.09581150114536285,0
0,0.09581150114536285,0
0,0.09581150114536285,0
0,0.09581150114536285,0
0,0.09581150114536285,0
0,0.09581150114536285,0
0,0.09581150114536285,0
0,0.09581150114536285,0
0,0.09581150114536285,0
0,0.09581150114536285,0
0,0.09581150114536285,0
0,0.09581150114536285,0
0,0.09581150114536285,0
0,0.09581150114536285,0
0,0.09581150114536285,0
0,0.09581150114536285,0
0,0.09581150114536285,0
0,0.09581150114536285,0
0,0.09581150114536285,0
0,0.09581150114536285,0
0,0.09581150114536285,0
0,0.09581150114536285,0
0,0.09581150114536285,0
0,0.09581150114536285,0
0,0.09581150114536285,0
0,0.09581150114536285,0
0,0.09581150114536285,0
0,0.09581150114536285,0
0,0.09581150114536285,0
0,0.09581150114536285,0
0,0.09581150114536285,0
0,0.09581150114536285,0
0,0.09581150114536285,0
0,0.09581150114536285,0
0,0.09581150114536285,0
0,0.09581150114536285,0
0,0.09581150114536285,0
0,0.09581150114536285,0
0,0.09581150114536285,0
0,0.09581150114536285,0
0,0.09581150114536285,0
0,0.09581150114536285,0
0,0.09581150114536285,0
0,0.09581150114536285,0
0,0.09581150114536285,0
0,0.09581150114536285,0
0,0.09581150114536285,0
0,0.09581150114536285,0
0,0.09581150114536285,0
0,0.09581150114536285,0
0,0.09581150114536285,0
0,0.09581150114536285,0
0,0.09581150114536285,0
0,0.09581150114536285,0
0,0.09581150114536285,0
0,0.09581150114536285,0
0,0.09581150114536285,0
0,0.09581150114536285,0
0,0.09581150114536285,0
0,0.09581150114536285,0
0,0.09581150114536285,0
0,0.09581150114536285,0
0,0.09581150114536285,0
0,0.09581150114536285,0
0,0.09581150114536285,0
0,0.09581150114536285,0
0,0.09581150114536285,0
0,0.09581150114536285,0
0,0.09581150114536285,0
0,0.09581150114536285,0
0,0.09581150114536285,0
0,0.09581150114536285,0
0,0.09581150114536285,0
0,0.09581150114536285,0
0,0.09581150114536285,0
0,0.09581150114536285,0
0,0.09581150114536285,0
0,0.09581150114536285,0
0,0.09581150114536285,0
0,0.09581150114536285,0
0,0.09581150114536285,0
0,0.09581150114536285,0
0,0.09581150114536285,0
0,0.09581150114536285,0
0,0.09581150114536285,0
0,0.09581150114536285,0
0,0.09581150114536285,0
0,0.09581150114536285,0
0,0.09581150114536285,0
0,0.09581150114536285,0
0,0.09581150114536285,0
0,0.09581150114536285,0
0,0.09581150114536285,0
0,0.09581150114536285,0
0,0.09581150114536285,0
0,0.09581150114536285,0
0,0.09581150114536285,0
0,0.09581150114536285,0
0,0.09581150114536285,0
0,0.09581150114536285,0
0,0.09581150114536285,0
0,0.09581150114536285,0
0,0.09581150114536285,0
0,0.09581150114536285,0
0,0.09581150114536285,0
0,0.09581150114536285,0
0,0.09581150114536285,0
0,0.09581150114536285,0
0,0.09581150114536285,0
0,0.09581150114536285,0
0,0.09581150114536285,0
0,0.09581150114536285,0
0,0.09581150114536285,0
0,0.09581150114536285,0
0,0.09581150114536285,0
0,0.09581150114536285,0
0,0.09581150114536285,0
0,0.09581150114536285,0
0,0.09581150114536285,0
0,0.09581150114536285,0
0,0.09581150114536285,0
0,0.09581150114536285,0
0,0.09581150114536285,0
0,0.09581150114536285,0
0,0.09581150114536285,0
0,0.09581150114536285,0
0,0.09581150114536285,0
0,0.09581150114536285,0
0,0.09581150114536285,0
0,0.09581150114536285,0
0,0.09581150114536285,0
0,0.09581150114536285,0
0,0.09581150114536285,0
0,0.09581150114536285,0
0,0.09581150114536285,0
0,0.09581150114536285,0
0,0.09581150114536285,0
0,0.09581150114536285,0
0,0.09581150114536285,0
0,0.09581150114536285,0
0,0.09581150114536285,0
0,0.09581150114536285,0
0,0.09581150114536285,0
0,0.09581150114536285,0
0,0.09581150114536285,0
0,0.09581150114536285,0
0,0.09581150114536285,0
0,0.09581150114536285,0
0,0.09581150114536285,0
0,0.09581150114536285,0
0,0.09581150114536285,0
0,0.09581150114536285,0
0,0.09581150114536285,0
0,0.09581150114536285,0
0,0.09581150114536285,0
0,0.09581150114536285,0
0,0.09581150114536285,0
0,0.09581150114536285,0
0,0.09581150114536285,0
0,0.09581150114536285,0
0,0.09581150114536285,0
0,0.09581150114536285,0
0,0.09581150114536285,0
0,0.09581150114536285,0
0,0.09581150114536285,0
0,0.09581150114536285,0
0,0.09581150114536285,0
0,0.09581150114536285,0
0,0.09581150114536285,0
0,0.09581150114536285,0
0,0.09581150114536285,0
0,0.09581150114536285,0
0,0.09581150114536285,0
0,0.09581150114536285,0
0,0.09581150114536285,0
0,0.09581150114536285,0
0,0.09581150114536285,0
0,0.09581150114536285,0
0,0.09581150114536285,0
0,0.09581150114536285,0
0,0.09581150114536285,0
0,0.09581150114536285,0
0,0.09581150114536285,0
0,0.09581150114536285,0
0,0.09581150114536285,0
0,0.09581150114536285,0
0,0.09581150114536285,0
0,0.09581150114536285,0
0,0.09581150114536285,0
0,0.09581150114536285,0
0,0.09581150114536285,0
0,0.09581150114536285,0
0,0.09581150114536285,0
0,0.09581150114536285,0
0,0.09581150114536285,0
0,0.09581150114536285,0
0,0.09581150114536285,0
0,0.09581150114536285,0
0,0.09581150114536285,0
0,0.09581150114536285,0
0,0.09581150114536285,0
0,0.09581150114536285,0
0,0.09581150114536285,0
0,0.09581150114536285,0
0,0.09581150114536285,0
0,0.09581150114536285,0
0,0.09581150114536285,0
0,0.09581150114536285,0
0,0.09581150114536285,0
0,0.09581150114536285,0
0,0.09581150114536285,0
0,0.09581150114536285,0
0,0.09581150114536285,0
0,0.09581150114536285,0
0,0.09581150114536285,0
0,0.09581150114536285,0
0,0.09581150114536285,0
0,0.09581150114536285,0
0,0.09581150114536285,0
0,0.09581150114536285,0
0,0.09581150114536285,0
0,0.09581150114536285,0
0,0.09581150114536285,0
0,0.09581150114536285,0
0,0.09581150114536285,0
0,0.09581150114536285,0
0,0.09581150114536285,0
0,0.09581150114536285,0
0,0.09581150114536285,0
0,0.09581150114536285,0
0,0.09581150114536285,0
0,0.09581150114536285,0
0,0.09581150114536285,0
0,0.09581150114536285,0
0,0.09581150114536285,0
0,0.09581150114536285,0
0,0.09581150114536285,0
0,0.09581150114536285,0
0,0.09581150114536285,0
0,0.09581150114536285,0
0,0.09581150114536285,0
0,0.09581150114536285,0
0,0.09581150114536285,0
0,0.09581150114536285,0
0,0.09581150114536285,0
0,0.09581150114536285,0
0,0.09581150114536285,0
0,0.09581150114536285,0
0,0.09581150114536285,0
0,0.09581150114536285,0
0,0.09581150114536285,0
0,0.09581150114536285,0
0,0.09581150114536285,0
0,0.09581150114536285,0
0,0.09581150114536285,0
0,0.09581150114536285,0
0,0.09581150114536285,0
0,0.09581150114536285,0
0,0.09581150114536285,0
0,0.09581150114536285,0
0,0.09581150114536285,0
0,0.09581150114536285,0
0,0.09581150114536285,0
0,0.09581150114536285,0
0,0.09581150114536285,0
0,0.09581150114536285,0
0,0.09581150114536285,0
0,0.09581150114536285,0
0,0.09581150114536285,0
0,0.09581150114536285,0
0,0.09581150114536285,0
0,0.09581150114536285,0
0,0.09581150114536285,0
0,0.09581150114536285,0
0,0.09581150114536285,0
0,0.09581150114536285,0
0,0.09581150114536285,0
0,0.09581150114536285,0
0,0.09581150114536285,0
0,0.09581150114536285,0
0,0.09581150114536285,0
0,0.09581150114536285,0
0,0.09581150114536285,0
0,0.09581150114536285,0
0,0.09581150114536285,0
0,0.09581150114536285,0
0,0.09581150114536285,0
0,0.09581150114536285,0
0,0.09581150114536285,0
0,0.09581150114536285,0
0,0.09581150114536285,0
0,0.09581150114536285,0
0,0.09581150114536285,0
0,0.09581150114536285,0
0,0.09581150114536285,0
0,0.09581150114536285,0
0,0.09581150114536285,0
0,0.09581150114536285,0
0,0.09581150114536285,0
0,0.09581150114536285,0
0,0.09581150114536285,0
0,0.09581150114536285,0
0,0.09581150114536285,0
0,0.09581150114536285,0
0,0.09581150114536285,0
0,0.09581150114536285,0
0,0.09581150114536285,0
0,0.09581150114536285,0
0,0.09581150114536285,0
0,0.09581150114536285,0
0,0.09581150114536285,0
0,0.09581150114536285,0
0,0.09581150114536285,0
0,0.09581150114536285,0
0,0.09581150114536285,0
0,0.09581150114536285,0
0,0.09581150114536285,0
0,0.09581150114536285,0
0,0.09581150114536285,0
0,0.09581150114536285,0
0,0.09581150114536285,0
0,0.09581150114536285,0
0,0.09581150114536285,0
0,0.09581150114536285,0
0,0.09581150114536285,0
0,0.09581150114536285,0
0,0.09581150114536285,0
0,0.09581150114536285,0
0,0.09581150114536285,0
0,0.09581150114536285,0
0,0.09581150114536285,0
0,0.09581150114536285,0
0,0.09581150114536285,0
0,0.09581150114536285,0
0,0.09581150114536285,0
0,0.09581150114536285,0
0,0.09581150114536285,0
0,0.09581150114536285,0
0,0.09581150114536285,0
0,0.09581150114536285,0
0,0.09581150114536285,0
0,0.09581150114536285,0
0,0.09581150114536285,0
0,0.09581150114536285,0
0,0.09581150114536285,0
0,0.09581150114536285,0
0,0.09581150114536285,0
0,0.09581150114536285,0
0,0.09581150114536285,0
0,0.09581150114536285,0
0,0.09581150114536285,0
0,0.09581150114536285,0
0,0.09581150114536285,0
0,0.09581150114536285,0
0,0.09581150114536285,0
0,0.09581150114536285,0
0,0.09581150114536285,0
0,0.09581150114536285,0
0,0.09581150114536285,0
0,0.09581150114536285,0
0,0.09581150114536285,0
0,0.09581150114536285,0
0,0.09581150114536285,0
0,0.09581150114536285,0
0,0.09581150114536285,0
0,0.09581150114536285,0
0,0.09581150114536285,0
0,0.09581150114536285,0
0,0.09581150114536285,0
0,0.09581150114536285,0
0,0.09581150114536285,0
0,0.09581150114536285,0
0,0.09581150114536285,0
0,0.09581150114536285,0
0,0.09581150114536285,0
0,0.09581150114536285,0
0,0.09581150114536285,0
0,0.09581150114536285,0
0,0.09581150114536285,0
0,0.09581150114536285,0
0,0.09581150114536285,0
0,0.09581150114536285,0
0,0.09581150114536285,0
0,0.09581150114536285,0
0,0.09581150114536285,0
0,0.09581150114536285,0
0,0.09581150114536285,0
0,0.09581150114536285,0
0,0.09581150114536285,0
0,0.09581150114536285,0
0,0.09581150114536285,0
0,0.09581150114536285,0
0,0.09581150114536285,0
0,0.09581150114536285,0
0,0.09581150114536285,0
0,0.09581150114536285,0
0,0.09581150114536285,0
0,0.09581150114536285,0
0,0.09581150114536285,0
0,0.09581150114536285,0
0,0.09581150114536285,0
0,0.09581150114536285,0
0,0.09581150114536285,0
0,0.09581150114536285,0
0,0.09581150114536285,0
0,0.09581150114536285,0
0,0.09581150114536285,0
0,0.09581150114536285,0
0,0.09581150114536285,0
0,0.09581150114536285,0
0,0.09581150114536285,0
0,0.09581150114536285,0
0,0.09581150114536285,0
0,0.09581150114536285,0
0,0.09581150114536285,0
0,0.09581150114536285,0
0,0.09581150114536285,0
0,0.09581150114536285,0
0,0.09581150114536285,0
0,0.09581150114536285,0
0,0.09581150114536285,0
0,0.09581150114536285,0
0,0.09581150114536285,0
0,0.09581150114536285,0
0,0.09581150114536285,0
0,0.09581150114536285,0
0,0.09581150114536285,0
0,0.09581150114536285,0
0,0.09581150114536285,0
0,0.09581150114536285,0
0,0.09581150114536285,0
0,0.09581150114536285,0
0,0.09581150114536285,0
0,0.09581150114536285,0
0,0.09581150114536285,0
0,0.09581150114536285,0
0,0.09581150114536285,0
0,0.09581150114536285,0
0,0.09581150114536285,0
0,0.09581150114536285,0
0,0.09581150114536285,0
0,0.09581150114536285,0
0,0.09581150114536285,0
0,0.09581150114536285,0
0,0.09581150114536285,0
0,0.09581150114536285,0
0,0.09581150114536285,0
0,0.09581150114536285,0
0,0.09581150114536285,0
0,0.09581150114536285,0
0,0.09581150114536285,0
0,0.09581150114536285,0
0,0.09581150114536285,0
0,0.09581150114536285,0
0,0.09581150114536285,0
0,0.09581150114536285,0
0,0.09581150114536285,0
0,0.09581150114536285,0
0,0.09581150114536285,0
0,0.09581150114536285,0
0,0.09581150114536285,0
0,0.09581150114536285,0
0,0.09581150114536285,0
0,0.09581150114536285,0
0,0.09581150114536285,0
0,0.09581150114536285,0
0,0.09581150114536285,0
0,0.09581150114536285,0
0,0.09581150114536285,0
0,0.09581150114536285,0
0,0.09581150114536285,0
0,0.09581150114536285,0
0,0.09581150114536285,0
0,0.09581150114536285,0
0,0.09581150114536285,0
0,0.09581150114536285,0
0,0.09581150114536285,0
0,0.09581150114536285,0
0,0.09581150114536285,0
0,0.09581150114536285,0
0,0.09581150114536285,0
0,0.09581150114536285,0
0,0.09581150114536285,0
0,0.09581150114536285,0
0,0.09581150114536285,0
0,0.09581150114536285,0
0,0.09581150114536285,0
0,0.09581150114536285,0
0,0.09581150114536285,0
0,0.09581150114536285,0
0,0.09581150114536285,0
0,0.09581150114536285,0
0,0.09581150114536285,0
0,0.09581150114536285,0
0,0.09581150114536285,0
0,0.09581150114536285,0
0,0.09581150114536285,0
0,0.09581150114536285,0
0,0.09581150114536285,0
0,0.09581150114536285,0
0,0.09581150114536285,0
0,0.09581150114536285,0
0,0.09581150114536285,0
0,0.09581150114536285,0
0,0.09581150114536285,0
0,0.09581150114536285,0
0,0.09581150114536285,0
0,0.09581150114536285,0
0,0.09581150114536285,0
0,0.09581150114536285,0
0,0.09581150114536285,0
0,0.09581150114536285,0
0,0.09581150114536285,0
0,0.09581150114536285,0
0,0.09581150114536285,0
0,0.09581150114536285,0
0,0.09581150114536285,0
0,0.09581150114536285,0
0,0.09581150114536285,0
0,0.09581150114536285,0
0,0.09581150114536285,0
0,0.09581150114536285,0
0,0.09581150114536285,0
0,0.09581150114536285,0
0,0.09581150114536285,0
0,0.09581150114536285,0
0,0.09581150114536285,0
0,0.09581150114536285,0
0,0.09581150114536285,0
0,0.09581150114536285,0
0,0.09581150114536285,0
0,0.09581150114536285,0
0,0.09581150114536285,0
0,0.09581150114536285,0
0,0.09581150114536285,0
0,0.09581150114536285,0
0,0.09581150114536285,0
0,0.09581150114536285,0
0,0.09581150114536285,0
0,0.09581150114536285,0
0,0.09581150114536285,0
0,0.09581150114536285,0
0,0.09581150114536285,0
0,0.09581150114536285,0
0,0.09581150114536285,0
0,0.09581150114536285,0
0,0.09581150114536285,0
0,0.09581150114536285,0
0,0.09581150114536285,0
0,0.09581150114536285,0
0,0.09581150114536285,0
0,0.09581150114536285,0
0,0.09581150114536285,0
0,0.09581150114536285,0
0,0.09581150114536285,0
0,0.09581150114536285,0
0,0.09581150114536285,0
0,0.09581150114536285,0
0,0.09581150114536285,0
0,0.09581150114536285,0
0,0.09581150114536285,0
0,0.09581150114536285,0
0,0.09581150114536285,0
0,0.09581150114536285,0
0,0.09581150114536285,0
0,0.09581150114536285,0
0,0.09581150114536285,0
0,0.09581150114536285,0
0,0.09581150114536285,0
0,0.09581150114536285,0
0,0.09581150114536285,0
0,0.09581150114536285,0
0,0.09581150114536285,0
0,0.09581150114536285,0
0,0.09581150114536285,0
0,0.09581150114536285,0
0,0.09581150114536285,0
0,0.09581150114536285,0
0,0.09581150114536285,0
0,0.09581150114536285,0
0,0.09581150114536285,0
0,0.09581150114536285,0
0,0.09581150114536285,0
0,0.09581150114536285,0
0,0.09581150114536285,0
0,0.09581150114536285,0
0,0.09581150114536285,0
0,0.09581150114536285,0
0,0.09581150114536285,0
0,0.09581150114536285,0
0,0.09581150114536285,0
0,0.09581150114536285,0
0,0.09581150114536285,0
0,0.09581150114536285,0
0,0.09581150114536285,0
0,0.09581150114536285,0
0,0.09581150114536285,0
0,0.09581150114536285,0
0,0.09581150114536285,0
0,0.09581150114536285,0
0,0.09581150114536285,0
0,0.09581150114536285,0
0,0.09581150114536285,0
0,0.09581150114536285,0
0,0.09581150114536285,0
0,0.09581150114536285,0
0,0.09581150114536285,0
0,0.09581150114536285,0
0,0.09581150114536285,0
0,0.09581150114536285,0
0,0.09581150114536285,0
0,0.09581150114536285,0
0,0.09581150114536285,0
0,0.09581150114536285,0
0,0.09581150114536285,0
0,0.09581150114536285,0
0,0.09581150114536285,0
0,0.09581150114536285,0
0,0.09581150114536285,0
0,0.09581150114536285,0
0,0.09581150114536285,0
0,0.09581150114536285,0
0,0.09581150114536285,0
0,0.09581150114536285,0
0,0.09581150114536285,0
0,0.09581150114536285,0
0,0.09581150114536285,0
0,0.09581150114536285,0
0,0.09581150114536285,0
0,0.09581150114536285,0
0,0.09581150114536285,0
0,0.09581150114536285,0
0,0.09581150114536285,0
0,0.09581150114536285,0
0,0.09581150114536285,0
0,0.09581150114536285,0
0,0.09581150114536285,0
0,0.09581150114536285,0
0,0.09581150114536285,0
0,0.09581150114536285,0
0,0.09581150114536285,0
0,0.09581150114536285,0
0,0.09581150114536285,0
0,0.09581150114536285,0
0,0.09581150114536285,0
0,0.09581150114536285,0
0,0.09581150114536285,0
0,0.09581150114536285,0
0,0.09581150114536285,0
0,0.09581150114536285,0
0,0.09581150114536285,0
0,0.09581150114536285,0
0,0.09581150114536285,0
0,0.09581150114536285,0
0,0.09581150114536285,0
0,0.09581150114536285,0
0,0.09581150114536285,0
0,0.09581150114536285,0
0,0.09581150114536285,0
0,0.09581150114536285,0
0,0.09581150114536285,0
0,0.09581150114536285,0
0,0.09581150114536285,0
0,0.09581150114536285,0
0,0.09581150114536285,0
0,0.09581150114536285,0
0,0.09581150114536285,0
0,0.09581150114536285,0
0,0.09581150114536285,0
0,0.09581150114536285,0
0,0.09581150114536285,0
0,0.09581150114536285,0
0,0.09581150114536285,0
0,0.09581150114536285,0
0,0.09581150114536285,0
0,0.09581150114536285,0
0,0.09581150114536285,0
0,0.09581150114536285,0
0,0.09581150114536285,0
0,0.09581150114536285,0
0,0.09581150114536285,0
0,0.09581150114536285,0
0,0.09581150114536285,0
0,0.09581150114536285,0
0,0.09581150114536285,0
0,0.09581150114536285,0
0,0.09581150114536285,0
0,0.09581150114536285,0
0,0.09581150114536285,0
0,0.09581150114536285,0
0,0.09581150114536285,0
0,0.09581150114536285,0
0,0.09581150114536285,0
0,0.09581150114536285,0
0,0.09581150114536285,0
0,0.09581150114536285,0
0,0.09581150114536285,0
0,0.09581150114536285,0
0,0.09581150114536285,0
0,0.09581150114536285,0
0,0.09581150114536285,0
0,0.09581150114536285,0
0,0.09581150114536285,0
0,0.09581150114536285,0
0,0.09581150114536285,0
0,0.09581150114536285,0
0,0.09581150114536285,0
0,0.09581150114536285,0
0,0.09581150114536285,0
0,0.09581150114536285,0
0,0.09581150114536285,0
0,0.09581150114536285,0
0,0.09581150114536285,0
0,0.09581150114536285,0
0,0.09581150114536285,0
0,0.09581150114536285,0
0,0.09581150114536285,0
0,0.09581150114536285,0
0,0.09581150114536285,0
0,0.09581150114536285,0
0,0.09581150114536285,0
0,0.09581150114536285,0
0,0.09581150114536285,0
0,0.09581150114536285,0
0,0.09581150114536285,0
0,0.09581150114536285,0
0,0.09581150114536285,0
0,0.09581150114536285,0
0,0.09581150114536285,0
0,0.09581150114536285,0
0,0.09581150114536285,0
0,0.09581150114536285,0
0,0.09581150114536285,0
0,0.09581150114536285,0
0,0.09581150114536285,0
0,0.09581150114536285,0
0,0.09581150114536285,0
0,0.09581150114536285,0
0,0.09581150114536285,0
0,0.09581150114536285,0
0,0.09581150114536285,0
0,0.09581150114536285,0
0,0.09581150114536285,0
0,0.09581150114536285,0
0,0.09581150114536285,0
0,0.09581150114536285,0
0,0.09581150114536285,0
0,0.09581150114536285,0
0,0.09581150114536285,0
0,0.09581150114536285,0
0,0.09581150114536285,0
0,0.09581150114536285,0
0,0.09581150114536285,0
0,0.09581150114536285,0
0,0.09581150114536285,0
0,0.09581150114536285,0
0,0.09581150114536285,0
0,0.09581150114536285,0
0,0.09581150114536285,0
0,0.09581150114536285,0
0,0.09581150114536285,0
0,0.09581150114536285,0
0,0.09581150114536285,0
0,0.09581150114536285,0
0,0.09581150114536285,0
0,0.09581150114536285,0
0,0.09581150114536285,0
0,0.09581150114536285,0
0,0.09581150114536285,0
0,0.09581150114536285,0
0,0.09581150114536285,0
0,0.09581150114536285,0
0,0.09581150114536285,0
0,0.09581150114536285,0
0,0.09581150114536285,0
0,0.09581150114536285,0
0,0.09581150114536285,0
0,0.09581150114536285,0
0,0.09581150114536285,0
0,0.09581150114536285,0
0,0.09581150114536285,0
0,0.09581150114536285,0
0,0.09581150114536285,0
0,0.09581150114536285,0
0,0.09581150114536285,0
0,0.09581150114536285,0
0,0.09581150114536285,0
0,0.09581150114536285,0
0,0.09581150114536285,0
0,0.09581150114536285,0
0,0.09581150114536285,0
0,0.09581150114536285,0
0,0.09581150114536285,0
0,0.09581150114536285,0
0,0.09581150114536285,0
0,0.09581150114536285,0
0,0.09581150114536285,0
0,0.09581150114536285,0
0,0.09581150114536285,0
0,0.09581150114536285,0
0,0.09581150114536285,0
0,0.09581150114536285,0
0,0.09581150114536285,0
0,0.09581150114536285,0
0,0.09581150114536285,0
0,0.09581150114536285,0
0,0.09581150114536285,0
0,0.09581150114536285,0
0,0.09581150114536285,0
0,0.09581150114536285,0
0,0.09581150114536285,0
0,0.09581150114536285,0
0,0.09581150114536285,0
0,0.09581150114536285,0
0,0.09581150114536285,0
0,0.09581150114536285,0
0,0.09581150114536285,0
0,0.09581150114536285,0
0,0.09581150114536285,0
0,0.09581150114536285,0
0,0.09581150114536285,0
0,0.09581150114536285,0
0,0.09581150114536285,0
0,0.09581150114536285,0
0,0.09581150114536285,0
0,0.09581150114536285,0
0,0.09581150114536285,0
0,0.09581150114536285,0
0,0.09581150114536285,0
0,0.09581150114536285,0
0,0.09581150114536285,0
0,0.09581150114536285,0
0,0.09581150114536285,0
0,0.09581150114536285,0
0,0.09581150114536285,0
0,0.09581150114536285,0
0,0.09581150114536285,0
0,0.09581150114536285,0
0,0.09581150114536285,0
0,0.09581150114536285,0
0,0.09581150114536285,0
0,0.09581150114536285,0
0,0.09581150114536285,0
0,0.09581150114536285,0
0,0.09581150114536285,0
0,0.09581150114536285,0
0,0.09581150114536285,0
0,0.09581150114536285,0
0,0.09581150114536285,0
0,0.09581150114536285,0
0,0.09581150114536285,0
0,0.09581150114536285,0
0,0.09581150114536285,0
0,0.09581150114536285,0
0,0.09581150114536285,0
0,0.09581150114536285,0
0,0.09581150114536285,0
0,0.09581150114536285,0
0,0.09581150114536285,0
0,0.09581150114536285,0
0,0.09581150114536285,0
0,0.09581150114536285,0
0,0.09581150114536285,0
0,0.09581150114536285,0
0,0.09581150114536285,0
0,0.09581150114536285,0
0,0.09581150114536285,0
0,0.09581150114536285,0
0,0.09581150114536285,0
0,0.09581150114536285,0
0,0.09581150114536285,0
0,0.09581150114536285,0
0,0.09581150114536285,0
0,0.09581150114536285,0
0,0.09581150114536285,0
0,0.09581150114536285,0
0,0.09581150114536285,0
0,0.09581150114536285,0
0,0.09581150114536285,0
0,0.09581150114536285,0
0,0.09581150114536285,0
0,0.09581150114536285,0
0,0.09581150114536285,0
0,0.09581150114536285,0
0,0.09581150114536285,0
0,0.09581150114536285,0
0,0.09581150114536285,0
0,0.09581150114536285,0
0,0.09581150114536285,0
0,0.09581150114536285,0
0,0.09581150114536285,0
0,0.09581150114536285,0
0,0.09581150114536285,0
0,0.09581150114536285,0
0,0.09581150114536285,0
0,0.09581150114536285,0
0,0.09581150114536285,0
0,0.09581150114536285,0
0,0.09581150114536285,0
0,0.09581150114536285,0
0,0.09581150114536285,0
0,0.09581150114536285,0
0,0.09581150114536285,0
0,0.09581150114536285,0
0,0.09581150114536285,0
0,0.09581150114536285,0
0,0.09581150114536285,0
0,0.09581150114536285,0
0,0.09581150114536285,0
0,0.09581150114536285,0
0,0.09581150114536285,0
0,0.09581150114536285,0
0,0.09581150114536285,0
0,0.09581150114536285,0
0,0.09581150114536285,0
0,0.09581150114536285,0
0,0.09581150114536285,0
0,0.09581150114536285,0
0,0.09581150114536285,0
0,0.09581150114536285,0
0,0.09581150114536285,0
0,0.09581150114536285,0
0,0.09581150114536285,0
0,0.09581150114536285,0
0,0.09581150114536285,0
0,0.09581150114536285,0
0,0.09581150114536285,0
0,0.09581150114536285,0
0,0.09581150114536285,0
0,0.09581150114536285,0
0,0.09581150114536285,0
0,0.09581150114536285,0
0,0.09581150114536285,0
0,0.09581150114536285,0
0,0.09581150114536285,0
0,0.09581150114536285,0
0,0.09581150114536285,0
0,0.09581150114536285,0
0,0.09581150114536285,0
0,0.09581150114536285,0
0,0.09581150114536285,0
0,0.09581150114536285,0
0,0.09581150114536285,0
0,0.09581150114536285,0
0,0.09581150114536285,0
0,0.09581150114536285,0
0,0.09581150114536285,0
0,0.09581150114536285,0
0,0.09581150114536285,0
0,0.09581150114536285,0
0,0.09581150114536285,0
0,0.09581150114536285,0
0,0.09581150114536285,0
0,0.09581150114536285,0
0,0.09581150114536285,0
0,0.09581150114536285,0
0,0.09581150114536285,0
0,0.09581150114536285,0
0,0.09581150114536285,0
0,0.09581150114536285,0
0,0.09581150114536285,0
0,0.09581150114536285,0
0,0.09581150114536285,0
0,0.09581150114536285,0
0,0.09581150114536285,0
0,0.09581150114536285,0
0,0.09581150114536285,0
0,0.09581150114536285,0
0,0.09581150114536285,0
0,0.09581150114536285,0
0,0.09581150114536285,0
0,0.09581150114536285,0
0,0.09581150114536285,0
0,0.09581150114536285,0
0,0.09581150114536285,0
0,0.09581150114536285,0
0,0.09581150114536285,0
0,0.09581150114536285,0
0,0.09581150114536285,0
0,0.09581150114536285,0
0,0.09581150114536285,0
0,0.09581150114536285,0
0,0.09581150114536285,0
0,0.09581150114536285,0
0,0.09581150114536285,0
0,0.09581150114536285,0
0,0.09581150114536285,0
0,0.09581150114536285,0
0,0.09581150114536285,0
0,0.09581150114536285,0
0,0.09581150114536285,0
0,0.09581150114536285,0
0,0.09581150114536285,0
0,0.09581150114536285,0
0,0.09581150114536285,0
0,0.09581150114536285,0
0,0.09581150114536285,0
0,0.09581150114536285,0
0,0.09581150114536285,0
0,0.09581150114536285,0
0,0.09581150114536285,0
0,0.09581150114536285,0
0,0.09581150114536285,0
0,0.09581150114536285,0
0,0.09581150114536285,0
0,0.09581150114536285,0
0,0.09581150114536285,0
0,0.09581150114536285,0
0,0.09581150114536285,0
0,0.09581150114536285,0
0,0.09581150114536285,0
0,0.09581150114536285,0
0,0.09581150114536285,0
0,0.09581150114536285,0
0,0.09581150114536285,0
0,0.09581150114536285,0
0,0.09581150114536285,0
0,0.09581150114536285,0
0,0.09581150114536285,0
0,0.09581150114536285,0
0,0.09581150114536285,0
0,0.09581150114536285,0
0,0.09581150114536285,0
0,0.09581150114536285,0
0,0.09581150114536285,0
0,0.09581150114536285,0
0,0.09581150114536285,0
0,0.09581150114536285,0
0,0.09581150114536285,0
0,0.09581150114536285,0
0,0.09581150114536285,0
0,0.09581150114536285,0
0,0.09581150114536285,0
0,0.09581150114536285,0
0,0.09581150114536285,0
0,0.09581150114536285,0
0,0.09581150114536285,0
0,0.09581150114536285,0
0,0.09581150114536285,0
0,0.09581150114536285,0
0,0.09581150114536285,0
0,0.09581150114536285,0
0,0.09581150114536285,0
0,0.09581150114536285,0
0,0.09581150114536285,0
0,0.09581150114536285,0
0,0.09581150114536285,0
0,0.09581150114536285,0
0,0.09581150114536285,0
0,0.09581150114536285,0
0,0.09581150114536285,0
0,0.09581150114536285,0
0,0.09581150114536285,0
0,0.09581150114536285,0
0,0.09581150114536285,0
0,0.09581150114536285,0
0,0.09581150114536285,0
0,0.09581150114536285,0
0,0.09581150114536285,0
0,0.09581150114536285,0
0,0.09581150114536285,0
0,0.09581150114536285,0
0,0.09581150114536285,0
0,0.09581150114536285,0
0,0.09581150114536285,0
0,0.09581150114536285,0
0,0.09581150114536285,0
0,0.09581150114536285,0
0,0.09581150114536285,0
0,0.09581150114536285,0
0,0.09581150114536285,0
0,0.09581150114536285,0
0,0.09581150114536285,0
0,0.09581150114536285,0
0,0.09581150114536285,0
0,0.09581150114536285,0
0,0.09581150114536285,0
0,0.09581150114536285,0
0,0.09581150114536285,0
0,0.09581150114536285,0
0,0.09581150114536285,0
0,0.09581150114536285,0
0,0.09581150114536285,0
0,0.09581150114536285,0
0,0.09581150114536285,0
0,0.09581150114536285,0
0,0.09581150114536285,0
0,0.09581150114536285,0
0,0.09581150114536285,0
0,0.09581150114536285,0
0,0.09581150114536285,0
0,0.09581150114536285,0
0,0.09581150114536285,0
0,0.09581150114536285,0
0,0.09581150114536285,0
0,0.09581150114536285,0
0,0.09581150114536285,0
0,0.09581150114536285,0
0,0.09581150114536285,0
0,0.09581150114536285,0
0,0.09581150114536285,0
0,0.09581150114536285,0
0,0.09581150114536285,0
0,0.09581150114536285,0
0,0.09581150114536285,0
0,0.09581150114536285,0
0,0.09581150114536285,0
0,0.09581150114536285,0
0,0.09581150114536285,0
0,0.09581150114536285,0
0,0.09581150114536285,0
0,0.09581150114536285,0
0,0.09581150114536285,0
0,0.09581150114536285,0
0,0.09581150114536285,0
0,0.09581150114536285,0
0,0.09581150114536285,0
0,0.09581150114536285,0
0,0.09581150114536285,0
0,0.09581150114536285,0
0,0.09581150114536285,0
0,0.09581150114536285,0
0,0.09581150114536285,0
0,0.09581150114536285,0
0,0.09581150114536285,0
0,0.09581150114536285,0
0,0.09581150114536285,0
0,0.09581150114536285,0
0,0.09581150114536285,0
0,0.09581150114536285,0
0,0.09581150114536285,0
0,0.09581150114536285,0
0,0.09581150114536285,0
0,0.09581150114536285,0
0,0.09581150114536285,0
0,0.09581150114536285,0
0,0.09581150114536285,0
0,0.09581150114536285,0
0,0.09581150114536285,0
0,0.09581150114536285,0
0,0.09581150114536285,0
0,0.09581150114536285,0
0,0.09581150114536285,0
0,0.09581150114536285,0
0,0.09581150114536285,0
0,0.09581150114536285,0
0,0.09581150114536285,0
0,0.09581150114536285,0
0,0.09581150114536285,0
0,0.09581150114536285,0
0,0.09581150114536285,0
0,0.09581150114536285,0
0,0.09581150114536285,0
0,0.09581150114536285,0
0,0.09581150114536285,0
0,0.09581150114536285,0
0,0.09581150114536285,0
0,0.09581150114536285,0
0,0.09581150114536285,0
0,0.09581150114536285,0
0,0.09581150114536285,0
0,0.09581150114536285,0
0,0.09581150114536285,0
0,0.09581150114536285,0
0,0.09581150114536285,0
0,0.09581150114536285,0
0,0.09581150114536285,0
0,0.09581150114536285,0
0,0.09581150114536285,0
0,0.09581150114536285,0
0,0.09581150114536285,0
0,0.09581150114536285,0
0,0.09581150114536285,0
0,0.09581150114536285,0
0,0.09581150114536285,0
0,0.09581150114536285,0
0,0.09581150114536285,0
0,0.09581150114536285,0
0,0.09581150114536285,0
0,0.09581150114536285,0
0,0.09581150114536285,0
0,0.09581150114536285,0
0,0.09581150114536285,0
0,0.09581150114536285,0
0,0.09581150114536285,0
0,0.09581150114536285,0
0,0.09581150114536285,0
0,0.09581150114536285,0
0,0.09581150114536285,0
0,0.09581150114536285,0
0,0.09581150114536285,0
0,0.09581150114536285,0
0,0.09581150114536285,0
0,0.09581150114536285,0
0,0.09581150114536285,0
0,0.09581150114536285,0
0,0.09581150114536285,0
0,0.09581150114536285,0
0,0.09581150114536285,0
0,0.09581150114536285,0
0,0.09581150114536285,0
0,0.09581150114536285,0
0,0.09581150114536285,0
0,0.09581150114536285,0
0,0.09581150114536285,0
0,0.09581150114536285,0
0,0.09581150114536285,0
0,0.09581150114536285,0
0,0.09581150114536285,0
0,0.09581150114536285,0
0,0.09581150114536285,0
0,0.09581150114536285,0
0,0.09581150114536285,0
0,0.09581150114536285,0
0,0.09581150114536285,0
0,0.09581150114536285,0
0,0.09581150114536285,0
0,0.09581150114536285,0
0,0.09581150114536285,0
0,0.09581150114536285,0
0,0.09581150114536285,0
0,0.09581150114536285,0
0,0.09581150114536285,0
0,0.09581150114536285,0
0,0.09581150114536285,0
0,0.09581150114536285,0
0,0.09581150114536285,0
0,0.09581150114536285,0
0,0.09581150114536285,0
0,0.09581150114536285,0
0,0.09581150114536285,0
0,0.09581150114536285,0
0,0.09581150114536285,0
0,0.09581150114536285,0
0,0.09581150114536285,0
0,0.09581150114536285,0
0,0.09581150114536285,0
0,0.09581150114536285,0
0,0.09581150114536285,0
0,0.09581150114536285,0
0,0.09581150114536285,0
0,0.09581150114536285,0
0,0.09581150114536285,0
0,0.09581150114536285,0
0,0.09581150114536285,0
0,0.09581150114536285,0
0,0.09581150114536285,0
0,0.09581150114536285,0
0,0.09581150114536285,0
0,0.09581150114536285,0
0,0.09581150114536285,0
0,0.09581150114536285,0
0,0.09581150114536285,0
0,0.09581150114536285,0
0,0.09581150114536285,0
0,0.09581150114536285,0
0,0.09581150114536285,0
0,0.09581150114536285,0
0,0.09581150114536285,0
0,0.09581150114536285,0
0,0.09581150114536285,0
0,0.09581150114536285,0
0,0.09581150114536285,0
0,0.09581150114536285,0
0,0.09581150114536285,0
0,0.09581150114536285,0
0,0.09581150114536285,0
0,0.09581150114536285,0
0,0.09581150114536285,0
0,0.09581150114536285,0
0,0.09581150114536285,0
0,0.09581150114536285,0
0,0.09581150114536285,0
0,0.09581150114536285,0
0,0.09581150114536285,0
0,0.09581150114536285,0
0,0.09581150114536285,0
0,0.09581150114536285,0
0,0.09581150114536285,0
0,0.09581150114536285,0
0,0.09581150114536285,0
0,0.09581150114536285,0
0,0.09581150114536285,0
0,0.09581150114536285,0
0,0.09581150114536285,0
0,0.09581150114536285,0
0,0.09581150114536285,0
0,0.09581150114536285,0
0,0.09581150114536285,0
0,0.09581150114536285,0
0,0.09581150114536285,0
0,0.09581150114536285,0
0,0.09581150114536285,0
0,0.09581150114536285,0
0,0.09581150114536285,0
0,0.09581150114536285,0
0,0.09581150114536285,0
0,0.09581150114536285,0
1,0.09581150114536285,0
0,0.8923224210739136,0
1,0.8895574808120728,0
0,0.9679621458053589,0
1,0.9591277241706848,0
0,0.9755834341049194,0
0,0.9674128293991089,0
0,0.9599841237068176,0
0,0.9488426446914673,0
0,0.9411084651947021,0
0,0.9344738125801086,0
0,0.928652822971344,0
0,0.9216161966323853,0
1,0.9152463674545288,0
0,0.9562534093856812,0
1,0.9507209062576294,0
1,0.9688016176223755,0
0,0.9803591966629028,1
0,0.9603816270828247,0
0,0.9544408321380615,0
1,0.9411497712135315,0
0,0.9613920450210571,0
0,0.9627751708030701,0
0,0.9632970094680786,0
0,0.9543368220329285,0
0,0.9467751979827881,0
0,0.9459003210067749,0
0,0.9436521530151367,0
0,0.941615104675293,0
0,0.9419637322425842,0
0,0.9413180947303772,0
0,0.9454493522644043,0
0,0.9333435297012329,0
0,0.9326602220535278,0
0,0.9101261496543884,0
0,0.9129042625427246,0
0,0.8388583064079285,0
0,0.8513928055763245,0
0,0.8772634267807007,0
0,0.8828412890434265,0
0,0.8690635561943054,0
0,0.8455132842063904,0
0,0.8263487815856934,0
0,0.8238389492034912,0
0,0.8634413480758667,0
0,0.81230628490448,0
0,0.8383401036262512,0
0,0.841177225112915,0
0,0.670813798904419,0
0,0.6545332670211792,0
0,0.6471360921859741,0
0,0.5066333413124084,0
0,0.09581150114536285,0
0,0.09581150114536285,0
0,0.09581150114536285,0
1,0.09581150114536285,0
0,0.8923224210739136,0
0,0.8895574808120728,0
0,0.883767306804657,0
0,0.8632813096046448,0
1,0.8468464016914368,0
0,0.9520770311355591,0
0,0.9310202598571777,0
0,0.9284628629684448,0
1,0.9144560694694519,0
0,0.9586331844329834,0
0,0.9620053768157959,0
0,0.9583476781845093,0
0,0.9431473612785339,0
0,0.9235848188400269,0
1,0.9143397212028503,0
0,0.9535567760467529,0
0,0.9461951851844788,0
0,0.9479561448097229,0
0,0.9404899477958679,0
0,0.9300790429115295,0
0,0.9261616468429565,0
0,0.9276841282844543,0
0,0.9265000224113464,0
0,0.9185933470726013,0
0,0.9064367413520813,0
0,0.9016438126564026,0
0,0.9115947484970093,0
0,0.9119215607643127,0
0,0.8908892869949341,0
0,0.8679722547531128,0
0,0.8834249973297119,0
0,0.8335635662078857,0
0,0.8878014087677002,0
0,0.9019802808761597,0
1,0.8879953622817993,0
0,0.9497479796409607,0
0,0.9171591401100159,0
0,0.9305996894836426,0
1,0.9274654984474182,0
0,0.9603065252304077,0
0,0.9322925209999084,0
0,0.9276379942893982,0
0,0.9066543579101562,0
0,0.900041401386261,0
1,0.9072356224060059,0
0,0.9628303050994873,0
0,0.9541225433349609,0
0,0.9478795528411865,0
0,0.9295083284378052,0
0,0.9172506928443909,0
0,0.9173136949539185,0
0,0.913572371006012,0
0,0.9082825779914856,0
0,0.8997027277946472,0
0,0.8918896913528442,0
0,0.8938900232315063,0
0,0.9058816432952881,0
0,0.9015235304832458,0
0,0.8737755417823792,0
0,0.826349139213562,0
0,0.7962047457695007,0
0,0.8335635662078857,0
0,0.8878014087677002,0
0,0.9019802808761597,0
0,0.8879953622817993,0
0,0.8794806003570557,0
0,0.7440207600593567,0
0,0.7545043230056763,0
0,0.8002261519432068,0
0,0.8534634113311768,0
0,0.7175034880638123,0
0,0.6955389380455017,0
0,0.670813798904419,0
0,0.6545332670211792,0
0,0.6471360921859741,0
0,0.5066333413124084,0
0,0.09581150114536285,0
0,0.09581150114536285,0
0,0.09581150114536285,0
0,0.09581150114536285,0
0,0.09581150114536285,0
0,0.09581150114536285,0
0,0.09581150114536285,0
0,0.09581150114536285,0
0,0.09581150114536285,0
0,0.09581150114536285,0
0,0.09581150114536285,0
0,0.09581150114536285,0
0,0.09581150114536285,0
0,0.09581150114536285,0
0,0.09581150114536285,0
0,0.09581150114536285,0
0,0.09581150114536285,0
0,0.09581150114536285,0
0,0.09581150114536285,0
0,0.09581150114536285,0
0,0.09581150114536285,0
0,0.09581150114536285,0
0,0.09581150114536285,0
0,0.09581150114536285,0
0,0.09581150114536285,0
0,0.09581150114536285,0
0,0.09581150114536285,0
0,0.09581150114536285,0
0,0.09581150114536285,0
0,0.09581150114536285,0
0,0.09581150114536285,0
0,0.09581150114536285,0
0,0.09581150114536285,0
0,0.09581150114536285,0
0,0.09581150114536285,0
0,0.09581150114536285,0
0,0.09581150114536285,0
0,0.09581150114536285,0
0,0.09581150114536285,0
0,0.09581150114536285,0
0,0.09581150114536285,0
0,0.09581150114536285,0
0,0.09581150114536285,0
0,0.09581150114536285,0
0,0.09581150114536285,0
0,0.09581150114536285,0
0,0.09581150114536285,0
0,0.09581150114536285,0
0,0.09581150114536285,0
0,0.09581150114536285,0
0,0.09581150114536285,0
0,0.09581150114536285,0
0,0.09581150114536285,0
0,0.09581150114536285,0
0,0.09581150114536285,0
0,0.09581150114536285,0
0,0.09581150114536285,0
0,0.09581150114536285,0
0,0.09581150114536285,0
0,0.09581150114536285,0
0,0.09581150114536285,0
0,0.09581150114536285,0
0,0.09581150114536285,0
0,0.09581150114536285,0
0,0.09581150114536285,0
0,0.09581150114536285,0
0,0.09581150114536285,0
0,0.09581150114536285,0
0,0.09581150114536285,0
0,0.09581150114536285,0
0,0.09581150114536285,0
0,0.09581150114536285,0
0,0.09581150114536285,0
0,0.09581150114536285,0
0,0.09581150114536285,0
0,0.09581150114536285,0
0,0.09581150114536285,0
0,0.09581150114536285,0
0,0.09581150114536285,0
0,0.09581150114536285,0
0,0.09581150114536285,0
0,0.09581150114536285,0
0,0.09581150114536285,0
0,0.09581150114536285,0
0,0.09581150114536285,0
0,0.09581150114536285,0
0,0.09581150114536285,0
0,0.09581150114536285,0
0,0.09581150114536285,0
0,0.09581150114536285,0
0,0.09581150114536285,0
0,0.09581150114536285,0
0,0.09581150114536285,0
0,0.09581150114536285,0
0,0.09581150114536285,0
0,0.09581150114536285,0
0,0.09581150114536285,0
0,0.09581150114536285,0
0,0.09581150114536285,0
0,0.09581150114536285,0
0,0.09581150114536285,0
0,0.09581150114536285,0
0,0.09581150114536285,0
0,0.09581150114536285,0
0,0.09581150114536285,0
0,0.09581150114536285,0
0,0.09581150114536285,0
0,0.09581150114536285,0
0,0.09581150114536285,0
0,0.09581150114536285,0
0,0.09581150114536285,0
0,0.09581150114536285,0
0,0.09581150114536285,0
0,0.09581150114536285,0
0,0.09581150114536285,0
0,0.09581150114536285,0
0,0.09581150114536285,0
0,0.09581150114536285,0
0,0.09581150114536285,0
0,0.09581150114536285,0
0,0.09581150114536285,0
0,0.09581150114536285,0
0,0.09581150114536285,0
0,0.09581150114536285,0
0,0.09581150114536285,0
0,0.09581150114536285,0
0,0.09581150114536285,0
0,0.09581150114536285,0
0,0.09581150114536285,0
0,0.09581150114536285,0
0,0.09581150114536285,0
0,0.09581150114536285,0
0,0.09581150114536285,0
0,0.09581150114536285,0
0,0.09581150114536285,0
0,0.09581150114536285,0
0,0.09581150114536285,0
0,0.09581150114536285,0
0,0.09581150114536285,0
0,0.09581150114536285,0
0,0.09581150114536285,0
0,0.09581150114536285,0
0,0.09581150114536285,0
0,0.09581150114536285,0
0,0.09581150114536285,0
0,0.09581150114536285,0
0,0.09581150114536285,0
0,0.09581150114536285,0
0,0.09581150114536285,0
0,0.09581150114536285,0
0,0.09581150114536285,0
0,0.09581150114536285,0
0,0.09581150114536285,0
0,0.09581150114536285,0
0,0.09581150114536285,0
0,0.09581150114536285,0
0,0.09581150114536285,0
0,0.09581150114536285,0
0,0.09581150114536285,0
0,0.09581150114536285,0
0,0.09581150114536285,0
0,0.09581150114536285,0
0,0.09581150114536285,0
0,0.09581150114536285,0
0,0.09581150114536285,0
0,0.09581150114536285,0
0,0.09581150114536285,0
0,0.09581150114536285,0
0,0.09581150114536285,0
0,0.09581150114536285,0
0,0.09581150114536285,0
0,0.09581150114536285,0
0,0.09581150114536285,0
0,0.09581150114536285,0
0,0.09581150114536285,0
1,0.09581150114536285,0
0,0.8923224210739136,0
0,0.8895574808120728,0
0,0.883767306804657,0
0,0.8632813096046448,0
0,0.8468464016914368,0
0,0.8307079672813416,0
0,0.8125883340835571,0
0,0.7851958274841309,0
0,0.7540867328643799,0
0,0.7434166669845581,0
0,0.7469439506530762,0
0,0.7541808485984802,0
0,0.7545438408851624,0
0,0.7282616496086121,0
0,0.6804725527763367,0
0,0.6562877893447876,0
0,0.6852715611457825,0
0,0.7351422905921936,0
0,0.7442667484283447,0
0,0.7101284265518188,0
0,0.8333566188812256,0
0,0.8456149697303772,0
0,0.8669882416725159,0
0,0.6932235360145569,0
0,0.6733537912368774,0
0,0.6551180481910706,0
0,0.5379312634468079,0
0,0.5066333413124084,0
0,0.09581150114536285,0
0,0.09581150114536285,0
0,0.09581150114536285,0
0,0.09581150114536285,0
0,0.09581150114536285,0
0,0.09581150114536285,0
0,0.09581150114536285,0
0,0.09581150114536285,0
0,0.09581150114536285,0
0,0.09581150114536285,0
0,0.09581150114536285,0
0,0.09581150114536285,0
0,0.09581150114536285,0
0,0.09581150114536285,0
0,0.09581150114536285,0
0,0.09581150114536285,0
0,0.09581150114536285,0
0,0.09581150114536285,0
0,0.09581150114536285,0
0,0.09581150114536285,0
0,0.09581150114536285,0
0,0.09581150114536285,0
0,0.09581150114536285,0
0,0.09581150114536285,0
0,0.09581150114536285,0
0,0.09581150114536285,0
0,0.09581150114536285,0
0,0.09581150114536285,0
0,0.09581150114536285,0
0,0.09581150114536285,0
0,0.09581150114536285,0
0,0.09581150114536285,0
0,0.09581150114536285,0
0,0.09581150114536285,0
0,0.09581150114536285,0
0,0.09581150114536285,0
0,0.09581150114536285,0
0,0.09581150114536285,0
0,0.09581150114536285,0
0,0.09581150114536285,0
0,0.09581150114536285,0
0,0.09581150114536285,0
0,0.09581150114536285,0
0,0.09581150114536285,0
0,0.09581150114536285,0
0,0.09581150114536285,0
0,0.09581150114536285,0
0,0.09581150114536285,0
0,0.09581150114536285,0
0,0.09581150114536285,0
0,0.09581150114536285,0
0,0.09581150114536285,0
0,0.09581150114536285,0
0,0.09581150114536285,0
0,0.09581150114536285,0
0,0.09581150114536285,0
0,0.09581150114536285,0
0,0.09581150114536285,0
0,0.09581150114536285,0
0,0.09581150114536285,0
0,0.09581150114536285,0
0,0.09581150114536285,0
0,0.09581150114536285,0
0,0.09581150114536285,0
0,0.09581150114536285,0
0,0.09581150114536285,0
0,0.09581150114536285,0
0,0.09581150114536285,0
0,0.09581150114536285,0
0,0.09581150114536285,0
0,0.09581150114536285,0
0,0.09581150114536285,0
0,0.09581150114536285,0
0,0.09581150114536285,0
0,0.09581150114536285,0
0,0.09581150114536285,0
0,0.09581150114536285,0
0,0.09581150114536285,0
0,0.09581150114536285,0
0,0.09581150114536285,0
0,0.09581150114536285,0
0,0.09581150114536285,0
0,0.09581150114536285,0
0,0.09581150114536285,0
0,0.09581150114536285,0
0,0.09581150114536285,0
0,0.09581150114536285,0
0,0.09581150114536285,0
0,0.09581150114536285,0
0,0.09581150114536285,0
0,0.09581150114536285,0
0,0.09581150114536285,0
0,0.09581150114536285,0
0,0.09581150114536285,0
0,0.09581150114536285,0
0,0.09581150114536285,0
0,0.09581150114536285,0
0,0.09581150114536285,0
0,0.09581150114536285,0
0,0.09581150114536285,0
0,0.09581150114536285,0
0,0.09581150114536285,0
0,0.09581150114536285,0
0,0.09581150114536285,0
0,0.09581150114536285,0
0,0.09581150114536285,0
0,0.09581150114536285,0
0,0.09581150114536285,0
0,0.09581150114536285,0
0,0.09581150114536285,0
0,0.09581150114536285,0
0,0.09581150114536285,0
0,0.09581150114536285,0
0,0.09581150114536285,0
0,0.09581150114536285,0
0,0.09581150114536285,0
0,0.09581150114536285,0
0,0.09581150114536285,0
0,0.09581150114536285,0
0,0.09581150114536285,0
0,0.09581150114536285,0
0,0.09581150114536285,0
0,0.09581150114536285,0
0,0.09581150114536285,0
0,0.09581150114536285,0
0,0.09581150114536285,0
0,0.09581150114536285,0
0,0.09581150114536285,0
0,0.09581150114536285,0
0,0.09581150114536285,0
0,0.09581150114536285,0
0,0.09581150114536285,0
0,0.09581150114536285,0
0,0.09581150114536285,0
0,0.09581150114536285,0
0,0.09581150114536285,0
0,0.09581150114536285,0
0,0.09581150114536285,0
0,0.09581150114536285,0
0,0.09581150114536285,0
0,0.09581150114536285,0
0,0.09581150114536285,0
0,0.09581150114536285,0
0,0.09581150114536285,0
0,0.09581150114536285,0
0,0.09581150114536285,0
0,0.09581150114536285,0
0,0.09581150114536285,0
0,0.09581150114536285,0
0,0.09581150114536285,0
0,0.09581150114536285,0
0,0.09581150114536285,0
0,0.09581150114536285,0
0,0.09581150114536285,0
0,0.09581150114536285,0
0,0.09581150114536285,0
0,0.09581150114536285,0
0,0.09581150114536285,0
0,0.09581150114536285,0
0,0.09581150114536285,0
0,0.09581150114536285,0
0,0.09581150114536285,0
0,0.09581150114536285,0
0,0.09581150114536285,0
0,0.09581150114536285,0
0,0.09581150114536285,0
0,0.09581150114536285,0
0,0.09581150114536285,0
0,0.09581150114536285,0
0,0.09581150114536285,0
0,0.09581150114536285,0
0,0.6562877893447876,0
0,0.6852715611457825,0
0,0.7351422905921936,0
0,0.7442667484283447,0
0,0.7101284265518188,0
0,0.6404545903205872,0
0,0.5794359445571899,0
0,0.5981054902076721,0
0,0.6770144104957581,0
0,0.7196396589279175,0
0,0.7175034880638123,0
0,0.6955389380455017,0
0,0.670813798904419,0
0,0.6545332670211792,0
0,0.6471360921859741,0
0,0.5066333413124084,0
0,0.09581150114536285,0
0,0.09581150114536285,0
0,0.09581150114536285,0
1,0.09581150114536285,0
0,0.8923224210739136,0
0,0.8895574808120728,0
0,0.883767306804657,0
0,0.8632813096046448,0
0,0.8468464016914368,0
0,0.8307079672813416,0
0,0.8125883340835571,0
0,0.7851958274841309,0
0,0.7540867328643799,0
0,0.7434166669845581,0
0,0.7469439506530762,0
0,0.7541808485984802,0
0,0.7545438408851624,0
0,0.7282616496086121,0
0,0.6804725527763367,0
0,0.6562877893447876,0
0,0.6852715611457825,0
0,0.7351422905921936,0
0,0.7442667484283447,0
0,0.7101284265518188,0
0,0.6404545903205872,0
0,0.5794359445571899,0
0,0.5981054902076721,0
0,0.6770144104957581,0
0,0.7196396589279175,0
0,0.7175034880638123,0
0,0.6955389380455017,0
0,0.670813798904419,0
0,0.6545332670211792,0
0,0.6471360921859741,0
0,0.5066333413124084,0
0,0.09581150114536285,0
0,0.09581150114536285,0
0,0.09581150114536285,0
0,0.09581150114536285,0
0,0.09581150114536285,0
0,0.09581150114536285,0
0,0.09581150114536285,0
0,0.09581150114536285,0
0,0.09581150114536285,0
0,0.09581150114536285,0
0,0.09581150114536285,0
0,0.09581150114536285,0
0,0.09581150114536285,0
0,0.09581150114536285,0
0,0.09581150114536285,0
0,0.09581150114536285,0
0,0.09581150114536285,0
0,0.09581150114536285,0
0,0.09581150114536285,0
0,0.09581150114536285,0
0,0.09581150114536285,0
0,0.09581150114536285,0
0,0.09581150114536285,0
0,0.09581150114536285,0
0,0.09581150114536285,0
0,0.09581150114536285,0
0,0.09581150114536285,0
0,0.09581150114536285,0
0,0.09581150114536285,0
0,0.09581150114536285,0
0,0.09581150114536285,0
0,0.09581150114536285,0
0,0.09581150114536285,0
0,0.09581150114536285,0
0,0.09581150114536285,0
0,0.09581150114536285,0
0,0.09581150114536285,0
0,0.09581150114536285,0
0,0.09581150114536285,0
0,0.09581150114536285,0
0,0.09581150114536285,0
0,0.09581150114536285,0
0,0.09581150114536285,0
0,0.09581150114536285,0
0,0.09581150114536285,0
0,0.09581150114536285,0
0,0.09581150114536285,0
0,0.09581150114536285,0
0,0.09581150114536285,0
0,0.09581150114536285,0
0,0.09581150114536285,0
0,0.09581150114536285,0
0,0.09581150114536285,0
0,0.09581150114536285,0
0,0.09581150114536285,0
0,0.09581150114536285,0
0,0.09581150114536285,0
0,0.09581150114536285,0
0,0.09581150114536285,0
0,0.09581150114536285,0
0,0.09581150114536285,0
0,0.09581150114536285,0
0,0.09581150114536285,0
0,0.09581150114536285,0
0,0.09581150114536285,0
0,0.09581150114536285,0
0,0.09581150114536285,0
0,0.09581150114536285,0
0,0.09581150114536285,0
0,0.09581150114536285,0
0,0.09581150114536285,0
0,0.09581150114536285,0
0,0.09581150114536285,0
0,0.09581150114536285,0
0,0.09581150114536285,0
0,0.09581150114536285,0
0,0.09581150114536285,0
0,0.09581150114536285,0
0,0.09581150114536285,0
0,0.09581150114536285,0
0,0.09581150114536285,0
0,0.09581150114536285,0
0,0.09581150114536285,0
0,0.09581150114536285,0
0,0.09581150114536285,0
0,0.09581150114536285,0
0,0.09581150114536285,0
0,0.09581150114536285,0
0,0.09581150114536285,0
0,0.09581150114536285,0
0,0.09581150114536285,0
0,0.09581150114536285,0
0,0.09581150114536285,0
0,0.09581150114536285,0
0,0.09581150114536285,0
0,0.09581150114536285,0
0,0.09581150114536285,0
0,0.09581150114536285,0
0,0.09581150114536285,0
0,0.09581150114536285,0
0,0.09581150114536285,0
0,0.09581150114536285,0
0,0.09581150114536285,0
0,0.09581150114536285,0
0,0.09581150114536285,0
0,0.09581150114536285,0
0,0.09581150114536285,0
0,0.09581150114536285,0
0,0.09581150114536285,0
0,0.09581150114536285,0
0,0.09581150114536285,0
0,0.09581150114536285,0
0,0.09581150114536285,0
0,0.09581150114536285,0
0,0.09581150114536285,0
0,0.09581150114536285,0
0,0.09581150114536285,0
0,0.09581150114536285,0
0,0.09581150114536285,0
0,0.09581150114536285,0
0,0.09581150114536285,0
0,0.09581150114536285,0
0,0.09581150114536285,0
0,0.09581150114536285,0
0,0.09581150114536285,0
0,0.09581150114536285,0
0,0.09581150114536285,0
0,0.09581150114536285,0
0,0.09581150114536285,0
0,0.09581150114536285,0
0,0.09581150114536285,0
0,0.09581150114536285,0
0,0.09581150114536285,0
0,0.09581150114536285,0
0,0.09581150114536285,0
0,0.09581150114536285,0
0,0.09581150114536285,0
0,0.09581150114536285,0
0,0.09581150114536285,0
0,0.09581150114536285,0
0,0.09581150114536285,0
0,0.09581150114536285,0
0,0.09581150114536285,0
0,0.09581150114536285,0
0,0.09581150114536285,0
0,0.09581150114536285,0
0,0.09581150114536285,0
0,0.09581150114536285,0
0,0.09581150114536285,0
0,0.09581150114536285,0
0,0.09581150114536285,0
0,0.09581150114536285,0
0,0.09581150114536285,0
0,0.09581150114536285,0
0,0.09581150114536285,0
0,0.09581150114536285,0
0,0.09581150114536285,0
0,0.09581150114536285,0
0,0.09581150114536285,0
0,0.09581150114536285,0
0,0.09581150114536285,0
0,0.09581150114536285,0
0,0.09581150114536285,0
0,0.09581150114536285,0
0,0.09581150114536285,0
0,0.09581150114536285,0
0,0.09581150114536285,0
0,0.09581150114536285,0
0,0.09581150114536285,0
0,0.09581150114536285,0
0,0.09581150114536285,0
0,0.09581150114536285,0
0,0.09581150114536285,0
0,0.09581150114536285,0
0,0.09581150114536285,0
0,0.09581150114536285,0
0,0.09581150114536285,0
0,0.09581150114536285,0
0,0.09581150114536285,0
0,0.09581150114536285,0
0,0.09581150114536285,0
0,0.09581150114536285,0
0,0.09581150114536285,0
0,0.09581150114536285,0
0,0.09581150114536285,0
0,0.09581150114536285,0
0,0.09581150114536285,0
0,0.09581150114536285,0
0,0.09581150114536285,0
0,0.09581150114536285,0
0,0.09581150114536285,0
0,0.09581150114536285,0
0,0.09581150114536285,0
0,0.09581150114536285,0
0,0.09581150114536285,0
0,0.09581150114536285,0
0,0.09581150114536285,0
0,0.09581150114536285,0
0,0.09581150114536285,0
0,0.09581150114536285,0
0,0.09581150114536285,0
0,0.09581150114536285,0
0,0.09581150114536285,0
0,0.09581150114536285,0
0,0.09581150114536285,0
0,0.09581150114536285,0
0,0.09581150114536285,0
0,0.09581150114536285,0
0,0.09581150114536285,0
0,0.09581150114536285,0
0,0.09581150114536285,0
0,0.09581150114536285,0
0,0.09581150114536285,0
0,0.09581150114536285,0
0,0.09581150114536285,0
0,0.09581150114536285,0
0,0.09581150114536285,0
0,0.09581150114536285,0
0,0.09581150114536285,0
0,0.09581150114536285,0
0,0.09581150114536285,0
0,0.09581150114536285,0
0,0.09581150114536285,0
0,0.09581150114536285,0
0,0.09581150114536285,0
0,0.09581150114536285,0
0,0.09581150114536285,0
0,0.09581150114536285,0
0,0.09581150114536285,0
0,0.09581150114536285,0
0,0.09581150114536285,0
0,0.09581150114536285,0
0,0.09581150114536285,0
0,0.09581150114536285,0
0,0.09581150114536285,0
0,0.09581150114536285,0
0,0.09581150114536285,0
0,0.09581150114536285,0
0,0.09581150114536285,0
0,0.09581150114536285,0
0,0.09581150114536285,0
0,0.09581150114536285,0
0,0.09581150114536285,0
0,0.09581150114536285,0
0,0.09581150114536285,0
0,0.09581150114536285,0
0,0.09581150114536285,0
0,0.09581150114536285,0
0,0.09581150114536285,0
0,0.09581150114536285,0
0,0.09581150114536285,0
0,0.09581150114536285,0
0,0.09581150114536285,0
0,0.09581150114536285,0
0,0.09581150114536285,0
0,0.09581150114536285,0
0,0.09581150114536285,0
0,0.09581150114536285,0
0,0.09581150114536285,0
0,0.09581150114536285,0
0,0.09581150114536285,0
0,0.09581150114536285,0
0,0.09581150114536285,0
0,0.09581150114536285,0
0,0.09581150114536285,0
0,0.09581150114536285,0
0,0.09581150114536285,0
0,0.09581150114536285,0
0,0.09581150114536285,0
0,0.09581150114536285,0
0,0.09581150114536285,0
0,0.09581150114536285,0
0,0.09581150114536285,0
0,0.09581150114536285,0
0,0.09581150114536285,0
0,0.09581150114536285,0
0,0.09581150114536285,0
0,0.09581150114536285,0
0,0.09581150114536285,0
0,0.09581150114536285,0
0,0.09581150114536285,0
0,0.09581150114536285,0
0,0.09581150114536285,0
0,0.09581150114536285,0
0,0.09581150114536285,0
0,0.09581150114536285,0
0,0.09581150114536285,0
0,0.09581150114536285,0
0,0.09581150114536285,0
0,0.09581150114536285,0
0,0.09581150114536285,0
0,0.09581150114536285,0
0,0.09581150114536285,0
0,0.09581150114536285,0
0,0.09581150114536285,0
0,0.09581150114536285,0
0,0.09581150114536285,0
0,0.09581150114536285,0
0,0.09581150114536285,0
0,0.09581150114536285,0
0,0.09581150114536285,0
0,0.09581150114536285,0
0,0.09581150114536285,0
0,0.09581150114536285,0
0,0.09581150114536285,0
0,0.09581150114536285,0
0,0.09581150114536285,0
0,0.09581150114536285,0
0,0.09581150114536285,0
0,0.09581150114536285,0
0,0.09581150114536285,0
0,0.09581150114536285,0
0,0.09581150114536285,0
0,0.09581150114536285,0
0,0.09581150114536285,0
0,0.09581150114536285,0
0,0.09581150114536285,0
0,0.09581150114536285,0
0,0.09581150114536285,0
0,0.09581150114536285,0
0,0.09581150114536285,0
0,0.09581150114536285,0
0,0.09581150114536285,0
0,0.09581150114536285,0
0,0.09581150114536285,0
0,0.09581150114536285,0
0,0.09581150114536285,0
0,0.09581150114536285,0
0,0.09581150114536285,0
0,0.09581150114536285,0
0,0.09581150114536285,0
0,0.09581150114536285,0
0,0.09581150114536285,0
0,0.09581150114536285,0
0,0.09581150114536285,0
0,0.09581150114536285,0
0,0.09581150114536285,0
0,0.09581150114536285,0
0,0.09581150114536285,0
0,0.09581150114536285,0
0,0.09581150114536285,0
0,0.09581150114536285,0
0,0.09581150114536285,0
0,0.09581150114536285,0
0,0.09581150114536285,0
0,0.09581150114536285,0
0,0.09581150114536285,0
0,0.09581150114536285,0
0,0.09581150114536285,0
0,0.09581150114536285,0
0,0.09581150114536285,0
0,0.09581150114536285,0
0,0.09581150114536285,0
0,0.09581150114536285,0
0,0.09581150114536285,0
0,0.09581150114536285,0
0,0.09581150114536285,0
0,0.09581150114536285,0
0,0.09581150114536285,0
0,0.09581150114536285,0
0,0.09581150114536285,0
0,0.09581150114536285,0
0,0.09581150114536285,0
0,0.09581150114536285,0
0,0.09581150114536285,0
0,0.09581150114536285,0
0,0.09581150114536285,0
0,0.09581150114536285,0
0,0.09581150114536285,0
0,0.09581150114536285,0
0,0.09581150114536285,0
0,0.09581150114536285,0
0,0.09581150114536285,0
0,0.09581150114536285,0
0,0.09581150114536285,0
0,0.09581150114536285,0
0,0.09581150114536285,0
0,0.09581150114536285,0
0,0.09581150114536285,0
0,0.09581150114536285,0
0,0.09581150114536285,0
0,0.09581150114536285,0
0,0.09581150114536285,0
0,0.09581150114536285,0
0,0.09581150114536285,0
0,0.09581150114536285,0
0,0.09581150114536285,0
0,0.09581150114536285,0
0,0.09581150114536285,0
0,0.09581150114536285,0
0,0.09581150114536285,0
0,0.09581150114536285,0
0,0.09581150114536285,0
0,0.09581150114536285,0
0,0.09581150114536285,0
0,0.09581150114536285,0
0,0.09581150114536285,0
0,0.09581150114536285,0
0,0.09581150114536285,0
0,0.09581150114536285,0
0,0.09581150114536285,0
0,0.09581150114536285,0
0,0.09581150114536285,0
0,0.09581150114536285,0
0,0.09581150114536285,0
0,0.09581150114536285,0
0,0.09581150114536285,0
0,0.09581150114536285,0
0,0.09581150114536285,0
0,0.09581150114536285,0
0,0.09581150114536285,0
0,0.09581150114536285,0
0,0.09581150114536285,0
0,0.09581150114536285,0
0,0.09581150114536285,0
0,0.09581150114536285,0
0,0.09581150114536285,0
0,0.09581150114536285,0
0,0.09581150114536285,0
0,0.09581150114536285,0
0,0.09581150114536285,0
0,0.09581150114536285,0
0,0.09581150114536285,0
0,0.09581150114536285,0
0,0.09581150114536285,0
0,0.09581150114536285,0
0,0.09581150114536285,0
0,0.09581150114536285,0
0,0.09581150114536285,0
0,0.09581150114536285,0
0,0.09581150114536285,0
0,0.09581150114536285,0
0,0.09581150114536285,0
0,0.09581150114536285,0
0,0.09581150114536285,0
0,0.09581150114536285,0
0,0.09581150114536285,0
0,0.09581150114536285,0
0,0.09581150114536285,0
0,0.09581150114536285,0
0,0.09581150114536285,0
0,0.09581150114536285,0
0,0.09581150114536285,0
0,0.09581150114536285,0
0,0.09581150114536285,0
0,0.09581150114536285,0
0,0.09581150114536285,0
0,0.09581150114536285,0
0,0.09581150114536285,0
0,0.09581150114536285,0
0,0.09581150114536285,0
0,0.09581150114536285,0
0,0.09581150114536285,0
0,0.09581150114536285,0
0,0.09581150114536285,0
0,0.09581150114536285,0
0,0.09581150114536285,0
0,0.09581150114536285,0
0,0.09581150114536285,0
0,0.09581150114536285,0
0,0.09581150114536285,0
0,0.09581150114536285,0
0,0.09581150114536285,0
0,0.09581150114536285,0
0,0.09581150114536285,0
0,0.09581150114536285,0
0,0.09581150114536285,0
0,0.09581150114536285,0
0,0.09581150114536285,0
0,0.09581150114536285,0
0,0.09581150114536285,0
0,0.09581150114536285,0
0,0.09581150114536285,0
0,0.09581150114536285,0
0,0.09581150114536285,0
0,0.09581150114536285,0
0,0.09581150114536285,0
0,0.09581150114536285,0
0,0.09581150114536285,0
0,0.09581150114536285,0
0,0.09581150114536285,0
0,0.09581150114536285,0
0,0.09581150114536285,0
0,0.09581150114536285,0
0,0.09581150114536285,0
0,0.09581150114536285,0
0,0.8587902188301086,0
0,0.7351422905921936,0
0,0.7442667484283447,0
1,0.7101284265518188,0
0,0.8347859382629395,0
0,0.8719147443771362,0
0,0.8940266966819763,0
0,0.8881310224533081,0
0,0.8832200169563293,0
0,0.8754094243049622,0
0,0.8657752275466919,0
0,0.8599126935005188,0
0,0.8622812032699585,0
0,0.872373104095459,0
0,0.9005981683731079,0
0,0.7541808485984802,0
0,0.7545438408851624,0
0,0.7282616496086121,0
0,0.6804725527763367,0
0,0.6562877893447876,0
0,0.6852715611457825,0
0,0.7351422905921936,0
0,0.7442667484283447,0
0,0.7101284265518188,0
0,0.6404545903205872,0
0,0.5794359445571899,0
0,0.5981054902076721,0
0,0.6770144104957581,0
0,0.7196396589279175,0
0,0.7175034880638123,0
0,0.6955389380455017,0
0,0.670813798904419,0
0,0.6545332670211792,0
0,0.6471360921859741,0
0,0.5066333413124084,0
0,0.09581150114536285,0
0,0.09581150114536285,0
0,0.09581150114536285,0
0,0.09581150114536285,0
0,0.09581150114536285,0
0,0.09581150114536285,0
0,0.09581150114536285,0
0,0.09581150114536285,0
0,0.09581150114536285,0
0,0.09581150114536285,0
0,0.09581150114536285,0
0,0.09581150114536285,0
0,0.09581150114536285,0
0,0.09581150114536285,0
0,0.09581150114536285,0
0,0.09581150114536285,0
0,0.09581150114536285,0
0,0.09581150114536285,0
0,0.09581150114536285,0
0,0.09581150114536285,0
0,0.09581150114536285,0
0,0.09581150114536285,0
0,0.09581150114536285,0
0,0.09581150114536285,0
0,0.09581150114536285,0
0,0.09581150114536285,0
0,0.09581150114536285,0
0,0.09581150114536285,0
0,0.09581150114536285,0
0,0.09581150114536285,0
0,0.09581150114536285,0
0,0.09581150114536285,0
0,0.09581150114536285,0
0,0.09581150114536285,0
0,0.09581150114536285,0
0,0.09581150114536285,0
0,0.09581150114536285,0
0,0.09581150114536285,0
0,0.09581150114536285,0
0,0.09581150114536285,0
0,0.09581150114536285,0
0,0.09581150114536285,0
0,0.09581150114536285,0
0,0.09581150114536285,0
0,0.09581150114536285,0
0,0.09581150114536285,0
0,0.09581150114536285,0
0,0.09581150114536285,0
0,0.09581150114536285,0
0,0.09581150114536285,0
0,0.09581150114536285,0
0,0.09581150114536285,0
0,0.09581150114536285,0
0,0.09581150114536285,0
0,0.09581150114536285,0
0,0.09581150114536285,0
0,0.09581150114536285,0
0,0.09581150114536285,0
0,0.09581150114536285,0
0,0.09581150114536285,0
0,0.09581150114536285,0
0,0.09581150114536285,0
0,0.09581150114536285,0
0,0.09581150114536285,0
0,0.09581150114536285,0
0,0.09581150114536285,0
0,0.09581150114536285,0
0,0.09581150114536285,0
0,0.09581150114536285,0
0,0.09581150114536285,0
0,0.09581150114536285,0
0,0.09581150114536285,0
1,0.09581150114536285,0
0,0.8923224210739136,0
0,0.8895574808120728,0
0,0.883767306804657,0
0,0.8632813096046448,0
0,0.8468464016914368,0
0,0.8307079672813416,0
0,0.8125883340835571,0
0,0.7851958274841309,0
0,0.7540867328643799,0
0,0.7434166669845581,0
0,0.7469439506530762,0
0,0.7541808485984802,0
0,0.7545438408851624,0
0,0.7282616496086121,0
0,0.6804725527763367,0
0,0.6562877893447876,0
0,0.6852715611457825,0
0,0.7351422905921936,0
0,0.7442667484283447,0
0,0.7101284265518188,0
0,0.6404545903205872,0
0,0.5794359445571899,0
0,0.5981054902076721,0
0,0.6770144104957581,0
0,0.7196396589279175,0
0,0.7175034880638123,0
0,0.6955389380455017,0
0,0.670813798904419,0
0,0.6545332670211792,0
0,0.6471360921859741,0
0,0.5066333413124084,0
0,0.09581150114536285,0
0,0.09581150114536285,0
0,0.09581150114536285,0
0,0.09581150114536285,0
0,0.09581150114536285,0
0,0.09581150114536285,0
0,0.09581150114536285,0
0,0.09581150114536285,0
0,0.09581150114536285,0
0,0.09581150114536285,0
0,0.09581150114536285,0
0,0.09581150114536285,0
0,0.09581150114536285,0
0,0.09581150114536285,0
0,0.09581150114536285,0
0,0.09581150114536285,0
0,0.09581150114536285,0
0,0.09581150114536285,0
0,0.09581150114536285,0
0,0.09581150114536285,0
0,0.09581150114536285,0
0,0.09581150114536285,0
0,0.09581150114536285,0
0,0.09581150114536285,0
0,0.09581150114536285,0
0,0.09581150114536285,0
0,0.09581150114536285,0
0,0.09581150114536285,0
0,0.09581150114536285,0
0,0.09581150114536285,0
0,0.09581150114536285,0
0,0.09581150114536285,0
0,0.09581150114536285,0
0,0.09581150114536285,0
0,0.09581150114536285,0
0,0.09581150114536285,0
0,0.09581150114536285,0
0,0.09581150114536285,0
0,0.09581150114536285,0
0,0.09581150114536285,0
1,0.8632813096046448,0
0,0.9547216296195984,0
1,0.9397718906402588,0
0,0.9710346460342407,0
0,0.9576519727706909,0
0,0.9584512710571289,0
0,0.9524579048156738,0
0,0.9462403655052185,0
0,0.9397052526473999,0
1,0.9309942126274109,0
0,0.9545069336891174,0
1,0.9433049559593201,0
0,0.9675661325454712,0
0,0.9604093432426453,0
0,0.963478147983551,0
0,0.9539906978607178,0
0,0.9401264190673828,0
0,0.9272317290306091,0
0,0.9196332693099976,0
0,0.919142484664917,0
0,0.9246290326118469,0
0,0.9315696954727173,0
0,0.935710072517395,0
0,0.9270406365394592,0
1,0.9019341468811035,0
1,0.960491955280304,0
1,0.9744524359703064,0
0,0.9883872866630554,1
1,0.967656672000885,0
0,0.979800820350647,1
0,0.9768070578575134,1
0,0.975723922252655,0
0,0.9499812722206116,0
0,0.9492449760437012,0
0,0.9257461428642273,0
0,0.9298042058944702,0
0,0.934626042842865,0
0,0.9392877817153931,0
0,0.9410683512687683,0
0,0.9376939535140991,0
0,0.9298904538154602,0
0,0.8836612105369568,0
0,0.9010416865348816,0
0,0.8153095841407776,0
0,0.8148772716522217,0
0,0.8280147314071655,0
0,0.8501284122467041,0
0,0.8539894223213196,0
0,0.8374539017677307,0
0,0.8091593384742737,0
0,0.7819339632987976,0
0,0.7704997658729553,0
0,0.7787638902664185,0
0,0.7743383049964905,0
0,0.7565404176712036,0
0,0.7586432695388794,0
0,0.7802621126174927,0
0,0.8108029365539551,0
0,0.6471360921859741,0
0,0.5066333413124084,0
0,0.09581150114536285,0
0,0.09581150114536285,0
0,0.09581150114536285,0
0,0.09581150114536285,0
0,0.09581150114536285,0
0,0.09581150114536285,0
0,0.09581150114536285,0
0,0.09581150114536285,0
0,0.09581150114536285,0
0,0.09581150114536285,0
0,0.09581150114536285,0
0,0.09581150114536285,0
0,0.09581150114536285,0
0,0.09581150114536285,0
0,0.09581150114536285,0
0,0.09581150114536285,0
1,0.09581150114536285,0
0,0.8923224210739136,0
0,0.8895574808120728,0
0,0.883767306804657,0
0,0.8632813096046448,0
0,0.8468464016914368,0
0,0.8307079672813416,0
0,0.8125883340835571,0
0,0.7851958274841309,0
0,0.7540867328643799,0
0,0.7434166669845581,0
0,0.7469439506530762,0
0,0.7541808485984802,0
0,0.7545438408851624,0
0,0.7282616496086121,0
0,0.6804725527763367,0
0,0.6562877893447876,0
0,0.6852715611457825,0
0,0.7351422905921936,0
0,0.7442667484283447,0
0,0.7101284265518188,0
0,0.6404545903205872,0
0,0.5794359445571899,0
1,0.5981054902076721,0
0,0.8787726163864136,0
0,0.900083601474762,0
1,0.909785807132721,0
0,0.9395474791526794,0
0,0.9357250928878784,0
0,0.9290075898170471,0
0,0.9104326367378235,0
0,0.9227453470230103,0
0,0.9214003086090088,0
0,0.9188413619995117,0
0,0.9101938605308533,0
0,0.8999247550964355,0
0,0.8933264017105103,0
0,0.8823981285095215,0
0,0.8620598912239075,0
0,0.8258898854255676,0
1,0.7971332669258118,0
1,0.9334769248962402,0
0,0.9640077948570251,0
0,0.9337430000305176,0
0,0.9429836273193359,0
0,0.93468177318573,0
0,0.9279301166534424,0
0,0.9169830679893494,0
0,0.9008615016937256,0
0,0.8997114300727844,0
0,0.9154143333435059,0
0,0.9304991364479065,0
0,0.9366074204444885,0
0,0.9313141107559204,0
0,0.914914608001709,0
0,0.8402366638183594,0
0,0.816778838634491,0
0,0.866025984287262,0
0,0.7460248470306396,0
0,0.76247638463974,0
0,0.7510955929756165,0
0,0.7142133712768555,0
0,0.6613062024116516,0
0,0.6431778073310852,0
0,0.6908496022224426,0
0,0.7320390343666077,0
0,0.735016405582428,0
0,0.7165073156356812,0
0,0.6932235360145569,0
0,0.6733537912368774,0
0,0.6551180481910706,0
0,0.5379312634468079,0
0,0.5066333413124084,0
0,0.09581150114536285,0
0,0.09581150114536285,0
0,0.09581150114536285,0
0,0.09581150114536285,0
0,0.09581150114536285,0
0,0.09581150114536285,0
0,0.09581150114536285,0
0,0.09581150114536285,0
0,0.09581150114536285,0
0,0.09581150114536285,0
0,0.09581150114536285,0
0,0.09581150114536285,0
0,0.09581150114536285,0
0,0.09581150114536285,0
0,0.09581150114536285,0
0,0.09581150114536285,0
0,0.09581150114536285,0
0,0.09581150114536285,0
0,0.09581150114536285,0
0,0.09581150114536285,0
0,0.09581150114536285,0
0,0.09581150114536285,0
0,0.09581150114536285,0
0,0.09581150114536285,0
0,0.09581150114536285,0
0,0.09581150114536285,0
0,0.09581150114536285,0
0,0.09581150114536285,0
0,0.09581150114536285,0
0,0.09581150114536285,0
0,0.09581150114536285,0
0,0.09581150114536285,0
0,0.09581150114536285,0
0,0.09581150114536285,0
0,0.09581150114536285,0
0,0.09581150114536285,0
0,0.09581150114536285,0
0,0.09581150114536285,0
0,0.09581150114536285,0
0,0.09581150114536285,0
0,0.09581150114536285,0
1,0.09581150114536285,0
0,0.8923224210739136,0
0,0.8895574808120728,0
0,0.883767306804657,0
0,0.8632813096046448,0
0,0.8468464016914368,0
0,0.8307079672813416,0
0,0.8125883340835571,0
0,0.7851958274841309,0
0,0.7540867328643799,0
0,0.7434166669845581,0
1,0.7469439506530762,0
0,0.9470130801200867,0
0,0.92784583568573,0
0,0.9238676428794861,0
0,0.8938484787940979,0
0,0.8697632551193237,0
0,0.8599486947059631,0
0,0.8590317368507385,0
0,0.8566641807556152,0
0,0.8537601232528687,0
0,0.8513389825820923,0
0,0.8617543578147888,0
1,0.8773375749588013,0
0,0.9490870237350464,0
0,0.9312512874603271,0
0,0.9199915528297424,0
0,0.8951337337493896,0
0,0.8936045169830322,0
0,0.9049253463745117,0
0,0.9077537655830383,0
0,0.9191138744354248,0
0,0.8424862623214722,0
0,0.841562032699585,0
0,0.8620775938034058,0
0,0.8766885995864868,0
0,0.8545904159545898,0
0,0.8051929473876953,0
0,0.7666578888893127,0
0,0.7727430462837219,0
0,0.8286372423171997,0
0,0.8705987334251404,0
0,0.8981260061264038,0
0,0.7101284265518188,0
0,0.6404545903205872,0
0,0.5794359445571899,0
0,0.5981054902076721,0
0,0.6770144104957581,0
0,0.7196396589279175,0
0,0.7175034880638123,0
0,0.6955389380455017,0
0,0.670813798904419,0
0,0.6545332670211792,0
0,0.6471360921859741,0
0,0.5066333413124084,0
0,0.09581150114536285,0
1,0.09581150114536285,0
0,0.8923224210739136,0
0,0.8895574808120728,0
0,0.883767306804657,0
0,0.8632813096046448,0
0,0.8468464016914368,0
0,0.8307079672813416,0
0,0.8125883340835571,0
0,0.7851958274841309,0
0,0.7540867328643799,0
0,0.7434166669845581,0
0,0.7469439506530762,0
0,0.7541808485984802,0
0,0.7545438408851624,0
0,0.7282616496086121,0
0,0.6804725527763367,0
0,0.6562877893447876,0
0,0.6852715611457825,0
0,0.7351422905921936,0
0,0.7442667484283447,0
0,0.7101284265518188,0
0,0.6404545903205872,0
0,0.5794359445571899,0
0,0.5981054902076721,0
0,0.6770144104957581,0
0,0.7196396589279175,0
0,0.7175034880638123,0
0,0.6955389380455017,0
0,0.670813798904419,0
0,0.6545332670211792,0
0,0.6471360921859741,0
0,0.5066333413124084,0
0,0.09581150114536285,0
1,0.09581150114536285,0
0,0.8923224210739136,0
0,0.8895574808120728,0
0,0.883767306804657,0
0,0.8632813096046448,0
0,0.8468464016914368,0
0,0.8307079672813416,0
0,0.8125883340835571,0
0,0.7851958274841309,0
0,0.7540867328643799,0
0,0.7434166669845581,0
0,0.7469439506530762,0
0,0.7541808485984802,0
0,0.7545438408851624,0
0,0.7282616496086121,0
0,0.6804725527763367,0
0,0.6562877893447876,0
0,0.6852715611457825,0
0,0.7351422905921936,0
0,0.7442667484283447,0
1,0.7101284265518188,0
1,0.8347859382629395,0
1,0.9436348676681519,0
0,0.99038165807724,1
1,0.9469804167747498,0
0,0.9774754047393799,1
0,0.9551863670349121,0
0,0.947715163230896,0
0,0.9288567900657654,0
0,0.9180775880813599,0
0,0.9190167784690857,0
0,0.9309265613555908,0
0,0.8836830854415894,0
0,0.8835389018058777,0
0,0.8826059103012085,0
0,0.8755682110786438,0
0,0.8631914258003235,0
0,0.8375902771949768,0
0,0.8197759985923767,0
0,0.8153095841407776,0
0,0.8148772716522217,0
0,0.8280147314071655,0
0,0.8501284122467041,0
0,0.8539894223213196,0
1,0.8374539017677307,0
0,0.9206376075744629,0
0,0.9261680841445923,0
0,0.9335371255874634,0
0,0.9272704720497131,0
0,0.9255620837211609,0
0,0.9218673706054688,0
0,0.9254330992698669,0
0,0.9286647439002991,0
0,0.9323780536651611,0
0,0.872373104095459,0
0,0.9005981683731079,0
0,0.7541808485984802,0
0,0.7545438408851624,0
0,0.7282616496086121,0
0,0.6804725527763367,0
0,0.6562877893447876,0
0,0.6852715611457825,0
0,0.7351422905921936,0
0,0.7442667484283447,0
0,0.7101284265518188,0
0,0.6404545903205872,0
0,0.5794359445571899,0
0,0.5981054902076721,0
0,0.6770144104957581,0
0,0.7196396589279175,0
0,0.7175034880638123,0
0,0.6955389380455017,0
0,0.670813798904419,0
0,0.6545332670211792,0
0,0.6471360921859741,0
0,0.5066333413124084,0
0,0.09581150114536285,0
0,0.09581150114536285,0
0,0.09581150114536285,0
0,0.09581150114536285,0
0,0.09581150114536285,0
0,0.09581150114536285,0
0,0.09581150114536285,0
0,0.09581150114536285,0
0,0.09581150114536285,0
0,0.09581150114536285,0
0,0.09581150114536285,0
0,0.09581150114536285,0
0,0.09581150114536285,0
0,0.09581150114536285,0
0,0.09581150114536285,0
0,0.09581150114536285,0
0,0.09581150114536285,0
0,0.09581150114536285,0
0,0.09581150114536285,0
0,0.09581150114536285,0
0,0.09581150114536285,0
0,0.09581150114536285,0
0,0.09581150114536285,0
0,0.09581150114536285,0
0,0.09581150114536285,0
0,0.09581150114536285,0
0,0.09581150114536285,0
0,0.09581150114536285,0
0,0.09581150114536285,0
0,0.09581150114536285,0
0,0.09581150114536285,0
0,0.09581150114536285,0
0,0.09581150114536285,0
0,0.09581150114536285,0
0,0.09581150114536285,0
0,0.09581150114536285,0
0,0.09581150114536285,0
0,0.09581150114536285,0
0,0.09581150114536285,0
0,0.09581150114536285,0
0,0.09581150114536285,0
0,0.09581150114536285,0
0,0.09581150114536285,0
0,0.09581150114536285,0
0,0.09581150114536285,0
0,0.09581150114536285,0
0,0.09581150114536285,0
0,0.09581150114536285,0
0,0.09581150114536285,0
0,0.09581150114536285,0
0,0.09581150114536285,0
0,0.09581150114536285,0
0,0.09581150114536285,0
0,0.09581150114536285,0
0,0.09581150114536285,0
0,0.09581150114536285,0
0,0.09581150114536285,0
0,0.09581150114536285,0
0,0.09581150114536285,0
0,0.09581150114536285,0
0,0.09581150114536285,0
0,0.09581150114536285,0
0,0.09581150114536285,0
0,0.09581150114536285,0
0,0.09581150114536285,0
0,0.09581150114536285,0
0,0.09581150114536285,0
0,0.09581150114536285,0
0,0.09581150114536285,0
0,0.09581150114536285,0
0,0.09581150114536285,0
0,0.09581150114536285,0
0,0.09581150114536285,0
0,0.09581150114536285,0
0,0.09581150114536285,0
0,0.09581150114536285,0
0,0.09581150114536285,0
0,0.09581150114536285,0
0,0.09581150114536285,0
0,0.09581150114536285,0
0,0.09581150114536285,0
0,0.09581150114536285,0
0,0.09581150114536285,0
0,0.09581150114536285,0
0,0.09581150114536285,0
0,0.09581150114536285,0
0,0.09581150114536285,0
0,0.09581150114536285,0
0,0.09581150114536285,0
0,0.09581150114536285,0
0,0.09581150114536285,0
0,0.09581150114536285,0
0,0.09581150114536285,0
0,0.09581150114536285,0
0,0.09581150114536285,0
0,0.09581150114536285,0
0,0.09581150114536285,0
0,0.09581150114536285,0
0,0.09581150114536285,0
0,0.09581150114536285,0
0,0.09581150114536285,0
0,0.09581150114536285,0
0,0.09581150114536285,0
0,0.09581150114536285,0
0,0.09581150114536285,0
0,0.09581150114536285,0
0,0.09581150114536285,0
0,0.09581150114536285,0
0,0.09581150114536285,0
0,0.09581150114536285,0
0,0.09581150114536285,0
0,0.09581150114536285,0
0,0.09581150114536285,0
0,0.09581150114536285,0
0,0.09581150114536285,0
0,0.09581150114536285,0
0,0.09581150114536285,0
0,0.09581150114536285,0
0,0.09581150114536285,0
0,0.09581150114536285,0
0,0.09581150114536285,0
0,0.09581150114536285,0
0,0.09581150114536285,0
0,0.09581150114536285,0
0,0.09581150114536285,0
0,0.09581150114536285,0
0,0.09581150114536285,0
0,0.09581150114536285,0
0,0.09581150114536285,0
0,0.09581150114536285,0
0,0.09581150114536285,0
0,0.09581150114536285,0
0,0.09581150114536285,0
0,0.09581150114536285,0
0,0.09581150114536285,0
0,0.09581150114536285,0
0,0.09581150114536285,0
0,0.09581150114536285,0
0,0.09581150114536285,0
0,0.09581150114536285,0
0,0.09581150114536285,0
0,0.09581150114536285,0
0,0.09581150114536285,0
0,0.09581150114536285,0
0,0.09581150114536285,0
0,0.09581150114536285,0
0,0.09581150114536285,0
0,0.09581150114536285,0
0,0.09581150114536285,0
0,0.09581150114536285,0
0,0.09581150114536285,0
0,0.09581150114536285,0
0,0.09581150114536285,0
0,0.09581150114536285,0
0,0.09581150114536285,0
0,0.09581150114536285,0
0,0.09581150114536285,0
0,0.09581150114536285,0
0,0.09581150114536285,0
0,0.09581150114536285,0
0,0.09581150114536285,0
0,0.09581150114536285,0
0,0.09581150114536285,0
0,0.09581150114536285,0
0,0.09581150114536285,0
0,0.09581150114536285,0
0,0.09581150114536285,0
0,0.09581150114536285,0
0,0.09581150114536285,0
0,0.09581150114536285,0
0,0.09581150114536285,0
0,0.09581150114536285,0
0,0.09581150114536285,0
0,0.09581150114536285,0
0,0.09581150114536285,0
0,0.09581150114536285,0
0,0.09581150114536285,0
0,0.09581150114536285,0
0,0.09581150114536285,0
0,0.09581150114536285,0
0,0.09581150114536285,0
0,0.09581150114536285,0
0,0.09581150114536285,0
0,0.09581150114536285,0
0,0.09581150114536285,0
0,0.09581150114536285,0
0,0.09581150114536285,0
0,0.09581150114536285,0
0,0.09581150114536285,0
0,0.09581150114536285,0
0,0.09581150114536285,0
0,0.09581150114536285,0
0,0.09581150114536285,0
0,0.09581150114536285,0
0,0.09581150114536285,0
0,0.09581150114536285,0
0,0.09581150114536285,0
0,0.09581150114536285,0
0,0.09581150114536285,0
0,0.09581150114536285,0
0,0.09581150114536285,0
0,0.09581150114536285,0
0,0.09581150114536285,0
0,0.09581150114536285,0
0,0.09581150114536285,0
0,0.09581150114536285,0
0,0.09581150114536285,0
0,0.09581150114536285,0
0,0.09581150114536285,0
0,0.09581150114536285,0
0,0.09581150114536285,0
0,0.09581150114536285,0
0,0.09581150114536285,0
0,0.09581150114536285,0
0,0.09581150114536285,0
0,0.09581150114536285,0
0,0.09581150114536285,0
0,0.09581150114536285,0
0,0.09581150114536285,0
0,0.09581150114536285,0
0,0.09581150114536285,0
0,0.09581150114536285,0
0,0.09581150114536285,0
0,0.09581150114536285,0
0,0.09581150114536285,0
0,0.09581150114536285,0
0,0.09581150114536285,0
0,0.09581150114536285,0
0,0.09581150114536285,0
0,0.09581150114536285,0
0,0.09581150114536285,0
0,0.09581150114536285,0
0,0.09581150114536285,0
0,0.09581150114536285,0
0,0.09581150114536285,0
0,0.09581150114536285,0
0,0.09581150114536285,0
0,0.09581150114536285,0
0,0.09581150114536285,0
0,0.09581150114536285,0
0,0.09581150114536285,0
0,0.09581150114536285,0
0,0.09581150114536285,0
0,0.09581150114536285,0
0,0.09581150114536285,0
0,0.09581150114536285,0
0,0.09581150114536285,0
0,0.09581150114536285,0
0,0.09581150114536285,0
0,0.09581150114536285,0
0,0.09581150114536285,0
0,0.09581150114536285,0
0,0.09581150114536285,0
0,0.09581150114536285,0
0,0.09581150114536285,0
0,0.09581150114536285,0
0,0.09581150114536285,0
0,0.09581150114536285,0
0,0.09581150114536285,0
0,0.09581150114536285,0
0,0.09581150114536285,0
0,0.09581150114536285,0
0,0.09581150114536285,0
0,0.09581150114536285,0
0,0.09581150114536285,0
0,0.09581150114536285,0
0,0.09581150114536285,0
0,0.09581150114536285,0
0,0.09581150114536285,0
0,0.09581150114536285,0
0,0.09581150114536285,0
0,0.09581150114536285,0
0,0.09581150114536285,0
0,0.09581150114536285,0
0,0.09581150114536285,0
0,0.09581150114536285,0
0,0.09581150114536285,0
0,0.09581150114536285,0
0,0.09581150114536285,0
0,0.09581150114536285,0
0,0.09581150114536285,0
0,0.09581150114536285,0
0,0.09581150114536285,0
0,0.09581150114536285,0
0,0.09581150114536285,0
0,0.09581150114536285,0
0,0.09581150114536285,0
0,0.09581150114536285,0
0,0.09581150114536285,0
0,0.09581150114536285,0
0,0.09581150114536285,0
0,0.09581150114536285,0
0,0.09581150114536285,0
0,0.09581150114536285,0
0,0.09581150114536285,0
0,0.09581150114536285,0
0,0.09581150114536285,0
0,0.09581150114536285,0
0,0.09581150114536285,0
0,0.09581150114536285,0
0,0.09581150114536285,0
0,0.09581150114536285,0
0,0.09581150114536285,0
0,0.09581150114536285,0
0,0.09581150114536285,0
0,0.09581150114536285,0
0,0.09581150114536285,0
0,0.09581150114536285,0
0,0.09581150114536285,0
0,0.09581150114536285,0
0,0.09581150114536285,0
0,0.09581150114536285,0
0,0.09581150114536285,0
0,0.09581150114536285,0
0,0.09581150114536285,0
0,0.09581150114536285,0
0,0.09581150114536285,0
0,0.09581150114536285,0
0,0.09581150114536285,0
0,0.09581150114536285,0
0,0.09581150114536285,0
0,0.09581150114536285,0
0,0.09581150114536285,0
0,0.09581150114536285,0
0,0.09581150114536285,0
0,0.09581150114536285,0
0,0.09581150114536285,0
0,0.09581150114536285,0
0,0.09581150114536285,0
0,0.09581150114536285,0
0,0.09581150114536285,0
0,0.09581150114536285,0
0,0.09581150114536285,0
0,0.09581150114536285,0
0,0.09581150114536285,0
0,0.09581150114536285,0
0,0.09581150114536285,0
0,0.09581150114536285,0
0,0.09581150114536285,0
0,0.09581150114536285,0
0,0.09581150114536285,0
0,0.09581150114536285,0
0,0.09581150114536285,0
0,0.09581150114536285,0
0,0.09581150114536285,0
0,0.09581150114536285,0
0,0.09581150114536285,0
0,0.09581150114536285,0
0,0.09581150114536285,0
0,0.09581150114536285,0
0,0.09581150114536285,0
0,0.09581150114536285,0
0,0.09581150114536285,0
0,0.09581150114536285,0
0,0.09581150114536285,0
0,0.09581150114536285,0
0,0.09581150114536285,0
0,0.09581150114536285,0
0,0.09581150114536285,0
0,0.09581150114536285,0
0,0.09581150114536285,0
0,0.09581150114536285,0
0,0.09581150114536285,0
0,0.09581150114536285,0
0,0.09581150114536285,0
0,0.09581150114536285,0
0,0.09581150114536285,0
0,0.09581150114536285,0
0,0.09581150114536285,0
0,0.09581150114536285,0
0,0.09581150114536285,0
0,0.09581150114536285,0
0,0.09581150114536285,0
0,0.09581150114536285,0
0,0.09581150114536285,0
0,0.09581150114536285,0
0,0.09581150114536285,0
0,0.09581150114536285,0
0,0.09581150114536285,0
0,0.09581150114536285,0
0,0.09581150114536285,0
0,0.09581150114536285,0
0,0.09581150114536285,0
0,0.09581150114536285,0
0,0.09581150114536285,0
0,0.09581150114536285,0
0,0.09581150114536285,0
0,0.09581150114536285,0
0,0.09581150114536285,0
0,0.09581150114536285,0
0,0.09581150114536285,0
0,0.09581150114536285,0
0,0.09581150114536285,0
0,0.09581150114536285,0
0,0.09581150114536285,0
0,0.09581150114536285,0
0,0.09581150114536285,0
0,0.09581150114536285,0
0,0.09581150114536285,0
0,0.09581150114536285,0
0,0.09581150114536285,0
0,0.09581150114536285,0
0,0.09581150114536285,0
0,0.09581150114536285,0
0,0.09581150114536285,0
0,0.09581150114536285,0
0,0.09581150114536285,0
0,0.09581150114536285,0
0,0.09581150114536285,0
0,0.09581150114536285,0
0,0.09581150114536285,0
0,0.09581150114536285,0
0,0.09581150114536285,0
0,0.09581150114536285,0
0,0.09581150114536285,0
0,0.09581150114536285,0
0,0.09581150114536285,0
0,0.09581150114536285,0
0,0.09581150114536285,0
0,0.09581150114536285,0
0,0.09581150114536285,0
0,0.09581150114536285,0
0,0.09581150114536285,0
0,0.09581150114536285,0
0,0.09581150114536285,0
0,0.09581150114536285,0
0,0.09581150114536285,0
0,0.09581150114536285,0
0,0.09581150114536285,0
0,0.09581150114536285,0
0,0.09581150114536285,0
0,0.09581150114536285,0
0,0.09581150114536285,0
0,0.09581150114536285,0
0,0.09581150114536285,0
0,0.09581150114536285,0
0,0.09581150114536285,0
0,0.09581150114536285,0
0,0.09581150114536285,0
0,0.09581150114536285,0
0,0.09581150114536285,0
0,0.09581150114536285,0
0,0.09581150114536285,0
0,0.09581150114536285,0
0,0.09581150114536285,0
0,0.09581150114536285,0
0,0.09581150114536285,0
0,0.09581150114536285,0
0,0.09581150114536285,0
0,0.09581150114536285,0
0,0.09581150114536285,0
0,0.09581150114536285,0
0,0.09581150114536285,0
0,0.09581150114536285,0
0,0.09581150114536285,0
0,0.09581150114536285,0
0,0.09581150114536285,0
0,0.09581150114536285,0
0,0.09581150114536285,0
0,0.09581150114536285,0
0,0.09581150114536285,0
0,0.09581150114536285,0
0,0.09581150114536285,0
0,0.09581150114536285,0
0,0.09581150114536285,0
0,0.09581150114536285,0
0,0.09581150114536285,0
0,0.09581150114536285,0
0,0.09581150114536285,0
0,0.09581150114536285,0
0,0.09581150114536285,0
0,0.09581150114536285,0
0,0.09581150114536285,0
0,0.09581150114536285,0
0,0.09581150114536285,0
0,0.09581150114536285,0
0,0.09581150114536285,0
0,0.09581150114536285,0
0,0.09581150114536285,0
0,0.09581150114536285,0
0,0.09581150114536285,0
0,0.09581150114536285,0
0,0.09581150114536285,0
0,0.09581150114536285,0
0,0.09581150114536285,0
0,0.09581150114536285,0
0,0.09581150114536285,0
0,0.09581150114536285,0
0,0.09581150114536285,0
0,0.09581150114536285,0
0,0.09581150114536285,0
0,0.09581150114536285,0
0,0.09581150114536285,0
0,0.09581150114536285,0
0,0.09581150114536285,0
0,0.09581150114536285,0
0,0.09581150114536285,0
0,0.09581150114536285,0
0,0.09581150114536285,0
0,0.09581150114536285,0
0,0.09581150114536285,0
0,0.09581150114536285,0
0,0.09581150114536285,0
0,0.09581150114536285,0
0,0.09581150114536285,0
0,0.09581150114536285,0
0,0.09581150114536285,0
0,0.09581150114536285,0
0,0.09581150114536285,0
0,0.09581150114536285,0
0,0.09581150114536285,0
0,0.09581150114536285,0
0,0.09581150114536285,0
0,0.09581150114536285,0
0,0.09581150114536285,0
0,0.09581150114536285,0
0,0.09581150114536285,0
0,0.09581150114536285,0
0,0.09581150114536285,0
0,0.09581150114536285,0
0,0.09581150114536285,0
0,0.09581150114536285,0
0,0.09581150114536285,0
0,0.09581150114536285,0
0,0.09581150114536285,0
0,0.09581150114536285,0
0,0.09581150114536285,0
0,0.09581150114536285,0
0,0.09581150114536285,0
0,0.09581150114536285,0
0,0.09581150114536285,0
0,0.09581150114536285,0
0,0.09581150114536285,0
0,0.09581150114536285,0
0,0.09581150114536285,0
0,0.09581150114536285,0
0,0.09581150114536285,0
0,0.09581150114536285,0
0,0.09581150114536285,0
0,0.09581150114536285,0
0,0.09581150114536285,0
0,0.09581150114536285,0
0,0.09581150114536285,0
0,0.09581150114536285,0
0,0.09581150114536285,0
0,0.09581150114536285,0
0,0.09581150114536285,0
0,0.09581150114536285,0
0,0.09581150114536285,0
0,0.09581150114536285,0
0,0.09581150114536285,0
0,0.09581150114536285,0
0,0.09581150114536285,0
0,0.09581150114536285,0
0,0.09581150114536285,0
0,0.09581150114536285,0
0,0.09581150114536285,0
0,0.09581150114536285,0
0,0.09581150114536285,0
0,0.09581150114536285,0
0,0.09581150114536285,0
0,0.09581150114536285,0
0,0.09581150114536285,0
0,0.09581150114536285,0
0,0.09581150114536285,0
0,0.09581150114536285,0
0,0.09581150114536285,0
0,0.09581150114536285,0
0,0.09581150114536285,0
0,0.09581150114536285,0
0,0.09581150114536285,0
0,0.09581150114536285,0
0,0.09581150114536285,0
0,0.09581150114536285,0
0,0.09581150114536285,0
0,0.09581150114536285,0
0,0.09581150114536285,0
0,0.09581150114536285,0
0,0.09581150114536285,0
0,0.09581150114536285,0
0,0.09581150114536285,0
0,0.09581150114536285,0
0,0.09581150114536285,0
0,0.09581150114536285,0
0,0.09581150114536285,0
0,0.09581150114536285,0
0,0.09581150114536285,0
0,0.09581150114536285,0
0,0.09581150114536285,0
0,0.09581150114536285,0
0,0.09581150114536285,0
0,0.09581150114536285,0
0,0.09581150114536285,0
0,0.09581150114536285,0
0,0.09581150114536285,0
0,0.09581150114536285,0
0,0.09581150114536285,0
0,0.09581150114536285,0
0,0.09581150114536285,0
0,0.09581150114536285,0
0,0.09581150114536285,0
0,0.09581150114536285,0
0,0.09581150114536285,0
0,0.09581150114536285,0
0,0.09581150114536285,0
0,0.09581150114536285,0
0,0.09581150114536285,0
0,0.09581150114536285,0
0,0.09581150114536285,0
0,0.09581150114536285,0
0,0.09581150114536285,0
0,0.09581150114536285,0
0,0.09581150114536285,0
0,0.09581150114536285,0
0,0.09581150114536285,0
0,0.09581150114536285,0
0,0.09581150114536285,0
0,0.09581150114536285,0
0,0.09581150114536285,0
0,0.09581150114536285,0
0,0.09581150114536285,0
0,0.09581150114536285,0
0,0.09581150114536285,0
0,0.09581150114536285,0
0,0.09581150114536285,0
0,0.09581150114536285,0
0,0.09581150114536285,0
0,0.09581150114536285,0
0,0.09581150114536285,0
0,0.09581150114536285,0
0,0.09581150114536285,0
0,0.09581150114536285,0
0,0.09581150114536285,0
0,0.09581150114536285,0
0,0.09581150114536285,0
0,0.09581150114536285,0
0,0.09581150114536285,0
0,0.09581150114536285,0
0,0.09581150114536285,0
0,0.09581150114536285,0
0,0.09581150114536285,0
0,0.09581150114536285,0
0,0.09581150114536285,0
0,0.09581150114536285,0
0,0.09581150114536285,0
0,0.09581150114536285,0
0,0.09581150114536285,0
0,0.09581150114536285,0
0,0.09581150114536285,0
0,0.09581150114536285,0
0,0.09581150114536285,0
0,0.09581150114536285,0
0,0.09581150114536285,0
0,0.09581150114536285,0
0,0.09581150114536285,0
0,0.09581150114536285,0
0,0.09581150114536285,0
0,0.09581150114536285,0
0,0.09581150114536285,0
0,0.09581150114536285,0
0,0.09581150114536285,0
0,0.09581150114536285,0
0,0.09581150114536285,0
0,0.09581150114536285,0
0,0.09581150114536285,0
0,0.09581150114536285,0
0,0.09581150114536285,0
0,0.09581150114536285,0
0,0.09581150114536285,0
0,0.09581150114536285,0
0,0.09581150114536285,0
0,0.09581150114536285,0
0,0.09581150114536285,0
0,0.09581150114536285,0
0,0.09581150114536285,0
0,0.09581150114536285,0
0,0.09581150114536285,0
0,0.09581150114536285,0
0,0.09581150114536285,0
0,0.09581150114536285,0
0,0.09581150114536285,0
0,0.09581150114536285,0
0,0.09581150114536285,0
0,0.09581150114536285,0
0,0.09581150114536285,0
0,0.09581150114536285,0
0,0.09581150114536285,0
0,0.09581150114536285,0
0,0.09581150114536285,0
0,0.09581150114536285,0
0,0.09581150114536285,0
0,0.09581150114536285,0
0,0.09581150114536285,0
0,0.09581150114536285,0
0,0.09581150114536285,0
0,0.09581150114536285,0
0,0.09581150114536285,0
0,0.09581150114536285,0
0,0.09581150114536285,0
0,0.09581150114536285,0
0,0.09581150114536285,0
0,0.09581150114536285,0
0,0.09581150114536285,0
0,0.09581150114536285,0
0,0.09581150114536285,0
0,0.09581150114536285,0
0,0.09581150114536285,0
0,0.09581150114536285,0
0,0.09581150114536285,0
0,0.09581150114536285,0
0,0.09581150114536285,0
0,0.09581150114536285,0
0,0.09581150114536285,0
0,0.09581150114536285,0
0,0.09581150114536285,0
0,0.09581150114536285,0
0,0.09581150114536285,0
0,0.09581150114536285,0
0,0.09581150114536285,0
0,0.09581150114536285,0
0,0.09581150114536285,0
0,0.09581150114536285,0
0,0.09581150114536285,0
0,0.09581150114536285,0
0,0.09581150114536285,0
0,0.09581150114536285,0
0,0.09581150114536285,0
0,0.09581150114536285,0
0,0.09581150114536285,0
0,0.09581150114536285,0
0,0.09581150114536285,0
0,0.09581150114536285,0
0,0.09581150114536285,0
0,0.09581150114536285,0
0,0.09581150114536285,0
0,0.09581150114536285,0
0,0.09581150114536285,0
0,0.09581150114536285,0
0,0.09581150114536285,0
0,0.09581150114536285,0
0,0.09581150114536285,0
0,0.09581150114536285,0
0,0.09581150114536285,0
0,0.09581150114536285,0
0,0.09581150114536285,0
0,0.09581150114536285,0
0,0.09581150114536285,0
0,0.09581150114536285,0
0,0.09581150114536285,0
0,0.09581150114536285,0
0,0.09581150114536285,0
0,0.09581150114536285,0
0,0.09581150114536285,0
0,0.09581150114536285,0
0,0.09581150114536285,0
0,0.09581150114536285,0
0,0.09581150114536285,0
0,0.09581150114536285,0
0,0.09581150114536285,0
0,0.09581150114536285,0
0,0.09581150114536285,0
0,0.09581150114536285,0
0,0.09581150114536285,0
0,0.09581150114536285,0
0,0.09581150114536285,0
0,0.09581150114536285,0
0,0.09581150114536285,0
0,0.09581150114536285,0
0,0.09581150114536285,0
0,0.09581150114536285,0
0,0.09581150114536285,0
0,0.09581150114536285,0
0,0.09581150114536285,0
0,0.09581150114536285,0
0,0.09581150114536285,0
0,0.09581150114536285,0
0,0.09581150114536285,0
0,0.09581150114536285,0
0,0.09581150114536285,0
0,0.09581150114536285,0
0,0.09581150114536285,0
0,0.09581150114536285,0
0,0.09581150114536285,0
0,0.09581150114536285,0
0,0.09581150114536285,0
0,0.09581150114536285,0
0,0.09581150114536285,0
0,0.09581150114536285,0
0,0.09581150114536285,0
0,0.09581150114536285,0
0,0.09581150114536285,0
0,0.09581150114536285,0
0,0.09581150114536285,0
0,0.09581150114536285,0
0,0.09581150114536285,0
0,0.09581150114536285,0
0,0.09581150114536285,0
0,0.09581150114536285,0
0,0.09581150114536285,0
0,0.09581150114536285,0
0,0.09581150114536285,0
0,0.09581150114536285,0
0,0.09581150114536285,0
0,0.09581150114536285,0
0,0.09581150114536285,0
0,0.09581150114536285,0
0,0.09581150114536285,0
0,0.09581150114536285,0
0,0.09581150114536285,0
0,0.09581150114536285,0
0,0.09581150114536285,0
0,0.09581150114536285,0
0,0.09581150114536285,0
0,0.09581150114536285,0
0,0.09581150114536285,0
0,0.09581150114536285,0
0,0.09581150114536285,0
0,0.09581150114536285,0
0,0.09581150114536285,0
0,0.09581150114536285,0
0,0.09581150114536285,0
0,0.09581150114536285,0
0,0.09581150114536285,0
0,0.09581150114536285,0
0,0.09581150114536285,0
0,0.09581150114536285,0
0,0.09581150114536285,0
0,0.09581150114536285,0
0,0.09581150114536285,0
0,0.09581150114536285,0
0,0.09581150114536285,0
0,0.09581150114536285,0
0,0.09581150114536285,0
0,0.09581150114536285,0
0,0.09581150114536285,0
0,0.09581150114536285,0
0,0.09581150114536285,0
0,0.09581150114536285,0
0,0.09581150114536285,0
0,0.09581150114536285,0
0,0.09581150114536285,0
0,0.09581150114536285,0
0,0.09581150114536285,0
0,0.09581150114536285,0
0,0.09581150114536285,0
0,0.09581150114536285,0
0,0.09581150114536285,0
0,0.09581150114536285,0
0,0.09581150114536285,0
0,0.09581150114536285,0
0,0.09581150114536285,0
0,0.09581150114536285,0
0,0.09581150114536285,0
0,0.09581150114536285,0
0,0.09581150114536285,0
0,0.09581150114536285,0
0,0.09581150114536285,0
0,0.09581150114536285,0
0,0.09581150114536285,0
0,0.09581150114536285,0
0,0.09581150114536285,0
0,0.09581150114536285,0
0,0.09581150114536285,0
0,0.09581150114536285,0
0,0.09581150114536285,0
0,0.09581150114536285,0
0,0.09581150114536285,0
0,0.09581150114536285,0
0,0.09581150114536285,0
0,0.09581150114536285,0
0,0.09581150114536285,0
0,0.09581150114536285,0
0,0.09581150114536285,0
0,0.09581150114536285,0
0,0.09581150114536285,0
0,0.09581150114536285,0
0,0.09581150114536285,0
0,0.09581150114536285,0
0,0.09581150114536285,0
0,0.09581150114536285,0
0,0.09581150114536285,0
0,0.09581150114536285,0
0,0.09581150114536285,0
0,0.09581150114536285,0
0,0.09581150114536285,0
0,0.09581150114536285,0
0,0.09581150114536285,0
0,0.09581150114536285,0
0,0.09581150114536285,0
0,0.09581150114536285,0
0,0.09581150114536285,0
0,0.09581150114536285,0
0,0.09581150114536285,0
0,0.09581150114536285,0
0,0.09581150114536285,0
0,0.09581150114536285,0
0,0.09581150114536285,0
0,0.09581150114536285,0
0,0.09581150114536285,0
0,0.09581150114536285,0
0,0.09581150114536285,0
0,0.09581150114536285,0
0,0.09581150114536285,0
0,0.09581150114536285,0
0,0.09581150114536285,0
0,0.09581150114536285,0
0,0.09581150114536285,0
0,0.09581150114536285,0
0,0.09581150114536285,0
0,0.09581150114536285,0
0,0.09581150114536285,0
0,0.09581150114536285,0
0,0.09581150114536285,0
0,0.09581150114536285,0
0,0.09581150114536285,0
0,0.09581150114536285,0
0,0.09581150114536285,0
0,0.09581150114536285,0
0,0.09581150114536285,0
0,0.09581150114536285,0
0,0.09581150114536285,0
0,0.09581150114536285,0
0,0.09581150114536285,0
0,0.09581150114536285,0
0,0.09581150114536285,0
0,0.09581150114536285,0
0,0.09581150114536285,0
0,0.09581150114536285,0
0,0.09581150114536285,0
0,0.09581150114536285,0
0,0.09581150114536285,0
0,0.09581150114536285,0
0,0.09581150114536285,0
0,0.09581150114536285,0
0,0.09581150114536285,0
0,0.09581150114536285,0
0,0.09581150114536285,0
0,0.09581150114536285,0
0,0.09581150114536285,0
0,0.09581150114536285,0
0,0.09581150114536285,0
0,0.09581150114536285,0
0,0.09581150114536285,0
0,0.09581150114536285,0
0,0.09581150114536285,0
0,0.09581150114536285,0
0,0.09581150114536285,0
0,0.09581150114536285,0
0,0.09581150114536285,0
0,0.09581150114536285,0
0,0.09581150114536285,0
0,0.09581150114536285,0
0,0.09581150114536285,0
0,0.09581150114536285,0
0,0.09581150114536285,0
0,0.09581150114536285,0
0,0.09581150114536285,0
0,0.09581150114536285,0
0,0.09581150114536285,0
0,0.09581150114536285,0
0,0.09581150114536285,0
0,0.09581150114536285,0
0,0.09581150114536285,0
0,0.09581150114536285,0
0,0.09581150114536285,0
0,0.09581150114536285,0
0,0.09581150114536285,0
0,0.09581150114536285,0
0,0.09581150114536285,0
0,0.09581150114536285,0
0,0.09581150114536285,0
0,0.09581150114536285,0
0,0.09581150114536285,0
0,0.09581150114536285,0
0,0.09581150114536285,0
0,0.09581150114536285,0
0,0.09581150114536285,0
0,0.09581150114536285,0
0,0.09581150114536285,0
0,0.09581150114536285,0
0,0.09581150114536285,0
0,0.09581150114536285,0
0,0.09581150114536285,0
0,0.09581150114536285,0
0,0.09581150114536285,0
0,0.09581150114536285,0
0,0.09581150114536285,0
0,0.09581150114536285,0
0,0.09581150114536285,0
0,0.09581150114536285,0
0,0.09581150114536285,0
0,0.09581150114536285,0
0,0.09581150114536285,0
0,0.09581150114536285,0
0,0.09581150114536285,0
0,0.09581150114536285,0
0,0.09581150114536285,0
0,0.09581150114536285,0
0,0.09581150114536285,0
0,0.09581150114536285,0
0,0.09581150114536285,0
0,0.09581150114536285,0
0,0.09581150114536285,0
0,0.09581150114536285,0
0,0.09581150114536285,0
0,0.09581150114536285,0
0,0.09581150114536285,0
0,0.09581150114536285,0
0,0.09581150114536285,0
0,0.09581150114536285,0
0,0.09581150114536285,0
0,0.09581150114536285,0
0,0.09581150114536285,0
0,0.09581150114536285,0
0,0.09581150114536285,0
0,0.09581150114536285,0
0,0.09581150114536285,0
0,0.09581150114536285,0
0,0.09581150114536285,0
0,0.09581150114536285,0
0,0.09581150114536285,0
0,0.09581150114536285,0
0,0.09581150114536285,0
0,0.09581150114536285,0
0,0.09581150114536285,0
0,0.09581150114536285,0
0,0.09581150114536285,0
0,0.09581150114536285,0
0,0.09581150114536285,0
0,0.09581150114536285,0
0,0.09581150114536285,0
0,0.09581150114536285,0
0,0.09581150114536285,0
0,0.09581150114536285,0
0,0.09581150114536285,0
0,0.09581150114536285,0
0,0.09581150114536285,0
0,0.09581150114536285,0
0,0.09581150114536285,0
0,0.09581150114536285,0
0,0.09581150114536285,0
0,0.09581150114536285,0
0,0.09581150114536285,0
0,0.09581150114536285,0
0,0.09581150114536285,0
0,0.09581150114536285,0
0,0.09581150114536285,0
0,0.09581150114536285,0
0,0.09581150114536285,0
0,0.09581150114536285,0
0,0.09581150114536285,0
0,0.09581150114536285,0
0,0.09581150114536285,0
0,0.09581150114536285,0
0,0.09581150114536285,0
0,0.09581150114536285,0
0,0.09581150114536285,0
0,0.09581150114536285,0
0,0.09581150114536285,0
0,0.09581150114536285,0
0,0.09581150114536285,0
0,0.09581150114536285,0
0,0.09581150114536285,0
0,0.09581150114536285,0
0,0.09581150114536285,0
0,0.09581150114536285,0
0,0.09581150114536285,0
0,0.09581150114536285,0
0,0.09581150114536285,0
0,0.09581150114536285,0
0,0.09581150114536285,0
0,0.09581150114536285,0
0,0.09581150114536285,0
0,0.09581150114536285,0
0,0.09581150114536285,0
0,0.09581150114536285,0
0,0.09581150114536285,0
0,0.09581150114536285,0
0,0.09581150114536285,0
0,0.09581150114536285,0
0,0.09581150114536285,0
0,0.09581150114536285,0
0,0.09581150114536285,0
0,0.09581150114536285,0
0,0.09581150114536285,0
0,0.09581150114536285,0
0,0.09581150114536285,0
0,0.09581150114536285,0
0,0.09581150114536285,0
0,0.09581150114536285,0
0,0.09581150114536285,0
0,0.09581150114536285,0
0,0.09581150114536285,0
0,0.09581150114536285,0
0,0.09581150114536285,0
0,0.09581150114536285,0
0,0.09581150114536285,0
0,0.09581150114536285,0
0,0.09581150114536285,0
0,0.09581150114536285,0
0,0.09581150114536285,0
0,0.09581150114536285,0
0,0.09581150114536285,0
0,0.09581150114536285,0
0,0.09581150114536285,0
0,0.09581150114536285,0
0,0.09581150114536285,0
0,0.09581150114536285,0
0,0.09581150114536285,0
0,0.09581150114536285,0
0,0.09581150114536285,0
0,0.09581150114536285,0
0,0.09581150114536285,0
0,0.09581150114536285,0
0,0.09581150114536285,0
0,0.09581150114536285,0
0,0.09581150114536285,0
0,0.09581150114536285,0
0,0.09581150114536285,0
0,0.09581150114536285,0
0,0.09581150114536285,0
0,0.09581150114536285,0
0,0.09581150114536285,0
0,0.09581150114536285,0
0,0.09581150114536285,0
0,0.09581150114536285,0
0,0.09581150114536285,0
0,0.09581150114536285,0
0,0.09581150114536285,0
0,0.09581150114536285,0
0,0.09581150114536285,0
0,0.09581150114536285,0
0,0.09581150114536285,0
0,0.09581150114536285,0
0,0.09581150114536285,0
0,0.09581150114536285,0
0,0.09581150114536285,0
0,0.09581150114536285,0
0,0.09581150114536285,0
0,0.09581150114536285,0
0,0.09581150114536285,0
0,0.09581150114536285,0
0,0.09581150114536285,0
0,0.09581150114536285,0
0,0.09581150114536285,0
0,0.09581150114536285,0
0,0.09581150114536285,0
0,0.09581150114536285,0
0,0.09581150114536285,0
0,0.09581150114536285,0
0,0.09581150114536285,0
0,0.09581150114536285,0
0,0.09581150114536285,0
0,0.09581150114536285,0
0,0.09581150114536285,0
0,0.09581150114536285,0
0,0.09581150114536285,0
0,0.09581150114536285,0
0,0.09581150114536285,0
0,0.09581150114536285,0
0,0.09581150114536285,0
0,0.09581150114536285,0
0,0.09581150114536285,0
0,0.09581150114536285,0
0,0.09581150114536285,0
0,0.09581150114536285,0
0,0.09581150114536285,0
0,0.09581150114536285,0
0,0.09581150114536285,0
0,0.09581150114536285,0
0,0.09581150114536285,0
0,0.09581150114536285,0
0,0.09581150114536285,0
0,0.09581150114536285,0
0,0.09581150114536285,0
0,0.09581150114536285,0
0,0.09581150114536285,0
0,0.09581150114536285,0
0,0.09581150114536285,0
0,0.09581150114536285,0
0,0.09581150114536285,0
0,0.09581150114536285,0
0,0.09581150114536285,0
0,0.09581150114536285,0
0,0.09581150114536285,0
0,0.09581150114536285,0
0,0.09581150114536285,0
0,0.09581150114536285,0
0,0.09581150114536285,0
0,0.09581150114536285,0
0,0.09581150114536285,0
0,0.09581150114536285,0
0,0.09581150114536285,0
0,0.09581150114536285,0
0,0.09581150114536285,0
0,0.09581150114536285,0
0,0.09581150114536285,0
0,0.09581150114536285,0
0,0.09581150114536285,0
0,0.09581150114536285,0
0,0.09581150114536285,0
0,0.09581150114536285,0
0,0.09581150114536285,0
0,0.09581150114536285,0
0,0.09581150114536285,0
0,0.09581150114536285,0
0,0.09581150114536285,0
0,0.09581150114536285,0
0,0.09581150114536285,0
0,0.09581150114536285,0
0,0.09581150114536285,0
0,0.09581150114536285,0
0,0.09581150114536285,0
0,0.09581150114536285,0
0,0.09581150114536285,0
0,0.09581150114536285,0
0,0.09581150114536285,0
0,0.09581150114536285,0
0,0.09581150114536285,0
0,0.09581150114536285,0
0,0.09581150114536285,0
0,0.09581150114536285,0
0,0.09581150114536285,0
0,0.09581150114536285,0
0,0.09581150114536285,0
0,0.09581150114536285,0
0,0.09581150114536285,0
0,0.09581150114536285,0
0,0.09581150114536285,0
0,0.09581150114536285,0
0,0.09581150114536285,0
0,0.09581150114536285,0
0,0.09581150114536285,0
0,0.09581150114536285,0
0,0.09581150114536285,0
0,0.09581150114536285,0
0,0.09581150114536285,0
0,0.09581150114536285,0
0,0.09581150114536285,0
0,0.09581150114536285,0
0,0.09581150114536285,0
0,0.09581150114536285,0
0,0.09581150114536285,0
0,0.09581150114536285,0
0,0.09581150114536285,0
0,0.09581150114536285,0
0,0.09581150114536285,0
0,0.09581150114536285,0
0,0.09581150114536285,0
0,0.09581150114536285,0
0,0.09581150114536285,0
0,0.09581150114536285,0
0,0.09581150114536285,0
0,0.09581150114536285,0
0,0.09581150114536285,0
0,0.09581150114536285,0
0,0.09581150114536285,0
0,0.09581150114536285,0
0,0.09581150114536285,0
0,0.09581150114536285,0
0,0.09581150114536285,0
0,0.09581150114536285,0
0,0.09581150114536285,0
0,0.09581150114536285,0
0,0.09581150114536285,0
0,0.09581150114536285,0
0,0.09581150114536285,0
0,0.09581150114536285,0
0,0.09581150114536285,0
0,0.09581150114536285,0
0,0.09581150114536285,0
0,0.09581150114536285,0
0,0.09581150114536285,0
0,0.09581150114536285,0
0,0.09581150114536285,0
0,0.09581150114536285,0
0,0.09581150114536285,0
0,0.09581150114536285,0
0,0.09581150114536285,0
0,0.09581150114536285,0
0,0.09581150114536285,0
0,0.09581150114536285,0
0,0.09581150114536285,0
0,0.09581150114536285,0
0,0.09581150114536285,0
0,0.09581150114536285,0
0,0.09581150114536285,0
0,0.09581150114536285,0
0,0.09581150114536285,0
0,0.09581150114536285,0
0,0.09581150114536285,0
0,0.09581150114536285,0
0,0.09581150114536285,0
0,0.09581150114536285,0
0,0.09581150114536285,0
0,0.09581150114536285,0
0,0.09581150114536285,0
0,0.09581150114536285,0
0,0.09581150114536285,0
0,0.09581150114536285,0
0,0.09581150114536285,0
0,0.09581150114536285,0
0,0.09581150114536285,0
0,0.09581150114536285,0
0,0.09581150114536285,0
0,0.09581150114536285,0
0,0.09581150114536285,0
0,0.09581150114536285,0
0,0.09581150114536285,0
0,0.09581150114536285,0
0,0.09581150114536285,0
0,0.09581150114536285,0
0,0.09581150114536285,0
0,0.09581150114536285,0
0,0.09581150114536285,0
0,0.09581150114536285,0
0,0.09581150114536285,0
0,0.09581150114536285,0
0,0.09581150114536285,0
0,0.09581150114536285,0
0,0.09581150114536285,0
0,0.09581150114536285,0
0,0.09581150114536285,0
0,0.09581150114536285,0
0,0.09581150114536285,0
0,0.09581150114536285,0
0,0.09581150114536285,0
0,0.09581150114536285,0
0,0.09581150114536285,0
0,0.09581150114536285,0
0,0.09581150114536285,0
0,0.09581150114536285,0
0,0.09581150114536285,0
0,0.09581150114536285,0
0,0.09581150114536285,0
0,0.09581150114536285,0
0,0.09581150114536285,0
0,0.09581150114536285,0
0,0.09581150114536285,0
0,0.09581150114536285,0
0,0.09581150114536285,0
0,0.09581150114536285,0
0,0.09581150114536285,0
0,0.09581150114536285,0
0,0.09581150114536285,0
0,0.09581150114536285,0
0,0.09581150114536285,0
0,0.09581150114536285,0
0,0.09581150114536285,0
0,0.09581150114536285,0
0,0.09581150114536285,0
0,0.09581150114536285,0
0,0.09581150114536285,0
0,0.09581150114536285,0
0,0.09581150114536285,0
0,0.09581150114536285,0
0,0.09581150114536285,0
0,0.09581150114536285,0
0,0.09581150114536285,0
0,0.09581150114536285,0
0,0.09581150114536285,0
0,0.09581150114536285,0
0,0.09581150114536285,0
0,0.09581150114536285,0
0,0.09581150114536285,0
0,0.09581150114536285,0
0,0.09581150114536285,0
0,0.09581150114536285,0
0,0.09581150114536285,0
0,0.09581150114536285,0
0,0.09581150114536285,0
0,0.09581150114536285,0
0,0.09581150114536285,0
0,0.09581150114536285,0
0,0.09581150114536285,0
0,0.09581150114536285,0
0,0.09581150114536285,0
0,0.09581150114536285,0
0,0.09581150114536285,0
0,0.09581150114536285,0
0,0.09581150114536285,0
0,0.09581150114536285,0
0,0.09581150114536285,0
0,0.09581150114536285,0
0,0.09581150114536285,0
0,0.09581150114536285,0
0,0.09581150114536285,0
0,0.09581150114536285,0
0,0.09581150114536285,0
0,0.09581150114536285,0
0,0.09581150114536285,0
0,0.09581150114536285,0
0,0.09581150114536285,0
0,0.09581150114536285,0
0,0.09581150114536285,0
0,0.09581150114536285,0
0,0.09581150114536285,0
0,0.09581150114536285,0
0,0.09581150114536285,0
0,0.09581150114536285,0
0,0.09581150114536285,0
0,0.09581150114536285,0
0,0.09581150114536285,0
0,0.09581150114536285,0
0,0.09581150114536285,0
0,0.09581150114536285,0
0,0.09581150114536285,0
0,0.09581150114536285,0
0,0.09581150114536285,0
0,0.09581150114536285,0
0,0.09581150114536285,0
0,0.09581150114536285,0
0,0.09581150114536285,0
0,0.09581150114536285,0
0,0.09581150114536285,0
0,0.09581150114536285,0
0,0.09581150114536285,0
0,0.09581150114536285,0
0,0.09581150114536285,0
0,0.09581150114536285,0
0,0.09581150114536285,0
0,0.09581150114536285,0
0,0.09581150114536285,0
0,0.09581150114536285,0
0,0.09581150114536285,0
0,0.09581150114536285,0
0,0.09581150114536285,0
0,0.09581150114536285,0
0,0.09581150114536285,0
0,0.09581150114536285,0
0,0.09581150114536285,0
0,0.09581150114536285,0
0,0.09581150114536285,0
0,0.09581150114536285,0
0,0.09581150114536285,0
0,0.09581150114536285,0
0,0.09581150114536285,0
0,0.09581150114536285,0
0,0.09581150114536285,0
0,0.09581150114536285,0
0,0.09581150114536285,0
0,0.09581150114536285,0
0,0.09581150114536285,0
0,0.09581150114536285,0
0,0.09581150114536285,0
0,0.09581150114536285,0
0,0.09581150114536285,0
0,0.09581150114536285,0
0,0.09581150114536285,0
0,0.09581150114536285,0
0,0.09581150114536285,0
0,0.09581150114536285,0
0,0.09581150114536285,0
0,0.09581150114536285,0
0,0.09581150114536285,0
0,0.09581150114536285,0
0,0.09581150114536285,0
0,0.09581150114536285,0
0,0.09581150114536285,0
0,0.09581150114536285,0
0,0.09581150114536285,0
0,0.09581150114536285,0
0,0.09581150114536285,0
0,0.09581150114536285,0
0,0.09581150114536285,0
0,0.09581150114536285,0
0,0.09581150114536285,0
0,0.09581150114536285,0
0,0.09581150114536285,0
0,0.09581150114536285,0
0,0.09581150114536285,0
0,0.09581150114536285,0
0,0.09581150114536285,0
0,0.09581150114536285,0
0,0.09581150114536285,0
0,0.09581150114536285,0
0,0.09581150114536285,0
0,0.09581150114536285,0
0,0.09581150114536285,0
0,0.09581150114536285,0
0,0.09581150114536285,0
0,0.09581150114536285,0
0,0.09581150114536285,0
0,0.09581150114536285,0
0,0.09581150114536285,0
0,0.09581150114536285,0
0,0.09581150114536285,0
0,0.09581150114536285,0
0,0.09581150114536285,0
0,0.09581150114536285,0
0,0.09581150114536285,0
0,0.09581150114536285,0
0,0.09581150114536285,0
0,0.09581150114536285,0
0,0.09581150114536285,0
0,0.09581150114536285,0
0,0.09581150114536285,0
0,0.09581150114536285,0
0,0.09581150114536285,0
0,0.09581150114536285,0
0,0.09581150114536285,0
0,0.09581150114536285,0
0,0.09581150114536285,0
0,0.09581150114536285,0
0,0.09581150114536285,0
0,0.09581150114536285,0
0,0.09581150114536285,0
0,0.09581150114536285,0
0,0.09581150114536285,0
0,0.09581150114536285,0
0,0.09581150114536285,0
0,0.09581150114536285,0
0,0.09581150114536285,0
0,0.09581150114536285,0
0,0.09581150114536285,0
0,0.09581150114536285,0
0,0.09581150114536285,0
0,0.09581150114536285,0
0,0.09581150114536285,0
0,0.09581150114536285,0
0,0.09581150114536285,0
0,0.09581150114536285,0
0,0.09581150114536285,0
0,0.09581150114536285,0
0,0.09581150114536285,0
0,0.09581150114536285,0
0,0.09581150114536285,0
0,0.09581150114536285,0
0,0.09581150114536285,0
0,0.09581150114536285,0
0,0.09581150114536285,0
0,0.09581150114536285,0
0,0.09581150114536285,0
0,0.09581150114536285,0
0,0.09581150114536285,0
0,0.09581150114536285,0
0,0.09581150114536285,0
0,0.09581150114536285,0
0,0.09581150114536285,0
0,0.09581150114536285,0
0,0.09581150114536285,0
0,0.09581150114536285,0
0,0.09581150114536285,0
0,0.09581150114536285,0
0,0.09581150114536285,0
0,0.09581150114536285,0
0,0.09581150114536285,0
0,0.09581150114536285,0
0,0.09581150114536285,0
0,0.09581150114536285,0
0,0.09581150114536285,0
0,0.09581150114536285,0
0,0.09581150114536285,0
0,0.09581150114536285,0
0,0.09581150114536285,0
0,0.09581150114536285,0
0,0.09581150114536285,0
0,0.09581150114536285,0
0,0.09581150114536285,0
0,0.09581150114536285,0
0,0.09581150114536285,0
0,0.09581150114536285,0
0,0.09581150114536285,0
0,0.09581150114536285,0
0,0.09581150114536285,0
0,0.09581150114536285,0
0,0.09581150114536285,0
0,0.09581150114536285,0
0,0.09581150114536285,0
0,0.09581150114536285,0
0,0.09581150114536285,0
0,0.09581150114536285,0
0,0.09581150114536285,0
0,0.09581150114536285,0
0,0.09581150114536285,0
0,0.09581150114536285,0
0,0.09581150114536285,0
0,0.09581150114536285,0
0,0.09581150114536285,0
0,0.09581150114536285,0
0,0.09581150114536285,0
0,0.09581150114536285,0
0,0.09581150114536285,0
0,0.09581150114536285,0
0,0.09581150114536285,0
0,0.09581150114536285,0
0,0.09581150114536285,0
0,0.09581150114536285,0
0,0.09581150114536285,0
0,0.09581150114536285,0
0,0.09581150114536285,0
0,0.09581150114536285,0
0,0.09581150114536285,0
0,0.09581150114536285,0
0,0.09581150114536285,0
0,0.09581150114536285,0
0,0.09581150114536285,0
0,0.09581150114536285,0
0,0.09581150114536285,0
0,0.09581150114536285,0
0,0.09581150114536285,0
0,0.09581150114536285,0
0,0.09581150114536285,0
0,0.09581150114536285,0
0,0.09581150114536285,0
0,0.09581150114536285,0
0,0.09581150114536285,0
0,0.09581150114536285,0
0,0.09581150114536285,0
0,0.09581150114536285,0
0,0.09581150114536285,0
0,0.09581150114536285,0
0,0.09581150114536285,0
0,0.09581150114536285,0
0,0.09581150114536285,0
0,0.09581150114536285,0
0,0.09581150114536285,0
0,0.09581150114536285,0
0,0.09581150114536285,0
0,0.09581150114536285,0
0,0.09581150114536285,0
0,0.09581150114536285,0
0,0.09581150114536285,0
0,0.09581150114536285,0
0,0.09581150114536285,0
0,0.09581150114536285,0
0,0.09581150114536285,0
0,0.09581150114536285,0
0,0.09581150114536285,0
0,0.09581150114536285,0
0,0.09581150114536285,0
0,0.09581150114536285,0
0,0.09581150114536285,0
0,0.09581150114536285,0
0,0.09581150114536285,0
0,0.09581150114536285,0
0,0.09581150114536285,0
0,0.09581150114536285,0
0,0.09581150114536285,0
0,0.09581150114536285,0
0,0.09581150114536285,0
0,0.09581150114536285,0
0,0.09581150114536285,0
0,0.09581150114536285,0
0,0.09581150114536285,0
0,0.09581150114536285,0
0,0.09581150114536285,0
0,0.09581150114536285,0
0,0.09581150114536285,0
0,0.09581150114536285,0
0,0.09581150114536285,0
0,0.09581150114536285,0
0,0.09581150114536285,0
0,0.09581150114536285,0
0,0.09581150114536285,0
0,0.09581150114536285,0
0,0.09581150114536285,0
0,0.09581150114536285,0
0,0.09581150114536285,0
0,0.09581150114536285,0
0,0.09581150114536285,0
0,0.09581150114536285,0
0,0.09581150114536285,0
0,0.09581150114536285,0
0,0.09581150114536285,0
0,0.09581150114536285,0
0,0.09581150114536285,0
0,0.09581150114536285,0
0,0.09581150114536285,0
0,0.09581150114536285,0
0,0.09581150114536285,0
0,0.09581150114536285,0
0,0.09581150114536285,0
0,0.09581150114536285,0
0,0.09581150114536285,0
0,0.09581150114536285,0
0,0.09581150114536285,0
0,0.09581150114536285,0
0,0.09581150114536285,0
0,0.09581150114536285,0
0,0.09581150114536285,0
0,0.09581150114536285,0
0,0.09581150114536285,0
0,0.09581150114536285,0
0,0.09581150114536285,0
0,0.09581150114536285,0
0,0.09581150114536285,0
0,0.09581150114536285,0
0,0.09581150114536285,0
0,0.09581150114536285,0
0,0.09581150114536285,0
0,0.09581150114536285,0
0,0.09581150114536285,0
0,0.09581150114536285,0
0,0.09581150114536285,0
0,0.09581150114536285,0
0,0.09581150114536285,0
0,0.09581150114536285,0
0,0.09581150114536285,0
0,0.09581150114536285,0
0,0.09581150114536285,0
0,0.09581150114536285,0
0,0.09581150114536285,0
0,0.09581150114536285,0
0,0.09581150114536285,0
0,0.09581150114536285,0
0,0.09581150114536285,0
0,0.09581150114536285,0
0,0.09581150114536285,0
0,0.09581150114536285,0
0,0.09581150114536285,0
0,0.09581150114536285,0
0,0.09581150114536285,0
0,0.09581150114536285,0
0,0.09581150114536285,0
0,0.09581150114536285,0
0,0.09581150114536285,0
0,0.09581150114536285,0
0,0.09581150114536285,0
0,0.09581150114536285,0
0,0.09581150114536285,0
0,0.09581150114536285,0
0,0.09581150114536285,0
0,0.09581150114536285,0
0,0.09581150114536285,0
0,0.09581150114536285,0
0,0.09581150114536285,0
0,0.09581150114536285,0
0,0.09581150114536285,0
0,0.09581150114536285,0
0,0.09581150114536285,0
0,0.09581150114536285,0
0,0.09581150114536285,0
0,0.09581150114536285,0
0,0.09581150114536285,0
0,0.09581150114536285,0
0,0.09581150114536285,0
0,0.09581150114536285,0
0,0.09581150114536285,0
0,0.09581150114536285,0
0,0.09581150114536285,0
0,0.09581150114536285,0
0,0.09581150114536285,0
0,0.09581150114536285,0
0,0.09581150114536285,0
0,0.09581150114536285,0
0,0.09581150114536285,0
0,0.09581150114536285,0
0,0.09581150114536285,0
0,0.09581150114536285,0
0,0.09581150114536285,0
0,0.09581150114536285,0
0,0.09581150114536285,0
0,0.09581150114536285,0
0,0.09581150114536285,0
0,0.09581150114536285,0
0,0.09581150114536285,0
0,0.09581150114536285,0
0,0.09581150114536285,0
0,0.09581150114536285,0
0,0.09581150114536285,0
0,0.09581150114536285,0
0,0.09581150114536285,0
0,0.09581150114536285,0
0,0.09581150114536285,0
0,0.09581150114536285,0
0,0.09581150114536285,0
0,0.09581150114536285,0
0,0.09581150114536285,0
0,0.09581150114536285,0
0,0.09581150114536285,0
0,0.09581150114536285,0
0,0.09581150114536285,0
0,0.09581150114536285,0
0,0.09581150114536285,0
0,0.09581150114536285,0
0,0.09581150114536285,0
0,0.09581150114536285,0
0,0.09581150114536285,0
0,0.09581150114536285,0
0,0.09581150114536285,0
0,0.09581150114536285,0
0,0.09581150114536285,0
0,0.09581150114536285,0
0,0.09581150114536285,0
0,0.09581150114536285,0
0,0.09581150114536285,0
0,0.09581150114536285,0
0,0.09581150114536285,0
0,0.09581150114536285,0
0,0.09581150114536285,0
0,0.09581150114536285,0
0,0.09581150114536285,0
0,0.09581150114536285,0
0,0.09581150114536285,0
0,0.09581150114536285,0
0,0.09581150114536285,0
0,0.09581150114536285,0
0,0.09581150114536285,0
0,0.09581150114536285,0
0,0.09581150114536285,0
0,0.09581150114536285,0
0,0.09581150114536285,0
0,0.09581150114536285,0
0,0.09581150114536285,0
0,0.09581150114536285,0
0,0.09581150114536285,0
0,0.09581150114536285,0
0,0.09581150114536285,0
0,0.09581150114536285,0
0,0.09581150114536285,0
0,0.09581150114536285,0
0,0.09581150114536285,0
0,0.09581150114536285,0
0,0.09581150114536285,0
0,0.09581150114536285,0
0,0.09581150114536285,0
0,0.09581150114536285,0
0,0.09581150114536285,0
0,0.09581150114536285,0
0,0.09581150114536285,0
0,0.09581150114536285,0
0,0.09581150114536285,0
0,0.09581150114536285,0
0,0.09581150114536285,0
0,0.09581150114536285,0
0,0.09581150114536285,0
0,0.09581150114536285,0
0,0.09581150114536285,0
0,0.09581150114536285,0
0,0.09581150114536285,0
0,0.09581150114536285,0
0,0.09581150114536285,0
0,0.09581150114536285,0
0,0.09581150114536285,0
0,0.09581150114536285,0
0,0.09581150114536285,0
0,0.09581150114536285,0
0,0.09581150114536285,0
0,0.09581150114536285,0
0,0.09581150114536285,0
0,0.09581150114536285,0
0,0.09581150114536285,0
0,0.09581150114536285,0
0,0.09581150114536285,0
0,0.09581150114536285,0
0,0.09581150114536285,0
0,0.09581150114536285,0
0,0.09581150114536285,0
0,0.09581150114536285,0
0,0.09581150114536285,0
0,0.09581150114536285,0
0,0.09581150114536285,0
0,0.09581150114536285,0
0,0.09581150114536285,0
0,0.09581150114536285,0
0,0.09581150114536285,0
0,0.09581150114536285,0
0,0.09581150114536285,0
0,0.09581150114536285,0
0,0.09581150114536285,0
0,0.09581150114536285,0
0,0.09581150114536285,0
0,0.09581150114536285,0
0,0.09581150114536285,0
0,0.09581150114536285,0
0,0.09581150114536285,0
0,0.09581150114536285,0
0,0.09581150114536285,0
0,0.09581150114536285,0
0,0.09581150114536285,0
0,0.09581150114536285,0
0,0.09581150114536285,0
0,0.09581150114536285,0
0,0.09581150114536285,0
0,0.09581150114536285,0
0,0.09581150114536285,0
0,0.09581150114536285,0
0,0.09581150114536285,0
0,0.09581150114536285,0
0,0.09581150114536285,0
0,0.09581150114536285,0
0,0.09581150114536285,0
0,0.09581150114536285,0
0,0.09581150114536285,0
0,0.09581150114536285,0
0,0.09581150114536285,0
0,0.09581150114536285,0
0,0.09581150114536285,0
0,0.09581150114536285,0
0,0.09581150114536285,0
0,0.09581150114536285,0
0,0.09581150114536285,0
0,0.09581150114536285,0
0,0.09581150114536285,0
0,0.09581150114536285,0
0,0.09581150114536285,0
0,0.09581150114536285,0
0,0.09581150114536285,0
0,0.09581150114536285,0
0,0.09581150114536285,0
0,0.09581150114536285,0
0,0.09581150114536285,0
0,0.09581150114536285,0
0,0.09581150114536285,0
0,0.09581150114536285,0
0,0.09581150114536285,0
0,0.09581150114536285,0
0,0.09581150114536285,0
0,0.09581150114536285,0
0,0.09581150114536285,0
0,0.09581150114536285,0
0,0.09581150114536285,0
0,0.09581150114536285,0
0,0.09581150114536285,0
0,0.09581150114536285,0
0,0.09581150114536285,0
0,0.09581150114536285,0
0,0.09581150114536285,0
0,0.09581150114536285,0
0,0.09581150114536285,0
0,0.09581150114536285,0
0,0.09581150114536285,0
0,0.09581150114536285,0
0,0.09581150114536285,0
0,0.09581150114536285,0
0,0.09581150114536285,0
0,0.09581150114536285,0
0,0.09581150114536285,0
0,0.09581150114536285,0
0,0.09581150114536285,0
0,0.09581150114536285,0
0,0.09581150114536285,0
0,0.09581150114536285,0
0,0.09581150114536285,0
0,0.09581150114536285,0
0,0.09581150114536285,0
0,0.09581150114536285,0
0,0.09581150114536285,0
0,0.09581150114536285,0
0,0.09581150114536285,0
0,0.09581150114536285,0
0,0.09581150114536285,0
0,0.09581150114536285,0
0,0.09581150114536285,0
0,0.09581150114536285,0
0,0.09581150114536285,0
0,0.09581150114536285,0
0,0.09581150114536285,0
0,0.09581150114536285,0
0,0.09581150114536285,0
0,0.09581150114536285,0
0,0.09581150114536285,0
0,0.09581150114536285,0
0,0.09581150114536285,0
0,0.09581150114536285,0
0,0.09581150114536285,0
0,0.09581150114536285,0
0,0.09581150114536285,0
0,0.09581150114536285,0
0,0.09581150114536285,0
0,0.09581150114536285,0
0,0.09581150114536285,0
0,0.09581150114536285,0
0,0.09581150114536285,0
0,0.09581150114536285,0
0,0.09581150114536285,0
0,0.09581150114536285,0
0,0.09581150114536285,0
0,0.09581150114536285,0
0,0.09581150114536285,0
0,0.09581150114536285,0
0,0.09581150114536285,0
0,0.09581150114536285,0
0,0.09581150114536285,0
0,0.09581150114536285,0
0,0.09581150114536285,0
0,0.09581150114536285,0
0,0.09581150114536285,0
0,0.09581150114536285,0
0,0.09581150114536285,0
0,0.09581150114536285,0
0,0.09581150114536285,0
0,0.09581150114536285,0
0,0.09581150114536285,0
0,0.09581150114536285,0
0,0.09581150114536285,0
0,0.09581150114536285,0
0,0.09581150114536285,0
0,0.09581150114536285,0
0,0.09581150114536285,0
0,0.09581150114536285,0
0,0.09581150114536285,0
0,0.09581150114536285,0
0,0.09581150114536285,0
0,0.09581150114536285,0
0,0.09581150114536285,0
0,0.09581150114536285,0
0,0.09581150114536285,0
0,0.09581150114536285,0
0,0.09581150114536285,0
0,0.09581150114536285,0
0,0.09581150114536285,0
0,0.09581150114536285,0
0,0.09581150114536285,0
0,0.09581150114536285,0
0,0.09581150114536285,0
0,0.09581150114536285,0
0,0.09581150114536285,0
0,0.09581150114536285,0
0,0.09581150114536285,0
0,0.09581150114536285,0
0,0.09581150114536285,0
0,0.09581150114536285,0
0,0.09581150114536285,0
0,0.09581150114536285,0
0,0.09581150114536285,0
0,0.09581150114536285,0
0,0.09581150114536285,0
0,0.09581150114536285,0
0,0.09581150114536285,0
0,0.09581150114536285,0
0,0.09581150114536285,0
0,0.09581150114536285,0
0,0.09581150114536285,0
0,0.09581150114536285,0
0,0.09581150114536285,0
0,0.09581150114536285,0
0,0.09581150114536285,0
0,0.09581150114536285,0
0,0.09581150114536285,0
0,0.09581150114536285,0
0,0.09581150114536285,0
0,0.09581150114536285,0
0,0.09581150114536285,0
0,0.09581150114536285,0
0,0.09581150114536285,0
0,0.09581150114536285,0
0,0.09581150114536285,0
0,0.09581150114536285,0
0,0.09581150114536285,0
0,0.09581150114536285,0
0,0.09581150114536285,0
0,0.09581150114536285,0
0,0.09581150114536285,0
0,0.09581150114536285,0
0,0.09581150114536285,0
0,0.09581150114536285,0
0,0.09581150114536285,0
0,0.09581150114536285,0
0,0.09581150114536285,0
0,0.09581150114536285,0
0,0.09581150114536285,0
0,0.09581150114536285,0
0,0.09581150114536285,0
0,0.09581150114536285,0
0,0.09581150114536285,0
0,0.09581150114536285,0
0,0.09581150114536285,0
0,0.09581150114536285,0
0,0.09581150114536285,0
0,0.09581150114536285,0
0,0.09581150114536285,0
0,0.09581150114536285,0
0,0.09581150114536285,0
0,0.09581150114536285,0
0,0.09581150114536285,0
0,0.09581150114536285,0
0,0.09581150114536285,0
0,0.09581150114536285,0
0,0.09581150114536285,0
0,0.09581150114536285,0
0,0.09581150114536285,0
0,0.09581150114536285,0
0,0.09581150114536285,0
0,0.09581150114536285,0
0,0.09581150114536285,0
0,0.09581150114536285,0
0,0.09581150114536285,0
0,0.09581150114536285,0
0,0.09581150114536285,0
0,0.09581150114536285,0
0,0.09581150114536285,0
0,0.09581150114536285,0
0,0.09581150114536285,0
0,0.09581150114536285,0
0,0.09581150114536285,0
0,0.09581150114536285,0
0,0.09581150114536285,0
0,0.09581150114536285,0
0,0.09581150114536285,0
0,0.09581150114536285,0
0,0.09581150114536285,0
0,0.09581150114536285,0
0,0.09581150114536285,0
0,0.09581150114536285,0
0,0.09581150114536285,0
0,0.09581150114536285,0
0,0.09581150114536285,0
0,0.09581150114536285,0
0,0.09581150114536285,0
0,0.09581150114536285,0
0,0.09581150114536285,0
0,0.09581150114536285,0
0,0.09581150114536285,0
0,0.09581150114536285,0
0,0.09581150114536285,0
0,0.09581150114536285,0
0,0.09581150114536285,0
0,0.09581150114536285,0
0,0.09581150114536285,0
0,0.09581150114536285,0
0,0.09581150114536285,0
0,0.09581150114536285,0
0,0.09581150114536285,0
0,0.09581150114536285,0
0,0.09581150114536285,0
0,0.09581150114536285,0
0,0.09581150114536285,0
0,0.09581150114536285,0
0,0.09581150114536285,0
0,0.09581150114536285,0
0,0.09581150114536285,0
0,0.09581150114536285,0
0,0.09581150114536285,0
0,0.09581150114536285,0
0,0.09581150114536285,0
0,0.09581150114536285,0
0,0.09581150114536285,0
0,0.09581150114536285,0
0,0.09581150114536285,0
0,0.09581150114536285,0
0,0.09581150114536285,0
0,0.09581150114536285,0
0,0.09581150114536285,0
0,0.09581150114536285,0
0,0.09581150114536285,0
0,0.09581150114536285,0
0,0.09581150114536285,0
0,0.09581150114536285,0
0,0.09581150114536285,0
0,0.09581150114536285,0
0,0.09581150114536285,0
0,0.09581150114536285,0
0,0.09581150114536285,0
0,0.09581150114536285,0
0,0.09581150114536285,0
0,0.09581150114536285,0
0,0.09581150114536285,0
0,0.09581150114536285,0
0,0.09581150114536285,0
0,0.09581150114536285,0
0,0.09581150114536285,0
0,0.09581150114536285,0
0,0.09581150114536285,0
0,0.09581150114536285,0
0,0.09581150114536285,0
0,0.09581150114536285,0
0,0.09581150114536285,0
0,0.09581150114536285,0
0,0.09581150114536285,0
0,0.09581150114536285,0
0,0.09581150114536285,0
0,0.09581150114536285,0
0,0.09581150114536285,0
0,0.09581150114536285,0
0,0.09581150114536285,0
0,0.09581150114536285,0
0,0.09581150114536285,0
0,0.09581150114536285,0
0,0.09581150114536285,0
0,0.09581150114536285,0
0,0.09581150114536285,0
0,0.09581150114536285,0
0,0.09581150114536285,0
0,0.09581150114536285,0
0,0.09581150114536285,0
0,0.09581150114536285,0
0,0.09581150114536285,0
0,0.09581150114536285,0
0,0.09581150114536285,0
0,0.09581150114536285,0
0,0.09581150114536285,0
0,0.09581150114536285,0
0,0.09581150114536285,0
0,0.09581150114536285,0
0,0.09581150114536285,0
0,0.09581150114536285,0
0,0.09581150114536285,0
0,0.09581150114536285,0
0,0.09581150114536285,0
0,0.09581150114536285,0
0,0.09581150114536285,0
0,0.09581150114536285,0
0,0.09581150114536285,0
0,0.09581150114536285,0
0,0.09581150114536285,0
0,0.09581150114536285,0
0,0.09581150114536285,0
0,0.09581150114536285,0
0,0.09581150114536285,0
0,0.09581150114536285,0
0,0.09581150114536285,0
0,0.09581150114536285,0
0,0.09581150114536285,0
0,0.09581150114536285,0
0,0.09581150114536285,0
0,0.09581150114536285,0
0,0.09581150114536285,0
0,0.09581150114536285,0
0,0.09581150114536285,0
0,0.09581150114536285,0
0,0.09581150114536285,0
0,0.09581150114536285,0
0,0.09581150114536285,0
0,0.09581150114536285,0
0,0.09581150114536285,0
0,0.09581150114536285,0
0,0.09581150114536285,0
0,0.09581150114536285,0
0,0.09581150114536285,0
0,0.09581150114536285,0
0,0.09581150114536285,0
0,0.09581150114536285,0
0,0.09581150114536285,0
0,0.09581150114536285,0
0,0.09581150114536285,0
0,0.09581150114536285,0
0,0.09581150114536285,0
0,0.09581150114536285,0
0,0.09581150114536285,0
0,0.09581150114536285,0
0,0.09581150114536285,0
0,0.09581150114536285,0
0,0.09581150114536285,0
0,0.09581150114536285,0
0,0.09581150114536285,0
0,0.09581150114536285,0
0,0.09581150114536285,0
0,0.09581150114536285,0
0,0.09581150114536285,0
0,0.09581150114536285,0
0,0.09581150114536285,0
0,0.09581150114536285,0
0,0.09581150114536285,0
0,0.09581150114536285,0
0,0.09581150114536285,0
0,0.09581150114536285,0
0,0.09581150114536285,0
0,0.09581150114536285,0
0,0.09581150114536285,0
0,0.09581150114536285,0
0,0.09581150114536285,0
0,0.09581150114536285,0
0,0.09581150114536285,0
0,0.09581150114536285,0
0,0.09581150114536285,0
0,0.09581150114536285,0
0,0.09581150114536285,0
0,0.09581150114536285,0
0,0.09581150114536285,0
0,0.09581150114536285,0
0,0.09581150114536285,0
0,0.09581150114536285,0
0,0.09581150114536285,0
0,0.09581150114536285,0
0,0.09581150114536285,0
0,0.09581150114536285,0
0,0.09581150114536285,0
0,0.09581150114536285,0
0,0.09581150114536285,0
0,0.09581150114536285,0
0,0.09581150114536285,0
0,0.09581150114536285,0
0,0.09581150114536285,0
0,0.09581150114536285,0
0,0.09581150114536285,0
0,0.09581150114536285,0
0,0.09581150114536285,0
0,0.09581150114536285,0
0,0.09581150114536285,0
0,0.09581150114536285,0
0,0.09581150114536285,0
0,0.09581150114536285,0
0,0.09581150114536285,0
0,0.09581150114536285,0
0,0.09581150114536285,0
0,0.09581150114536285,0
0,0.09581150114536285,0
0,0.09581150114536285,0
0,0.09581150114536285,0
0,0.09581150114536285,0
0,0.09581150114536285,0
0,0.09581150114536285,0
0,0.09581150114536285,0
0,0.09581150114536285,0
0,0.09581150114536285,0
0,0.09581150114536285,0
0,0.09581150114536285,0
0,0.09581150114536285,0
0,0.09581150114536285,0
0,0.09581150114536285,0
0,0.09581150114536285,0
0,0.09581150114536285,0
0,0.09581150114536285,0
0,0.09581150114536285,0
0,0.09581150114536285,0
0,0.09581150114536285,0
0,0.09581150114536285,0
0,0.09581150114536285,0
0,0.09581150114536285,0
0,0.09581150114536285,0
0,0.09581150114536285,0
0,0.09581150114536285,0
0,0.09581150114536285,0
0,0.09581150114536285,0
0,0.09581150114536285,0
0,0.09581150114536285,0
0,0.09581150114536285,0
0,0.09581150114536285,0
0,0.09581150114536285,0
0,0.09581150114536285,0
0,0.09581150114536285,0
0,0.09581150114536285,0
0,0.09581150114536285,0
0,0.09581150114536285,0
0,0.09581150114536285,0
0,0.09581150114536285,0
0,0.09581150114536285,0
0,0.09581150114536285,0
0,0.09581150114536285,0
0,0.09581150114536285,0
0,0.09581150114536285,0
0,0.09581150114536285,0
0,0.09581150114536285,0
0,0.09581150114536285,0
0,0.09581150114536285,0
0,0.09581150114536285,0
0,0.09581150114536285,0
0,0.09581150114536285,0
0,0.09581150114536285,0
0,0.09581150114536285,0
0,0.09581150114536285,0
0,0.09581150114536285,0
0,0.09581150114536285,0
0,0.09581150114536285,0
0,0.09581150114536285,0
0,0.09581150114536285,0
0,0.09581150114536285,0
0,0.09581150114536285,0
0,0.09581150114536285,0
0,0.09581150114536285,0
0,0.09581150114536285,0
0,0.09581150114536285,0
0,0.09581150114536285,0
0,0.09581150114536285,0
0,0.09581150114536285,0
0,0.09581150114536285,0
0,0.09581150114536285,0
0,0.09581150114536285,0
0,0.09581150114536285,0
0,0.09581150114536285,0
0,0.09581150114536285,0
0,0.09581150114536285,0
0,0.09581150114536285,0
0,0.09581150114536285,0
0,0.09581150114536285,0
0,0.09581150114536285,0
0,0.09581150114536285,0
0,0.09581150114536285,0
0,0.09581150114536285,0
0,0.09581150114536285,0
0,0.09581150114536285,0
0,0.09581150114536285,0
0,0.09581150114536285,0
0,0.09581150114536285,0
0,0.09581150114536285,0
0,0.09581150114536285,0
0,0.09581150114536285,0
0,0.09581150114536285,0
0,0.09581150114536285,0
0,0.09581150114536285,0
0,0.09581150114536285,0
0,0.09581150114536285,0
0,0.09581150114536285,0
0,0.09581150114536285,0
0,0.09581150114536285,0
0,0.09581150114536285,0
0,0.09581150114536285,0
0,0.09581150114536285,0
0,0.09581150114536285,0
0,0.09581150114536285,0
0,0.09581150114536285,0
0,0.09581150114536285,0
0,0.09581150114536285,0
0,0.09581150114536285,0
0,0.09581150114536285,0
0,0.09581150114536285,0
0,0.09581150114536285,0
0,0.09581150114536285,0
0,0.09581150114536285,0
0,0.09581150114536285,0
0,0.09581150114536285,0
0,0.09581150114536285,0
0,0.09581150114536285,0
0,0.09581150114536285,0
0,0.09581150114536285,0
0,0.09581150114536285,0
0,0.09581150114536285,0
0,0.09581150114536285,0
0,0.09581150114536285,0
0,0.09581150114536285,0
0,0.09581150114536285,0
0,0.09581150114536285,0
0,0.09581150114536285,0
0,0.09581150114536285,0
0,0.09581150114536285,0
0,0.09581150114536285,0
0,0.09581150114536285,0
0,0.09581150114536285,0
0,0.09581150114536285,0
0,0.09581150114536285,0
0,0.09581150114536285,0
0,0.09581150114536285,0
0,0.09581150114536285,0
0,0.09581150114536285,0
0,0.09581150114536285,0
0,0.09581150114536285,0
0,0.09581150114536285,0
0,0.09581150114536285,0
0,0.09581150114536285,0
0,0.09581150114536285,0
0,0.09581150114536285,0
0,0.09581150114536285,0
0,0.09581150114536285,0
0,0.09581150114536285,0
0,0.09581150114536285,0
0,0.09581150114536285,0
0,0.09581150114536285,0
0,0.09581150114536285,0
0,0.09581150114536285,0
0,0.09581150114536285,0
0,0.09581150114536285,0
0,0.09581150114536285,0
0,0.09581150114536285,0
0,0.09581150114536285,0
0,0.09581150114536285,0
0,0.09581150114536285,0
0,0.09581150114536285,0
0,0.09581150114536285,0
0,0.09581150114536285,0
0,0.09581150114536285,0
0,0.09581150114536285,0
0,0.09581150114536285,0
0,0.09581150114536285,0
0,0.09581150114536285,0
0,0.09581150114536285,0
0,0.09581150114536285,0
0,0.09581150114536285,0
0,0.09581150114536285,0
0,0.09581150114536285,0
0,0.09581150114536285,0
0,0.09581150114536285,0
0,0.09581150114536285,0
0,0.09581150114536285,0
0,0.09581150114536285,0
0,0.09581150114536285,0
0,0.09581150114536285,0
0,0.09581150114536285,0
0,0.09581150114536285,0
0,0.09581150114536285,0
0,0.09581150114536285,0
0,0.09581150114536285,0
0,0.09581150114536285,0
0,0.09581150114536285,0
0,0.09581150114536285,0
0,0.09581150114536285,0
0,0.09581150114536285,0
0,0.09581150114536285,0
0,0.09581150114536285,0
0,0.09581150114536285,0
0,0.09581150114536285,0
0,0.09581150114536285,0
0,0.09581150114536285,0
0,0.09581150114536285,0
0,0.09581150114536285,0
0,0.09581150114536285,0
0,0.09581150114536285,0
0,0.09581150114536285,0
0,0.09581150114536285,0
0,0.09581150114536285,0
0,0.09581150114536285,0
0,0.09581150114536285,0
0,0.09581150114536285,0
0,0.09581150114536285,0
0,0.09581150114536285,0
0,0.09581150114536285,0
0,0.09581150114536285,0
0,0.09581150114536285,0
0,0.09581150114536285,0
0,0.09581150114536285,0
0,0.09581150114536285,0
0,0.09581150114536285,0
0,0.09581150114536285,0
0,0.09581150114536285,0
0,0.09581150114536285,0
0,0.09581150114536285,0
0,0.09581150114536285,0
0,0.09581150114536285,0
0,0.09581150114536285,0
0,0.09581150114536285,0
0,0.09581150114536285,0
0,0.09581150114536285,0
0,0.09581150114536285,0
0,0.09581150114536285,0
0,0.09581150114536285,0
0,0.09581150114536285,0
0,0.09581150114536285,0
0,0.09581150114536285,0
0,0.09581150114536285,0
0,0.09581150114536285,0
0,0.09581150114536285,0
0,0.09581150114536285,0
0,0.09581150114536285,0
0,0.09581150114536285,0
0,0.09581150114536285,0
0,0.09581150114536285,0
0,0.09581150114536285,0
0,0.09581150114536285,0
0,0.09581150114536285,0
0,0.09581150114536285,0
0,0.09581150114536285,0
0,0.09581150114536285,0
0,0.09581150114536285,0
0,0.09581150114536285,0
0,0.09581150114536285,0
0,0.09581150114536285,0
0,0.09581150114536285,0
0,0.09581150114536285,0
0,0.09581150114536285,0
0,0.09581150114536285,0
0,0.09581150114536285,0
0,0.09581150114536285,0
0,0.09581150114536285,0
0,0.09581150114536285,0
0,0.09581150114536285,0
0,0.09581150114536285,0
0,0.09581150114536285,0
0,0.09581150114536285,0
0,0.09581150114536285,0
0,0.09581150114536285,0
0,0.09581150114536285,0
0,0.09581150114536285,0
0,0.09581150114536285,0
0,0.09581150114536285,0
0,0.09581150114536285,0
0,0.09581150114536285,0
0,0.09581150114536285,0
0,0.09581150114536285,0
0,0.09581150114536285,0
0,0.09581150114536285,0
0,0.09581150114536285,0
0,0.09581150114536285,0
0,0.09581150114536285,0
0,0.09581150114536285,0
0,0.09581150114536285,0
0,0.09581150114536285,0
0,0.09581150114536285,0
0,0.09581150114536285,0
0,0.09581150114536285,0
0,0.09581150114536285,0
0,0.09581150114536285,0
0,0.09581150114536285,0
0,0.09581150114536285,0
0,0.09581150114536285,0
0,0.09581150114536285,0
0,0.09581150114536285,0
0,0.09581150114536285,0
0,0.09581150114536285,0
0,0.09581150114536285,0
0,0.09581150114536285,0
0,0.09581150114536285,0
0,0.09581150114536285,0
0,0.09581150114536285,0
0,0.09581150114536285,0
0,0.09581150114536285,0
0,0.09581150114536285,0
0,0.09581150114536285,0
0,0.09581150114536285,0
0,0.09581150114536285,0
0,0.09581150114536285,0
0,0.09581150114536285,0
0,0.09581150114536285,0
0,0.09581150114536285,0
0,0.09581150114536285,0
0,0.09581150114536285,0
0,0.09581150114536285,0
0,0.09581150114536285,0
0,0.09581150114536285,0
0,0.09581150114536285,0
0,0.09581150114536285,0
0,0.09581150114536285,0
0,0.09581150114536285,0
0,0.09581150114536285,0
0,0.09581150114536285,0
0,0.09581150114536285,0
0,0.09581150114536285,0
0,0.09581150114536285,0
0,0.09581150114536285,0
0,0.09581150114536285,0
0,0.09581150114536285,0
0,0.09581150114536285,0
0,0.09581150114536285,0
0,0.09581150114536285,0
0,0.09581150114536285,0
0,0.09581150114536285,0
0,0.09581150114536285,0
0,0.09581150114536285,0
0,0.09581150114536285,0
0,0.09581150114536285,0
0,0.09581150114536285,0
0,0.09581150114536285,0
0,0.09581150114536285,0
0,0.09581150114536285,0
0,0.09581150114536285,0
0,0.09581150114536285,0
0,0.09581150114536285,0
0,0.09581150114536285,0
0,0.09581150114536285,0
0,0.09581150114536285,0
0,0.09581150114536285,0
0,0.09581150114536285,0
0,0.09581150114536285,0
0,0.09581150114536285,0
0,0.09581150114536285,0
0,0.09581150114536285,0
0,0.09581150114536285,0
0,0.09581150114536285,0
0,0.09581150114536285,0
0,0.09581150114536285,0
0,0.09581150114536285,0
0,0.09581150114536285,0
0,0.09581150114536285,0
0,0.09581150114536285,0
0,0.09581150114536285,0
0,0.09581150114536285,0
0,0.09581150114536285,0
0,0.09581150114536285,0
0,0.09581150114536285,0
0,0.09581150114536285,0
0,0.09581150114536285,0
0,0.09581150114536285,0
0,0.09581150114536285,0
0,0.09581150114536285,0
0,0.09581150114536285,0
0,0.09581150114536285,0
0,0.09581150114536285,0
0,0.09581150114536285,0
0,0.09581150114536285,0
0,0.09581150114536285,0
0,0.09581150114536285,0
0,0.09581150114536285,0
0,0.09581150114536285,0
0,0.09581150114536285,0
0,0.09581150114536285,0
0,0.09581150114536285,0
0,0.09581150114536285,0
0,0.09581150114536285,0
0,0.09581150114536285,0
0,0.09581150114536285,0
0,0.09581150114536285,0
0,0.09581150114536285,0
0,0.09581150114536285,0
0,0.09581150114536285,0
0,0.09581150114536285,0
0,0.09581150114536285,0
0,0.09581150114536285,0
0,0.09581150114536285,0
0,0.09581150114536285,0
0,0.09581150114536285,0
0,0.09581150114536285,0
0,0.09581150114536285,0
0,0.09581150114536285,0
0,0.09581150114536285,0
0,0.09581150114536285,0
0,0.09581150114536285,0
0,0.09581150114536285,0
0,0.09581150114536285,0
0,0.09581150114536285,0
0,0.09581150114536285,0
0,0.09581150114536285,0
0,0.09581150114536285,0
0,0.09581150114536285,0
0,0.09581150114536285,0
0,0.09581150114536285,0
0,0.09581150114536285,0
0,0.09581150114536285,0
0,0.09581150114536285,0
0,0.09581150114536285,0
0,0.09581150114536285,0
0,0.09581150114536285,0
0,0.09581150114536285,0
0,0.09581150114536285,0
0,0.09581150114536285,0
0,0.09581150114536285,0
0,0.09581150114536285,0
0,0.09581150114536285,0
0,0.09581150114536285,0
0,0.09581150114536285,0
0,0.09581150114536285,0
0,0.09581150114536285,0
0,0.09581150114536285,0
0,0.09581150114536285,0
1,0.09581150114536285,0
0,0.8923224210739136,0
0,0.8895574808120728,0
0,0.883767306804657,0
0,0.8632813096046448,0
0,0.8468464016914368,0
0,0.8307079672813416,0
0,0.8125883340835571,0
0,0.7851958274841309,0
0,0.7540867328643799,0
0,0.7434166669845581,0
0,0.7469439506530762,0
0,0.7541808485984802,0
0,0.7545438408851624,0
0,0.7282616496086121,0
0,0.6804725527763367,0
0,0.6562877893447876,0
0,0.6852715611457825,0
0,0.7351422905921936,0
0,0.7442667484283447,0
0,0.7101284265518188,0
0,0.6404545903205872,0
0,0.5794359445571899,0
0,0.5981054902076721,0
0,0.6770144104957581,0
0,0.7196396589279175,0
0,0.7175034880638123,0
0,0.6955389380455017,0
0,0.670813798904419,0
0,0.6545332670211792,0
0,0.6471360921859741,0
0,0.5066333413124084,0
0,0.09581150114536285,0
0,0.09581150114536285,0
0,0.09581150114536285,0
0,0.09581150114536285,0
0,0.09581150114536285,0
0,0.09581150114536285,0
0,0.09581150114536285,0
0,0.09581150114536285,0
0,0.09581150114536285,0
0,0.09581150114536285,0
0,0.09581150114536285,0
0,0.09581150114536285,0
0,0.09581150114536285,0
0,0.09581150114536285,0
0,0.09581150114536285,0
0,0.09581150114536285,0
0,0.09581150114536285,0
0,0.09581150114536285,0
0,0.09581150114536285,0
0,0.09581150114536285,0
0,0.09581150114536285,0
0,0.09581150114536285,0
0,0.09581150114536285,0
0,0.09581150114536285,0
0,0.09581150114536285,0
0,0.09581150114536285,0
0,0.09581150114536285,0
0,0.09581150114536285,0
0,0.09581150114536285,0
0,0.09581150114536285,0
0,0.09581150114536285,0
0,0.09581150114536285,0
0,0.09581150114536285,0
0,0.09581150114536285,0
0,0.09581150114536285,0
0,0.09581150114536285,0
0,0.09581150114536285,0
0,0.09581150114536285,0
0,0.09581150114536285,0
0,0.09581150114536285,0
0,0.09581150114536285,0
0,0.09581150114536285,0
0,0.09581150114536285,0
0,0.09581150114536285,0
0,0.09581150114536285,0
0,0.09581150114536285,0
0,0.09581150114536285,0
0,0.09581150114536285,0
0,0.09581150114536285,0
0,0.09581150114536285,0
0,0.09581150114536285,0
0,0.09581150114536285,0
0,0.09581150114536285,0
0,0.09581150114536285,0
0,0.09581150114536285,0
0,0.09581150114536285,0
0,0.09581150114536285,0
0,0.09581150114536285,0
0,0.09581150114536285,0
0,0.09581150114536285,0
0,0.09581150114536285,0
0,0.09581150114536285,0
0,0.09581150114536285,0
0,0.09581150114536285,0
0,0.09581150114536285,0
0,0.09581150114536285,0
0,0.09581150114536285,0
0,0.09581150114536285,0
0,0.09581150114536285,0
0,0.09581150114536285,0
0,0.09581150114536285,0
0,0.09581150114536285,0
0,0.09581150114536285,0
0,0.09581150114536285,0
0,0.09581150114536285,0
0,0.09581150114536285,0
0,0.09581150114536285,0
0,0.09581150114536285,0
0,0.09581150114536285,0
0,0.09581150114536285,0
0,0.09581150114536285,0
0,0.09581150114536285,0
0,0.09581150114536285,0
0,0.09581150114536285,0
0,0.09581150114536285,0
0,0.09581150114536285,0
0,0.09581150114536285,0
0,0.09581150114536285,0
0,0.09581150114536285,0
0,0.09581150114536285,0
0,0.09581150114536285,0
0,0.09581150114536285,0
0,0.09581150114536285,0
0,0.09581150114536285,0
0,0.09581150114536285,0
0,0.09581150114536285,0
0,0.09581150114536285,0
0,0.09581150114536285,0
0,0.09581150114536285,0
0,0.09581150114536285,0
0,0.09581150114536285,0
0,0.09581150114536285,0
0,0.09581150114536285,0
0,0.09581150114536285,0
0,0.09581150114536285,0
0,0.09581150114536285,0
0,0.09581150114536285,0
0,0.09581150114536285,0
0,0.09581150114536285,0
0,0.09581150114536285,0
0,0.09581150114536285,0
0,0.09581150114536285,0
0,0.09581150114536285,0
0,0.09581150114536285,0
0,0.09581150114536285,0
0,0.09581150114536285,0
0,0.09581150114536285,0
0,0.09581150114536285,0
0,0.09581150114536285,0
0,0.09581150114536285,0
0,0.09581150114536285,0
0,0.09581150114536285,0
0,0.09581150114536285,0
0,0.09581150114536285,0
0,0.09581150114536285,0
0,0.09581150114536285,0
0,0.09581150114536285,0
0,0.09581150114536285,0
0,0.09581150114536285,0
0,0.09581150114536285,0
0,0.09581150114536285,0
0,0.09581150114536285,0
0,0.09581150114536285,0
0,0.09581150114536285,0
0,0.09581150114536285,0
0,0.09581150114536285,0
0,0.09581150114536285,0
0,0.09581150114536285,0
0,0.09581150114536285,0
0,0.09581150114536285,0
0,0.09581150114536285,0
0,0.09581150114536285,0
0,0.09581150114536285,0
0,0.09581150114536285,0
0,0.09581150114536285,0
0,0.09581150114536285,0
0,0.09581150114536285,0
0,0.09581150114536285,0
0,0.09581150114536285,0
0,0.09581150114536285,0
0,0.09581150114536285,0
0,0.09581150114536285,0
0,0.09581150114536285,0
0,0.09581150114536285,0
0,0.09581150114536285,0
0,0.09581150114536285,0
0,0.09581150114536285,0
0,0.09581150114536285,0
0,0.09581150114536285,0
0,0.09581150114536285,0
0,0.09581150114536285,0
0,0.09581150114536285,0
0,0.09581150114536285,0
0,0.09581150114536285,0
0,0.09581150114536285,0
0,0.09581150114536285,0
0,0.09581150114536285,0
0,0.09581150114536285,0
0,0.09581150114536285,0
0,0.09581150114536285,0
0,0.09581150114536285,0
0,0.09581150114536285,0
0,0.09581150114536285,0
0,0.09581150114536285,0
0,0.09581150114536285,0
0,0.09581150114536285,0
0,0.09581150114536285,0
0,0.09581150114536285,0
0,0.09581150114536285,0
0,0.09581150114536285,0
0,0.09581150114536285,0
0,0.09581150114536285,0
0,0.09581150114536285,0
0,0.09581150114536285,0
0,0.09581150114536285,0
0,0.09581150114536285,0
0,0.09581150114536285,0
0,0.09581150114536285,0
0,0.09581150114536285,0
0,0.09581150114536285,0
0,0.09581150114536285,0
0,0.09581150114536285,0
0,0.09581150114536285,0
0,0.09581150114536285,0
0,0.09581150114536285,0
0,0.09581150114536285,0
0,0.09581150114536285,0
0,0.09581150114536285,0
0,0.09581150114536285,0
0,0.09581150114536285,0
0,0.09581150114536285,0
0,0.09581150114536285,0
0,0.09581150114536285,0
0,0.09581150114536285,0
0,0.09581150114536285,0
0,0.09581150114536285,0
0,0.09581150114536285,0
0,0.09581150114536285,0
0,0.09581150114536285,0
0,0.09581150114536285,0
0,0.09581150114536285,0
0,0.09581150114536285,0
0,0.09581150114536285,0
0,0.09581150114536285,0
0,0.09581150114536285,0
0,0.09581150114536285,0
0,0.09581150114536285,0
0,0.09581150114536285,0
0,0.09581150114536285,0
0,0.09581150114536285,0
0,0.09581150114536285,0
0,0.09581150114536285,0
0,0.09581150114536285,0
0,0.09581150114536285,0
0,0.09581150114536285,0
0,0.09581150114536285,0
0,0.09581150114536285,0
0,0.09581150114536285,0
0,0.09581150114536285,0
0,0.09581150114536285,0
0,0.09581150114536285,0
0,0.09581150114536285,0
0,0.09581150114536285,0
0,0.09581150114536285,0
0,0.09581150114536285,0
0,0.09581150114536285,0
0,0.09581150114536285,0
0,0.09581150114536285,0
0,0.09581150114536285,0
0,0.09581150114536285,0
0,0.09581150114536285,0
0,0.09581150114536285,0
0,0.09581150114536285,0
0,0.09581150114536285,0
0,0.09581150114536285,0
0,0.09581150114536285,0
0,0.09581150114536285,0
0,0.09581150114536285,0
0,0.09581150114536285,0
0,0.09581150114536285,0
0,0.09581150114536285,0
0,0.09581150114536285,0
0,0.09581150114536285,0
0,0.09581150114536285,0
0,0.09581150114536285,0
0,0.09581150114536285,0
0,0.09581150114536285,0
0,0.09581150114536285,0
0,0.09581150114536285,0
0,0.09581150114536285,0
0,0.09581150114536285,0
0,0.09581150114536285,0
0,0.09581150114536285,0
0,0.09581150114536285,0
0,0.09581150114536285,0
0,0.09581150114536285,0
0,0.09581150114536285,0
0,0.09581150114536285,0
0,0.09581150114536285,0
0,0.09581150114536285,0
0,0.09581150114536285,0
0,0.09581150114536285,0
0,0.09581150114536285,0
0,0.09581150114536285,0
0,0.09581150114536285,0
0,0.09581150114536285,0
0,0.09581150114536285,0
0,0.09581150114536285,0
0,0.09581150114536285,0
0,0.09581150114536285,0
0,0.09581150114536285,0
0,0.09581150114536285,0
0,0.09581150114536285,0
0,0.09581150114536285,0
0,0.09581150114536285,0
0,0.09581150114536285,0
0,0.09581150114536285,0
0,0.09581150114536285,0
0,0.09581150114536285,0
0,0.09581150114536285,0
0,0.09581150114536285,0
0,0.09581150114536285,0
0,0.09581150114536285,0
0,0.09581150114536285,0
0,0.09581150114536285,0
0,0.09581150114536285,0
0,0.09581150114536285,0
0,0.09581150114536285,0
0,0.09581150114536285,0
0,0.09581150114536285,0
0,0.09581150114536285,0
0,0.09581150114536285,0
0,0.09581150114536285,0
0,0.09581150114536285,0
0,0.09581150114536285,0
0,0.09581150114536285,0
0,0.09581150114536285,0
0,0.09581150114536285,0
0,0.09581150114536285,0
0,0.09581150114536285,0
0,0.09581150114536285,0
0,0.09581150114536285,0
0,0.09581150114536285,0
0,0.09581150114536285,0
0,0.09581150114536285,0
0,0.09581150114536285,0
0,0.09581150114536285,0
0,0.09581150114536285,0
0,0.09581150114536285,0
0,0.09581150114536285,0
0,0.09581150114536285,0
0,0.09581150114536285,0
0,0.09581150114536285,0
0,0.09581150114536285,0
0,0.09581150114536285,0
0,0.09581150114536285,0
0,0.09581150114536285,0
0,0.09581150114536285,0
0,0.09581150114536285,0
0,0.09581150114536285,0
0,0.09581150114536285,0
0,0.09581150114536285,0
0,0.09581150114536285,0
0,0.09581150114536285,0
0,0.09581150114536285,0
0,0.09581150114536285,0
0,0.09581150114536285,0
0,0.09581150114536285,0
0,0.09581150114536285,0
0,0.09581150114536285,0
0,0.09581150114536285,0
0,0.09581150114536285,0
0,0.09581150114536285,0
0,0.09581150114536285,0
0,0.09581150114536285,0
0,0.09581150114536285,0
0,0.09581150114536285,0
0,0.09581150114536285,0
0,0.09581150114536285,0
0,0.09581150114536285,0
0,0.09581150114536285,0
0,0.09581150114536285,0
0,0.09581150114536285,0
0,0.09581150114536285,0
0,0.09581150114536285,0
0,0.09581150114536285,0
0,0.09581150114536285,0
0,0.09581150114536285,0
0,0.09581150114536285,0
0,0.09581150114536285,0
0,0.09581150114536285,0
0,0.09581150114536285,0
0,0.09581150114536285,0
0,0.09581150114536285,0
0,0.09581150114536285,0
0,0.09581150114536285,0
0,0.09581150114536285,0
0,0.09581150114536285,0
0,0.09581150114536285,0
0,0.09581150114536285,0
0,0.09581150114536285,0
0,0.09581150114536285,0
0,0.09581150114536285,0
0,0.09581150114536285,0
0,0.09581150114536285,0
0,0.09581150114536285,0
0,0.09581150114536285,0
0,0.09581150114536285,0
0,0.09581150114536285,0
0,0.09581150114536285,0
0,0.09581150114536285,0
0,0.09581150114536285,0
0,0.09581150114536285,0
0,0.09581150114536285,0
0,0.09581150114536285,0
0,0.09581150114536285,0
0,0.09581150114536285,0
0,0.09581150114536285,0
0,0.09581150114536285,0
0,0.09581150114536285,0
0,0.09581150114536285,0
0,0.09581150114536285,0
0,0.09581150114536285,0
0,0.09581150114536285,0
0,0.09581150114536285,0
0,0.09581150114536285,0
0,0.09581150114536285,0
0,0.09581150114536285,0
0,0.09581150114536285,0
0,0.09581150114536285,0
0,0.09581150114536285,0
0,0.09581150114536285,0
0,0.09581150114536285,0
0,0.09581150114536285,0
0,0.09581150114536285,0
0,0.09581150114536285,0
0,0.09581150114536285,0
0,0.09581150114536285,0
0,0.09581150114536285,0
0,0.09581150114536285,0
0,0.09581150114536285,0
0,0.09581150114536285,0
0,0.09581150114536285,0
0,0.09581150114536285,0
0,0.09581150114536285,0
0,0.09581150114536285,0
0,0.09581150114536285,0
0,0.09581150114536285,0
0,0.09581150114536285,0
0,0.09581150114536285,0
0,0.09581150114536285,0
0,0.09581150114536285,0
0,0.09581150114536285,0
0,0.09581150114536285,0
0,0.09581150114536285,0
0,0.09581150114536285,0
0,0.09581150114536285,0
0,0.09581150114536285,0
0,0.09581150114536285,0
0,0.09581150114536285,0
0,0.09581150114536285,0
0,0.09581150114536285,0
0,0.09581150114536285,0
0,0.09581150114536285,0
0,0.09581150114536285,0
0,0.09581150114536285,0
0,0.09581150114536285,0
0,0.09581150114536285,0
0,0.09581150114536285,0
0,0.09581150114536285,0
0,0.09581150114536285,0
0,0.09581150114536285,0
0,0.09581150114536285,0
0,0.09581150114536285,0
0,0.09581150114536285,0
0,0.09581150114536285,0
0,0.09581150114536285,0
0,0.09581150114536285,0
0,0.09581150114536285,0
0,0.09581150114536285,0
0,0.09581150114536285,0
0,0.09581150114536285,0
0,0.09581150114536285,0
0,0.09581150114536285,0
0,0.09581150114536285,0
0,0.09581150114536285,0
0,0.09581150114536285,0
0,0.09581150114536285,0
0,0.09581150114536285,0
0,0.09581150114536285,0
0,0.09581150114536285,0
0,0.09581150114536285,0
0,0.09581150114536285,0
0,0.09581150114536285,0
0,0.09581150114536285,0
0,0.09581150114536285,0
0,0.09581150114536285,0
0,0.09581150114536285,0
0,0.09581150114536285,0
0,0.09581150114536285,0
0,0.09581150114536285,0
0,0.09581150114536285,0
0,0.09581150114536285,0
0,0.09581150114536285,0
0,0.09581150114536285,0
0,0.09581150114536285,0
0,0.09581150114536285,0
0,0.09581150114536285,0
0,0.09581150114536285,0
0,0.09581150114536285,0
0,0.09581150114536285,0
0,0.09581150114536285,0
0,0.09581150114536285,0
0,0.09581150114536285,0
0,0.09581150114536285,0
0,0.09581150114536285,0
0,0.09581150114536285,0
0,0.09581150114536285,0
0,0.09581150114536285,0
0,0.09581150114536285,0
0,0.09581150114536285,0
0,0.09581150114536285,0
0,0.09581150114536285,0
0,0.09581150114536285,0
0,0.09581150114536285,0
0,0.09581150114536285,0
0,0.09581150114536285,0
0,0.09581150114536285,0
0,0.09581150114536285,0
0,0.09581150114536285,0
0,0.09581150114536285,0
0,0.09581150114536285,0
0,0.09581150114536285,0
0,0.09581150114536285,0
0,0.09581150114536285,0
0,0.09581150114536285,0
0,0.09581150114536285,0
0,0.09581150114536285,0
0,0.09581150114536285,0
0,0.09581150114536285,0
0,0.09581150114536285,0
0,0.09581150114536285,0
0,0.09581150114536285,0
0,0.09581150114536285,0
0,0.09581150114536285,0
0,0.09581150114536285,0
0,0.09581150114536285,0
0,0.09581150114536285,0
0,0.09581150114536285,0
0,0.09581150114536285,0
0,0.09581150114536285,0
0,0.09581150114536285,0
0,0.09581150114536285,0
0,0.09581150114536285,0
0,0.09581150114536285,0
0,0.09581150114536285,0
0,0.09581150114536285,0
0,0.09581150114536285,0
0,0.09581150114536285,0
0,0.09581150114536285,0
0,0.09581150114536285,0
0,0.09581150114536285,0
0,0.09581150114536285,0
0,0.09581150114536285,0
0,0.09581150114536285,0
0,0.09581150114536285,0
0,0.09581150114536285,0
0,0.09581150114536285,0
0,0.09581150114536285,0
0,0.09581150114536285,0
0,0.09581150114536285,0
0,0.09581150114536285,0
0,0.09581150114536285,0
0,0.09581150114536285,0
0,0.09581150114536285,0
0,0.09581150114536285,0
0,0.09581150114536285,0
0,0.09581150114536285,0
0,0.09581150114536285,0
0,0.09581150114536285,0
0,0.09581150114536285,0
0,0.09581150114536285,0
0,0.09581150114536285,0
0,0.09581150114536285,0
0,0.09581150114536285,0
0,0.09581150114536285,0
0,0.09581150114536285,0
0,0.09581150114536285,0
0,0.09581150114536285,0
0,0.09581150114536285,0
0,0.09581150114536285,0
0,0.09581150114536285,0
0,0.09581150114536285,0
0,0.09581150114536285,0
0,0.09581150114536285,0
0,0.09581150114536285,0
0,0.09581150114536285,0
0,0.09581150114536285,0
0,0.09581150114536285,0
0,0.09581150114536285,0
0,0.09581150114536285,0
0,0.09581150114536285,0
0,0.09581150114536285,0
0,0.09581150114536285,0
0,0.09581150114536285,0
0,0.09581150114536285,0
0,0.09581150114536285,0
0,0.09581150114536285,0
0,0.09581150114536285,0
0,0.09581150114536285,0
0,0.09581150114536285,0
0,0.09581150114536285,0
0,0.09581150114536285,0
0,0.09581150114536285,0
0,0.09581150114536285,0
0,0.09581150114536285,0
0,0.09581150114536285,0
0,0.09581150114536285,0
0,0.09581150114536285,0
0,0.09581150114536285,0
0,0.09581150114536285,0
0,0.09581150114536285,0
0,0.09581150114536285,0
0,0.09581150114536285,0
0,0.09581150114536285,0
0,0.09581150114536285,0
0,0.09581150114536285,0
0,0.09581150114536285,0
0,0.09581150114536285,0
0,0.09581150114536285,0
0,0.09581150114536285,0
0,0.09581150114536285,0
0,0.09581150114536285,0
0,0.09581150114536285,0
0,0.09581150114536285,0
0,0.09581150114536285,0
0,0.09581150114536285,0
0,0.09581150114536285,0
0,0.09581150114536285,0
0,0.09581150114536285,0
0,0.09581150114536285,0
0,0.09581150114536285,0
0,0.09581150114536285,0
0,0.09581150114536285,0
0,0.09581150114536285,0
0,0.09581150114536285,0
0,0.09581150114536285,0
0,0.09581150114536285,0
0,0.09581150114536285,0
0,0.09581150114536285,0
0,0.09581150114536285,0
0,0.09581150114536285,0
0,0.09581150114536285,0
0,0.09581150114536285,0
0,0.09581150114536285,0
0,0.09581150114536285,0
0,0.09581150114536285,0
0,0.09581150114536285,0
0,0.09581150114536285,0
0,0.09581150114536285,0
0,0.09581150114536285,0
0,0.09581150114536285,0
0,0.09581150114536285,0
0,0.09581150114536285,0
0,0.09581150114536285,0
0,0.09581150114536285,0
0,0.09581150114536285,0
0,0.09581150114536285,0
0,0.09581150114536285,0
0,0.09581150114536285,0
0,0.09581150114536285,0
0,0.09581150114536285,0
0,0.09581150114536285,0
0,0.09581150114536285,0
0,0.09581150114536285,0
0,0.09581150114536285,0
0,0.09581150114536285,0
0,0.09581150114536285,0
0,0.09581150114536285,0
0,0.09581150114536285,0
0,0.09581150114536285,0
0,0.09581150114536285,0
0,0.09581150114536285,0
0,0.09581150114536285,0
0,0.09581150114536285,0
0,0.09581150114536285,0
0,0.09581150114536285,0
0,0.09581150114536285,0
0,0.09581150114536285,0
0,0.09581150114536285,0
0,0.09581150114536285,0
0,0.09581150114536285,0
0,0.09581150114536285,0
0,0.09581150114536285,0
0,0.09581150114536285,0
0,0.09581150114536285,0
0,0.09581150114536285,0
0,0.09581150114536285,0
0,0.09581150114536285,0
0,0.09581150114536285,0
0,0.09581150114536285,0
0,0.09581150114536285,0
0,0.09581150114536285,0
0,0.09581150114536285,0
0,0.09581150114536285,0
0,0.09581150114536285,0
0,0.09581150114536285,0
0,0.09581150114536285,0
0,0.09581150114536285,0
0,0.09581150114536285,0
0,0.09581150114536285,0
0,0.09581150114536285,0
0,0.09581150114536285,0
0,0.09581150114536285,0
0,0.09581150114536285,0
0,0.09581150114536285,0
0,0.09581150114536285,0
0,0.09581150114536285,0
0,0.09581150114536285,0
0,0.09581150114536285,0
0,0.09581150114536285,0
0,0.09581150114536285,0
0,0.09581150114536285,0
0,0.09581150114536285,0
0,0.09581150114536285,0
0,0.09581150114536285,0
0,0.09581150114536285,0
0,0.09581150114536285,0
0,0.09581150114536285,0
0,0.09581150114536285,0
0,0.09581150114536285,0
0,0.09581150114536285,0
0,0.09581150114536285,0
0,0.09581150114536285,0
0,0.09581150114536285,0
0,0.09581150114536285,0
0,0.09581150114536285,0
0,0.09581150114536285,0
0,0.09581150114536285,0
0,0.09581150114536285,0
0,0.09581150114536285,0
0,0.09581150114536285,0
0,0.09581150114536285,0
0,0.09581150114536285,0
0,0.09581150114536285,0
0,0.09581150114536285,0
0,0.09581150114536285,0
0,0.09581150114536285,0
0,0.09581150114536285,0
0,0.09581150114536285,0
0,0.09581150114536285,0
0,0.09581150114536285,0
0,0.09581150114536285,0
0,0.09581150114536285,0
0,0.09581150114536285,0
0,0.09581150114536285,0
0,0.09581150114536285,0
0,0.09581150114536285,0
0,0.09581150114536285,0
0,0.09581150114536285,0
0,0.09581150114536285,0
0,0.09581150114536285,0
0,0.09581150114536285,0
0,0.09581150114536285,0
0,0.09581150114536285,0
0,0.09581150114536285,0
0,0.09581150114536285,0
0,0.09581150114536285,0
0,0.09581150114536285,0
0,0.09581150114536285,0
0,0.09581150114536285,0
0,0.09581150114536285,0
0,0.09581150114536285,0
0,0.09581150114536285,0
0,0.09581150114536285,0
0,0.09581150114536285,0
0,0.09581150114536285,0
0,0.09581150114536285,0
0,0.09581150114536285,0
0,0.09581150114536285,0
0,0.09581150114536285,0
0,0.09581150114536285,0
0,0.09581150114536285,0
0,0.09581150114536285,0
0,0.09581150114536285,0
0,0.09581150114536285,0
0,0.09581150114536285,0
0,0.09581150114536285,0
0,0.09581150114536285,0
0,0.09581150114536285,0
0,0.09581150114536285,0
0,0.09581150114536285,0
0,0.09581150114536285,0
0,0.09581150114536285,0
0,0.09581150114536285,0
0,0.09581150114536285,0
0,0.09581150114536285,0
0,0.09581150114536285,0
0,0.09581150114536285,0
0,0.09581150114536285,0
0,0.09581150114536285,0
0,0.09581150114536285,0
0,0.09581150114536285,0
0,0.09581150114536285,0
0,0.09581150114536285,0
0,0.09581150114536285,0
0,0.09581150114536285,0
0,0.09581150114536285,0
0,0.09581150114536285,0
0,0.09581150114536285,0
0,0.09581150114536285,0
0,0.09581150114536285,0
0,0.09581150114536285,0
0,0.09581150114536285,0
0,0.09581150114536285,0
0,0.09581150114536285,0
0,0.09581150114536285,0
0,0.09581150114536285,0
0,0.09581150114536285,0
0,0.09581150114536285,0
0,0.09581150114536285,0
0,0.09581150114536285,0
0,0.09581150114536285,0
0,0.09581150114536285,0
0,0.09581150114536285,0
0,0.09581150114536285,0
0,0.09581150114536285,0
0,0.09581150114536285,0
0,0.09581150114536285,0
0,0.09581150114536285,0
0,0.09581150114536285,0
0,0.09581150114536285,0
0,0.09581150114536285,0
0,0.09581150114536285,0
0,0.09581150114536285,0
0,0.09581150114536285,0
0,0.09581150114536285,0
0,0.09581150114536285,0
0,0.09581150114536285,0
0,0.09581150114536285,0
0,0.09581150114536285,0
0,0.09581150114536285,0
0,0.09581150114536285,0
0,0.09581150114536285,0
0,0.09581150114536285,0
0,0.09581150114536285,0
0,0.09581150114536285,0
0,0.09581150114536285,0
0,0.09581150114536285,0
0,0.09581150114536285,0
0,0.09581150114536285,0
0,0.09581150114536285,0
0,0.09581150114536285,0
0,0.09581150114536285,0
0,0.09581150114536285,0
0,0.09581150114536285,0
0,0.09581150114536285,0
0,0.09581150114536285,0
0,0.09581150114536285,0
0,0.09581150114536285,0
0,0.09581150114536285,0
0,0.09581150114536285,0
0,0.09581150114536285,0
0,0.09581150114536285,0
0,0.09581150114536285,0
0,0.09581150114536285,0
0,0.09581150114536285,0
0,0.09581150114536285,0
0,0.09581150114536285,0
0,0.09581150114536285,0
0,0.09581150114536285,0
0,0.09581150114536285,0
0,0.09581150114536285,0
0,0.09581150114536285,0
0,0.09581150114536285,0
0,0.09581150114536285,0
0,0.09581150114536285,0
0,0.09581150114536285,0
0,0.09581150114536285,0
0,0.09581150114536285,0
0,0.09581150114536285,0
0,0.09581150114536285,0
0,0.09581150114536285,0
0,0.09581150114536285,0
0,0.09581150114536285,0
0,0.09581150114536285,0
0,0.09581150114536285,0
0,0.09581150114536285,0
0,0.09581150114536285,0
0,0.09581150114536285,0
0,0.09581150114536285,0
0,0.09581150114536285,0
0,0.09581150114536285,0
0,0.09581150114536285,0
0,0.09581150114536285,0
0,0.09581150114536285,0
0,0.09581150114536285,0
0,0.09581150114536285,0
0,0.09581150114536285,0
0,0.09581150114536285,0
0,0.09581150114536285,0
0,0.09581150114536285,0
0,0.09581150114536285,0
0,0.09581150114536285,0
0,0.09581150114536285,0
0,0.09581150114536285,0
0,0.09581150114536285,0
0,0.09581150114536285,0
0,0.09581150114536285,0
0,0.09581150114536285,0
0,0.09581150114536285,0
0,0.09581150114536285,0
0,0.09581150114536285,0
0,0.09581150114536285,0
1,0.09581150114536285,0
0,0.8923224210739136,0
0,0.8895574808120728,0
0,0.883767306804657,0
0,0.8632813096046448,0
0,0.8468464016914368,0
0,0.8307079672813416,0
0,0.8125883340835571,0
0,0.7851958274841309,0
0,0.7540867328643799,0
0,0.7434166669845581,0
0,0.7469439506530762,0
0,0.7541808485984802,0
0,0.7545438408851624,0
0,0.7282616496086121,0
0,0.6804725527763367,0
0,0.6562877893447876,0
0,0.6852715611457825,0
0,0.7351422905921936,0
0,0.7442667484283447,0
0,0.7101284265518188,0
0,0.6404545903205872,0
0,0.5794359445571899,0
0,0.5981054902076721,0
0,0.6770144104957581,0
0,0.7196396589279175,0
0,0.7175034880638123,0
0,0.6955389380455017,0
0,0.670813798904419,0
0,0.6545332670211792,0
0,0.6471360921859741,0
0,0.5066333413124084,0
0,0.09581150114536285,0
0,0.09581150114536285,0
0,0.09581150114536285,0
0,0.09581150114536285,0
0,0.09581150114536285,0
0,0.09581150114536285,0
0,0.09581150114536285,0
0,0.09581150114536285,0
0,0.09581150114536285,0
0,0.09581150114536285,0
0,0.09581150114536285,0
0,0.09581150114536285,0
0,0.09581150114536285,0
0,0.09581150114536285,0
0,0.09581150114536285,0
0,0.09581150114536285,0
0,0.09581150114536285,0
0,0.09581150114536285,0
0,0.09581150114536285,0
0,0.09581150114536285,0
0,0.09581150114536285,0
0,0.09581150114536285,0
0,0.09581150114536285,0
0,0.09581150114536285,0
0,0.09581150114536285,0
0,0.09581150114536285,0
0,0.09581150114536285,0
0,0.09581150114536285,0
0,0.09581150114536285,0
0,0.09581150114536285,0
0,0.09581150114536285,0
0,0.09581150114536285,0
0,0.09581150114536285,0
0,0.09581150114536285,0
0,0.09581150114536285,0
0,0.09581150114536285,0
0,0.09581150114536285,0
0,0.09581150114536285,0
0,0.09581150114536285,0
0,0.09581150114536285,0
0,0.09581150114536285,0
0,0.09581150114536285,0
0,0.09581150114536285,0
0,0.09581150114536285,0
0,0.09581150114536285,0
0,0.09581150114536285,0
0,0.09581150114536285,0
0,0.09581150114536285,0
0,0.09581150114536285,0
0,0.09581150114536285,0
0,0.09581150114536285,0
0,0.09581150114536285,0
0,0.09581150114536285,0
0,0.09581150114536285,0
0,0.09581150114536285,0
0,0.09581150114536285,0
0,0.09581150114536285,0
0,0.09581150114536285,0
0,0.09581150114536285,0
0,0.09581150114536285,0
0,0.09581150114536285,0
0,0.09581150114536285,0
0,0.09581150114536285,0
0,0.09581150114536285,0
0,0.09581150114536285,0
0,0.09581150114536285,0
0,0.09581150114536285,0
0,0.09581150114536285,0
0,0.09581150114536285,0
0,0.09581150114536285,0
0,0.09581150114536285,0
0,0.09581150114536285,0
0,0.09581150114536285,0
0,0.09581150114536285,0
0,0.09581150114536285,0
0,0.09581150114536285,0
0,0.09581150114536285,0
0,0.09581150114536285,0
0,0.09581150114536285,0
0,0.09581150114536285,0
0,0.09581150114536285,0
0,0.09581150114536285,0
0,0.09581150114536285,0
0,0.09581150114536285,0
0,0.09581150114536285,0
0,0.09581150114536285,0
0,0.09581150114536285,0
0,0.09581150114536285,0
0,0.09581150114536285,0
0,0.09581150114536285,0
0,0.09581150114536285,0
0,0.09581150114536285,0
0,0.09581150114536285,0
0,0.09581150114536285,0
0,0.09581150114536285,0
0,0.09581150114536285,0
0,0.09581150114536285,0
0,0.09581150114536285,0
0,0.09581150114536285,0
0,0.09581150114536285,0
0,0.09581150114536285,0
0,0.09581150114536285,0
0,0.09581150114536285,0
0,0.09581150114536285,0
0,0.09581150114536285,0
0,0.09581150114536285,0
0,0.09581150114536285,0
0,0.09581150114536285,0
0,0.09581150114536285,0
0,0.09581150114536285,0
0,0.09581150114536285,0
0,0.09581150114536285,0
0,0.09581150114536285,0
0,0.09581150114536285,0
0,0.09581150114536285,0
0,0.09581150114536285,0
0,0.09581150114536285,0
0,0.09581150114536285,0
0,0.09581150114536285,0
0,0.09581150114536285,0
0,0.09581150114536285,0
0,0.09581150114536285,0
0,0.09581150114536285,0
0,0.09581150114536285,0
0,0.09581150114536285,0
0,0.09581150114536285,0
0,0.09581150114536285,0
0,0.09581150114536285,0
0,0.09581150114536285,0
0,0.09581150114536285,0
0,0.09581150114536285,0
0,0.09581150114536285,0
0,0.09581150114536285,0
0,0.09581150114536285,0
0,0.09581150114536285,0
0,0.09581150114536285,0
0,0.09581150114536285,0
0,0.09581150114536285,0
0,0.09581150114536285,0
0,0.09581150114536285,0
0,0.09581150114536285,0
0,0.09581150114536285,0
0,0.09581150114536285,0
0,0.09581150114536285,0
0,0.09581150114536285,0
0,0.09581150114536285,0
0,0.09581150114536285,0
0,0.09581150114536285,0
0,0.09581150114536285,0
0,0.09581150114536285,0
0,0.09581150114536285,0
0,0.09581150114536285,0
0,0.09581150114536285,0
0,0.09581150114536285,0
0,0.09581150114536285,0
0,0.09581150114536285,0
0,0.09581150114536285,0
0,0.09581150114536285,0
0,0.09581150114536285,0
0,0.09581150114536285,0
0,0.09581150114536285,0
0,0.09581150114536285,0
0,0.09581150114536285,0
0,0.09581150114536285,0
0,0.09581150114536285,0
0,0.09581150114536285,0
0,0.09581150114536285,0
0,0.09581150114536285,0
0,0.09581150114536285,0
0,0.09581150114536285,0
0,0.09581150114536285,0
0,0.09581150114536285,0
0,0.09581150114536285,0
0,0.09581150114536285,0
0,0.09581150114536285,0
0,0.09581150114536285,0
0,0.09581150114536285,0
0,0.09581150114536285,0
0,0.09581150114536285,0
0,0.09581150114536285,0
0,0.09581150114536285,0
0,0.09581150114536285,0
0,0.09581150114536285,0
0,0.09581150114536285,0
0,0.09581150114536285,0
0,0.09581150114536285,0
0,0.09581150114536285,0
0,0.09581150114536285,0
0,0.09581150114536285,0
0,0.09581150114536285,0
0,0.09581150114536285,0
0,0.09581150114536285,0
0,0.09581150114536285,0
0,0.09581150114536285,0
0,0.09581150114536285,0
0,0.09581150114536285,0
0,0.09581150114536285,0
0,0.09581150114536285,0
0,0.09581150114536285,0
0,0.09581150114536285,0
0,0.09581150114536285,0
0,0.09581150114536285,0
0,0.09581150114536285,0
0,0.09581150114536285,0
0,0.09581150114536285,0
0,0.09581150114536285,0
0,0.09581150114536285,0
0,0.09581150114536285,0
0,0.09581150114536285,0
0,0.09581150114536285,0
0,0.09581150114536285,0
0,0.09581150114536285,0
0,0.09581150114536285,0
0,0.09581150114536285,0
0,0.09581150114536285,0
0,0.09581150114536285,0
0,0.09581150114536285,0
0,0.09581150114536285,0
0,0.09581150114536285,0
0,0.09581150114536285,0
0,0.09581150114536285,0
0,0.09581150114536285,0
0,0.09581150114536285,0
0,0.09581150114536285,0
0,0.09581150114536285,0
0,0.09581150114536285,0
0,0.09581150114536285,0
0,0.09581150114536285,0
0,0.09581150114536285,0
0,0.09581150114536285,0
0,0.09581150114536285,0
0,0.09581150114536285,0
0,0.09581150114536285,0
0,0.09581150114536285,0
0,0.09581150114536285,0
0,0.09581150114536285,0
0,0.09581150114536285,0
0,0.09581150114536285,0
0,0.09581150114536285,0
0,0.09581150114536285,0
0,0.09581150114536285,0
0,0.09581150114536285,0
0,0.09581150114536285,0
0,0.09581150114536285,0
0,0.09581150114536285,0
0,0.09581150114536285,0
0,0.09581150114536285,0
0,0.09581150114536285,0
0,0.09581150114536285,0
0,0.09581150114536285,0
0,0.09581150114536285,0
0,0.09581150114536285,0
0,0.09581150114536285,0
0,0.09581150114536285,0
0,0.09581150114536285,0
0,0.09581150114536285,0
0,0.09581150114536285,0
0,0.09581150114536285,0
0,0.09581150114536285,0
0,0.09581150114536285,0
0,0.09581150114536285,0
0,0.09581150114536285,0
0,0.09581150114536285,0
0,0.09581150114536285,0
0,0.09581150114536285,0
0,0.09581150114536285,0
0,0.09581150114536285,0
0,0.09581150114536285,0
0,0.09581150114536285,0
0,0.09581150114536285,0
0,0.09581150114536285,0
0,0.09581150114536285,0
0,0.09581150114536285,0
0,0.09581150114536285,0
0,0.09581150114536285,0
0,0.09581150114536285,0
0,0.09581150114536285,0
0,0.09581150114536285,0
0,0.09581150114536285,0
0,0.09581150114536285,0
0,0.09581150114536285,0
0,0.09581150114536285,0
0,0.09581150114536285,0
0,0.09581150114536285,0
0,0.09581150114536285,0
0,0.09581150114536285,0
0,0.09581150114536285,0
0,0.09581150114536285,0
0,0.09581150114536285,0
0,0.09581150114536285,0
0,0.09581150114536285,0
0,0.09581150114536285,0
0,0.09581150114536285,0
0,0.09581150114536285,0
0,0.09581150114536285,0
0,0.09581150114536285,0
0,0.09581150114536285,0
0,0.09581150114536285,0
0,0.09581150114536285,0
0,0.09581150114536285,0
0,0.09581150114536285,0
0,0.09581150114536285,0
0,0.09581150114536285,0
0,0.09581150114536285,0
0,0.09581150114536285,0
0,0.09581150114536285,0
0,0.09581150114536285,0
0,0.09581150114536285,0
0,0.09581150114536285,0
0,0.09581150114536285,0
0,0.09581150114536285,0
0,0.09581150114536285,0
0,0.09581150114536285,0
0,0.09581150114536285,0
0,0.09581150114536285,0
0,0.09581150114536285,0
0,0.09581150114536285,0
0,0.09581150114536285,0
0,0.09581150114536285,0
0,0.09581150114536285,0
0,0.09581150114536285,0
0,0.09581150114536285,0
0,0.09581150114536285,0
0,0.09581150114536285,0
0,0.09581150114536285,0
0,0.09581150114536285,0
0,0.09581150114536285,0
0,0.09581150114536285,0
0,0.09581150114536285,0
0,0.09581150114536285,0
0,0.09581150114536285,0
0,0.09581150114536285,0
0,0.09581150114536285,0
0,0.09581150114536285,0
0,0.09581150114536285,0
0,0.09581150114536285,0
0,0.09581150114536285,0
0,0.09581150114536285,0
0,0.09581150114536285,0
0,0.09581150114536285,0
0,0.09581150114536285,0
0,0.09581150114536285,0
0,0.09581150114536285,0
0,0.09581150114536285,0
0,0.09581150114536285,0
0,0.09581150114536285,0
0,0.09581150114536285,0
0,0.09581150114536285,0
0,0.09581150114536285,0
0,0.09581150114536285,0
0,0.09581150114536285,0
0,0.09581150114536285,0
0,0.09581150114536285,0
0,0.09581150114536285,0
0,0.09581150114536285,0
0,0.09581150114536285,0
0,0.09581150114536285,0
0,0.09581150114536285,0
0,0.09581150114536285,0
0,0.09581150114536285,0
0,0.09581150114536285,0
0,0.09581150114536285,0
0,0.09581150114536285,0
0,0.09581150114536285,0
0,0.09581150114536285,0
0,0.09581150114536285,0
0,0.09581150114536285,0
0,0.09581150114536285,0
0,0.09581150114536285,0
0,0.09581150114536285,0
0,0.09581150114536285,0
0,0.09581150114536285,0
0,0.09581150114536285,0
0,0.09581150114536285,0
0,0.09581150114536285,0
0,0.09581150114536285,0
0,0.09581150114536285,0
0,0.09581150114536285,0
0,0.09581150114536285,0
0,0.09581150114536285,0
0,0.09581150114536285,0
0,0.09581150114536285,0
0,0.09581150114536285,0
0,0.09581150114536285,0
0,0.09581150114536285,0
0,0.09581150114536285,0
0,0.09581150114536285,0
0,0.09581150114536285,0
0,0.09581150114536285,0
0,0.09581150114536285,0
0,0.09581150114536285,0
0,0.09581150114536285,0
0,0.09581150114536285,0
0,0.09581150114536285,0
0,0.09581150114536285,0
0,0.09581150114536285,0
0,0.09581150114536285,0
0,0.09581150114536285,0
0,0.09581150114536285,0
0,0.09581150114536285,0
0,0.09581150114536285,0
0,0.09581150114536285,0
0,0.09581150114536285,0
0,0.09581150114536285,0
0,0.09581150114536285,0
0,0.09581150114536285,0
0,0.09581150114536285,0
0,0.09581150114536285,0
0,0.09581150114536285,0
0,0.09581150114536285,0
0,0.09581150114536285,0
0,0.09581150114536285,0
0,0.09581150114536285,0
0,0.09581150114536285,0
0,0.09581150114536285,0
0,0.09581150114536285,0
0,0.09581150114536285,0
0,0.09581150114536285,0
0,0.09581150114536285,0
0,0.09581150114536285,0
0,0.09581150114536285,0
0,0.09581150114536285,0
0,0.09581150114536285,0
0,0.09581150114536285,0
0,0.09581150114536285,0
0,0.09581150114536285,0
0,0.09581150114536285,0
0,0.09581150114536285,0
0,0.09581150114536285,0
0,0.09581150114536285,0
0,0.09581150114536285,0
0,0.09581150114536285,0
0,0.09581150114536285,0
0,0.09581150114536285,0
0,0.09581150114536285,0
0,0.09581150114536285,0
0,0.09581150114536285,0
0,0.09581150114536285,0
0,0.09581150114536285,0
0,0.09581150114536285,0
0,0.09581150114536285,0
0,0.09581150114536285,0
0,0.09581150114536285,0
0,0.09581150114536285,0
0,0.09581150114536285,0
0,0.09581150114536285,0
0,0.09581150114536285,0
0,0.09581150114536285,0
0,0.09581150114536285,0
0,0.09581150114536285,0
0,0.09581150114536285,0
0,0.09581150114536285,0
0,0.09581150114536285,0
0,0.09581150114536285,0
0,0.09581150114536285,0
0,0.09581150114536285,0
0,0.09581150114536285,0
0,0.09581150114536285,0
0,0.09581150114536285,0
0,0.8455936908721924,0
0,0.8306185007095337,0
0,0.8338979482650757,0
0,0.833530843257904,0
0,0.8150328397750854,0
0,0.8261767029762268,0
0,0.851604700088501,0
0,0.8632586598396301,0
0,0.8654024600982666,0
0,0.8430675268173218,0
0,0.7997050285339355,0
0,0.7809391021728516,0
0,0.8068917989730835,0
0,0.8333566188812256,0
0,0.8456149697303772,0
0,0.8669882416725159,0
0,0.6932235360145569,0
0,0.6733537912368774,0
0,0.6551180481910706,0
0,0.5379312634468079,0
0,0.5066333413124084,0
0,0.09581150114536285,0
0,0.09581150114536285,0
0,0.09581150114536285,0
0,0.09581150114536285,0
0,0.09581150114536285,0
0,0.09581150114536285,0
0,0.09581150114536285,0
0,0.09581150114536285,0
0,0.09581150114536285,0
0,0.09581150114536285,0
0,0.09581150114536285,0
0,0.09581150114536285,0
0,0.09581150114536285,0
0,0.09581150114536285,0
0,0.09581150114536285,0
0,0.09581150114536285,0
0,0.09581150114536285,0
0,0.09581150114536285,0
0,0.09581150114536285,0
0,0.09581150114536285,0
0,0.09581150114536285,0
0,0.09581150114536285,0
0,0.09581150114536285,0
0,0.09581150114536285,0
0,0.09581150114536285,0
0,0.09581150114536285,0
0,0.09581150114536285,0
0,0.09581150114536285,0
0,0.09581150114536285,0
0,0.09581150114536285,0
0,0.09581150114536285,0
0,0.09581150114536285,0
0,0.09581150114536285,0
0,0.09581150114536285,0
0,0.09581150114536285,0
0,0.09581150114536285,0
0,0.09581150114536285,0
0,0.09581150114536285,0
0,0.09581150114536285,0
0,0.09581150114536285,0
0,0.09581150114536285,0
0,0.09581150114536285,0
0,0.09581150114536285,0
0,0.09581150114536285,0
0,0.09581150114536285,0
0,0.09581150114536285,0
0,0.09581150114536285,0
0,0.09581150114536285,0
0,0.09581150114536285,0
0,0.09581150114536285,0
0,0.09581150114536285,0
0,0.09581150114536285,0
0,0.09581150114536285,0
0,0.09581150114536285,0
0,0.09581150114536285,0
0,0.09581150114536285,0
0,0.09581150114536285,0
0,0.09581150114536285,0
0,0.09581150114536285,0
0,0.09581150114536285,0
0,0.09581150114536285,0
0,0.09581150114536285,0
0,0.09581150114536285,0
0,0.09581150114536285,0
0,0.09581150114536285,0
0,0.09581150114536285,0
0,0.09581150114536285,0
0,0.09581150114536285,0
0,0.09581150114536285,0
0,0.09581150114536285,0
0,0.09581150114536285,0
0,0.09581150114536285,0
0,0.09581150114536285,0
0,0.09581150114536285,0
0,0.09581150114536285,0
0,0.09581150114536285,0
0,0.09581150114536285,0
0,0.09581150114536285,0
0,0.09581150114536285,0
0,0.09581150114536285,0
0,0.09581150114536285,0
0,0.09581150114536285,0
0,0.09581150114536285,0
0,0.09581150114536285,0
0,0.09581150114536285,0
0,0.09581150114536285,0
0,0.09581150114536285,0
0,0.09581150114536285,0
0,0.09581150114536285,0
0,0.09581150114536285,0
0,0.09581150114536285,0
0,0.09581150114536285,0
0,0.09581150114536285,0
0,0.09581150114536285,0
0,0.09581150114536285,0
0,0.09581150114536285,0
0,0.09581150114536285,0
0,0.09581150114536285,0
0,0.09581150114536285,0
0,0.09581150114536285,0
0,0.09581150114536285,0
0,0.09581150114536285,0
0,0.09581150114536285,0
0,0.09581150114536285,0
0,0.09581150114536285,0
0,0.09581150114536285,0
0,0.09581150114536285,0
0,0.09581150114536285,0
0,0.09581150114536285,0
0,0.09581150114536285,0
0,0.09581150114536285,0
0,0.09581150114536285,0
0,0.09581150114536285,0
0,0.09581150114536285,0
0,0.09581150114536285,0
0,0.09581150114536285,0
0,0.09581150114536285,0
0,0.09581150114536285,0
0,0.09581150114536285,0
0,0.09581150114536285,0
0,0.09581150114536285,0
0,0.09581150114536285,0
0,0.09581150114536285,0
0,0.09581150114536285,0
0,0.09581150114536285,0
0,0.09581150114536285,0
0,0.09581150114536285,0
0,0.09581150114536285,0
0,0.09581150114536285,0
0,0.09581150114536285,0
0,0.09581150114536285,0
0,0.09581150114536285,0
0,0.09581150114536285,0
0,0.09581150114536285,0
0,0.09581150114536285,0
0,0.09581150114536285,0
0,0.09581150114536285,0
0,0.09581150114536285,0
0,0.09581150114536285,0
0,0.09581150114536285,0
0,0.09581150114536285,0
0,0.09581150114536285,0
0,0.09581150114536285,0
0,0.09581150114536285,0
0,0.09581150114536285,0
0,0.09581150114536285,0
0,0.09581150114536285,0
0,0.09581150114536285,0
0,0.09581150114536285,0
0,0.09581150114536285,0
0,0.09581150114536285,0
0,0.09581150114536285,0
0,0.09581150114536285,0
0,0.09581150114536285,0
0,0.09581150114536285,0
0,0.09581150114536285,0
0,0.09581150114536285,0
0,0.09581150114536285,0
0,0.9178628325462341,0
0,0.8983813524246216,0
0,0.8995599746704102,0
0,0.912179708480835,0
0,0.9228140115737915,0
0,0.9415132403373718,0
0,0.927180290222168,0
0,0.9197559952735901,0
0,0.9021180272102356,0
0,0.8720818161964417,0
0,0.8306358456611633,0
0,0.846196711063385,0
0,0.8678840398788452,0
0,0.8688797354698181,0
0,0.8877605199813843,0
0,0.8910823464393616,0
0,0.8899272084236145,0
0,0.7822268605232239,0
0,0.7611483931541443,0
0,0.761753499507904,0
0,0.7940117120742798,0
0,0.820366621017456,0
0,0.8188794851303101,0
0,0.811379075050354,0
1,0.8284408450126648,0
0,0.8848080039024353,0
0,0.8978637456893921,0
0,0.9295533299446106,0
0,0.8632813096046448,0
0,0.8468464016914368,0
0,0.8307079672813416,0
0,0.8125883340835571,0
0,0.7851958274841309,0
0,0.7540867328643799,0
0,0.7434166669845581,0
0,0.7469439506530762,0
0,0.7541808485984802,0
0,0.7545438408851624,0
0,0.7282616496086121,0
1,0.6804725527763367,0
1,0.9057474136352539,0
1,0.966753363609314,0
1,0.9904239773750305,1
1,0.9955449104309082,1
0,0.9970368146896362,1
1,0.9616419076919556,0
1,0.9851942658424377,1
1,0.9902087450027466,1
1,0.9944171905517578,1
0,0.9983479976654053,1
1,0.9870935082435608,1
1,0.9946655035018921,1
0,0.9955670237541199,1
0,0.9829665422439575,1
0,0.9798468351364136,1
0,0.9777646064758301,1
0,0.9681772589683533,0
0,0.9567453265190125,0
1,0.9462496042251587,0
0,0.9695369005203247,0
0,0.9757835268974304,0
0,0.9739363193511963,0
0,0.9629226922988892,0
1,0.9511324763298035,0
0,0.9671121835708618,0
0,0.9758363962173462,0
0,0.9770590662956238,1
0,0.9684388041496277,0
0,0.9577640295028687,0
0,0.9489833116531372,0
0,0.9530999064445496,0
0,0.9545989632606506,0
0,0.9589247107505798,0
0,0.9593240022659302,0
0,0.9525750279426575,0
0,0.916108250617981,0
0,0.9201386570930481,0
0,0.912685751914978,0
0,0.8996480107307434,0
0,0.8946163058280945,0
0,0.8524362444877625,0
0,0.9098638296127319,0
0,0.9117662906646729,0
0,0.8331239223480225,0
0,0.7820022106170654,0
0,0.7459695339202881,0
0,0.7532836198806763,0
0,0.797614574432373,0
0,0.8283282518386841,0
0,0.8516644835472107,0
0,0.6955389380455017,0
0,0.670813798904419,0
0,0.6545332670211792,0
0,0.6471360921859741,0
0,0.5066333413124084,0
0,0.09581150114536285,0
0,0.09581150114536285,0
0,0.09581150114536285,0
0,0.09581150114536285,0
0,0.09581150114536285,0
0,0.09581150114536285,0
0,0.09581150114536285,0
0,0.09581150114536285,0
0,0.09581150114536285,0
0,0.09581150114536285,0
0,0.09581150114536285,0
0,0.09581150114536285,0
0,0.09581150114536285,0
0,0.09581150114536285,0
0,0.09581150114536285,0
0,0.09581150114536285,0
0,0.09581150114536285,0
0,0.09581150114536285,0
0,0.09581150114536285,0
0,0.09581150114536285,0
0,0.09581150114536285,0
0,0.09581150114536285,0
0,0.09581150114536285,0
0,0.09581150114536285,0
0,0.09581150114536285,0
0,0.09581150114536285,0
0,0.09581150114536285,0
0,0.09581150114536285,0
0,0.09581150114536285,0
0,0.09581150114536285,0
0,0.09581150114536285,0
0,0.09581150114536285,0
0,0.09581150114536285,0
0,0.09581150114536285,0
0,0.09581150114536285,0
0,0.09581150114536285,0
0,0.09581150114536285,0
0,0.09581150114536285,0
0,0.09581150114536285,0
0,0.09581150114536285,0
0,0.09581150114536285,0
0,0.09581150114536285,0
0,0.09581150114536285,0
0,0.09581150114536285,0
0,0.09581150114536285,0
0,0.09581150114536285,0
0,0.09581150114536285,0
0,0.09581150114536285,0
0,0.09581150114536285,0
0,0.09581150114536285,0
0,0.09581150114536285,0
0,0.09581150114536285,0
0,0.09581150114536285,0
1,0.09581150114536285,0
1,0.8923224210739136,0
0,0.981092631816864,1
0,0.9270108938217163,0
0,0.9185540676116943,0
0,0.8833516836166382,0
0,0.8689602017402649,0
0,0.8507657647132874,0
0,0.8275550007820129,0
1,0.7990856170654297,0
0,0.9365506172180176,0
0,0.9223398566246033,0
1,0.933272123336792,0
0,0.9664680361747742,0
0,0.9591821432113647,0
0,0.9480718374252319,0
0,0.9158542156219482,0
0,0.8903021812438965,0
0,0.8904030323028564,0
0,0.9028679728507996,0
0,0.9143633246421814,0
0,0.9236496090888977,0
0,0.934934139251709,0
0,0.9287846088409424,0
0,0.9095886945724487,0
0,0.8741934299468994,0
0,0.8291545510292053,0
0,0.85804283618927,0
0,0.8781024217605591,0
0,0.8731308579444885,0
0,0.8883060216903687,0
0,0.7851958274841309,0
0,0.7540867328643799,0
0,0.7434166669845581,0
0,0.7469439506530762,0
0,0.7541808485984802,0
0,0.7545438408851624,0
0,0.7282616496086121,0
0,0.6804725527763367,0
0,0.6562877893447876,0
0,0.6852715611457825,0
0,0.7351422905921936,0
0,0.7442667484283447,0
0,0.7101284265518188,0
0,0.6404545903205872,0
0,0.5794359445571899,0
0,0.5981054902076721,0
0,0.6770144104957581,0
0,0.7196396589279175,0
0,0.7175034880638123,0
0,0.6955389380455017,0
0,0.670813798904419,0
0,0.6545332670211792,0
0,0.6471360921859741,0
0,0.5066333413124084,0
0,0.09581150114536285,0
0,0.09581150114536285,0
0,0.09581150114536285,0
0,0.09581150114536285,0
0,0.09581150114536285,0
0,0.09581150114536285,0
0,0.09581150114536285,0
0,0.09581150114536285,0
0,0.09581150114536285,0
0,0.09581150114536285,0
0,0.09581150114536285,0
0,0.09581150114536285,0
0,0.09581150114536285,0
0,0.09581150114536285,0
0,0.09581150114536285,0
0,0.09581150114536285,0
0,0.09581150114536285,0
0,0.09581150114536285,0
0,0.09581150114536285,0
0,0.09581150114536285,0
0,0.09581150114536285,0
0,0.09581150114536285,0
0,0.09581150114536285,0
0,0.09581150114536285,0
0,0.09581150114536285,0
0,0.09581150114536285,0
0,0.09581150114536285,0
0,0.09581150114536285,0
0,0.09581150114536285,0
0,0.09581150114536285,0
0,0.09581150114536285,0
0,0.09581150114536285,0
0,0.09581150114536285,0
0,0.09581150114536285,0
0,0.09581150114536285,0
0,0.09581150114536285,0
0,0.09581150114536285,0
0,0.09581150114536285,0
0,0.09581150114536285,0
0,0.09581150114536285,0
0,0.09581150114536285,0
0,0.09581150114536285,0
0,0.09581150114536285,0
0,0.09581150114536285,0
0,0.09581150114536285,0
0,0.09581150114536285,0
0,0.09581150114536285,0
0,0.09581150114536285,0
0,0.09581150114536285,0
0,0.09581150114536285,0
0,0.09581150114536285,0
0,0.09581150114536285,0
0,0.09581150114536285,0
0,0.09581150114536285,0
0,0.09581150114536285,0
0,0.09581150114536285,0
0,0.09581150114536285,0
0,0.09581150114536285,0
0,0.09581150114536285,0
0,0.09581150114536285,0
0,0.09581150114536285,0
0,0.09581150114536285,0
0,0.09581150114536285,0
0,0.09581150114536285,0
0,0.09581150114536285,0
0,0.09581150114536285,0
0,0.09581150114536285,0
0,0.09581150114536285,0
0,0.09581150114536285,0
0,0.09581150114536285,0
0,0.09581150114536285,0
0,0.09581150114536285,0
0,0.09581150114536285,0
0,0.09581150114536285,0
0,0.09581150114536285,0
0,0.09581150114536285,0
0,0.09581150114536285,0
0,0.09581150114536285,0
0,0.09581150114536285,0
0,0.09581150114536285,0
0,0.09581150114536285,0
0,0.09581150114536285,0
0,0.09581150114536285,0
0,0.09581150114536285,0
0,0.09581150114536285,0
0,0.09581150114536285,0
0,0.09581150114536285,0
0,0.09581150114536285,0
0,0.09581150114536285,0
0,0.09581150114536285,0
0,0.09581150114536285,0
0,0.09581150114536285,0
0,0.09581150114536285,0
0,0.09581150114536285,0
0,0.09581150114536285,0
0,0.09581150114536285,0
0,0.09581150114536285,0
0,0.09581150114536285,0
0,0.09581150114536285,0
0,0.09581150114536285,0
0,0.09581150114536285,0
0,0.09581150114536285,0
0,0.09581150114536285,0
0,0.09581150114536285,0
0,0.09581150114536285,0
0,0.09581150114536285,0
0,0.09581150114536285,0
0,0.09581150114536285,0
0,0.09581150114536285,0
0,0.09581150114536285,0
0,0.09581150114536285,0
0,0.09581150114536285,0
0,0.09581150114536285,0
0,0.09581150114536285,0
0,0.09581150114536285,0
0,0.09581150114536285,0
0,0.09581150114536285,0
0,0.09581150114536285,0
0,0.09581150114536285,0
0,0.09581150114536285,0
0,0.09581150114536285,0
0,0.09581150114536285,0
0,0.09581150114536285,0
0,0.09581150114536285,0
0,0.09581150114536285,0
0,0.09581150114536285,0
0,0.09581150114536285,0
0,0.09581150114536285,0
0,0.09581150114536285,0
0,0.09581150114536285,0
0,0.09581150114536285,0
0,0.09581150114536285,0
0,0.09581150114536285,0
0,0.09581150114536285,0
0,0.09581150114536285,0
0,0.09581150114536285,0
0,0.09581150114536285,0
0,0.09581150114536285,0
0,0.09581150114536285,0
0,0.09581150114536285,0
0,0.09581150114536285,0
0,0.09581150114536285,0
0,0.09581150114536285,0
0,0.09581150114536285,0
0,0.09581150114536285,0
0,0.09581150114536285,0
0,0.09581150114536285,0
0,0.09581150114536285,0
0,0.09581150114536285,0
0,0.09581150114536285,0
0,0.09581150114536285,0
0,0.09581150114536285,0
0,0.09581150114536285,0
0,0.09581150114536285,0
0,0.09581150114536285,0
0,0.09581150114536285,0
0,0.09581150114536285,0
0,0.09581150114536285,0
0,0.09581150114536285,0
0,0.09581150114536285,0
0,0.09581150114536285,0
0,0.09581150114536285,0
0,0.09581150114536285,0
0,0.09581150114536285,0
0,0.09581150114536285,0
0,0.09581150114536285,0
0,0.09581150114536285,0
0,0.09581150114536285,0
0,0.09581150114536285,0
0,0.09581150114536285,0
0,0.09581150114536285,0
0,0.09581150114536285,0
0,0.09581150114536285,0
0,0.09581150114536285,0
0,0.09581150114536285,0
0,0.09581150114536285,0
0,0.09581150114536285,0
0,0.09581150114536285,0
0,0.09581150114536285,0
0,0.09581150114536285,0
0,0.09581150114536285,0
0,0.09581150114536285,0
0,0.09581150114536285,0
0,0.09581150114536285,0
0,0.09581150114536285,0
0,0.09581150114536285,0
0,0.09581150114536285,0
0,0.09581150114536285,0
0,0.09581150114536285,0
0,0.09581150114536285,0
0,0.09581150114536285,0
0,0.09581150114536285,0
0,0.09581150114536285,0
0,0.09581150114536285,0
1,0.09581150114536285,0
0,0.8923224210739136,0
0,0.8895574808120728,0
0,0.883767306804657,0
0,0.8632813096046448,0
0,0.8468464016914368,0
0,0.8307079672813416,0
0,0.8125883340835571,0
0,0.7851958274841309,0
0,0.7540867328643799,0
0,0.7434166669845581,0
0,0.7469439506530762,0
0,0.7541808485984802,0
0,0.7545438408851624,0
0,0.7282616496086121,0
0,0.6804725527763367,0
0,0.6562877893447876,0
0,0.6852715611457825,0
0,0.7351422905921936,0
0,0.7442667484283447,0
0,0.7101284265518188,0
0,0.6404545903205872,0
0,0.5794359445571899,0
0,0.5981054902076721,0
0,0.6770144104957581,0
0,0.7196396589279175,0
0,0.7175034880638123,0
0,0.6955389380455017,0
0,0.670813798904419,0
0,0.6545332670211792,0
0,0.6471360921859741,0
0,0.5066333413124084,0
0,0.09581150114536285,0
0,0.09581150114536285,0
0,0.09581150114536285,0
0,0.09581150114536285,0
0,0.09581150114536285,0
0,0.09581150114536285,0
0,0.09581150114536285,0
0,0.09581150114536285,0
0,0.09581150114536285,0
0,0.09581150114536285,0
0,0.09581150114536285,0
0,0.09581150114536285,0
0,0.09581150114536285,0
0,0.09581150114536285,0
0,0.09581150114536285,0
0,0.09581150114536285,0
0,0.09581150114536285,0
0,0.09581150114536285,0
0,0.09581150114536285,0
0,0.09581150114536285,0
0,0.09581150114536285,0
0,0.09581150114536285,0
0,0.09581150114536285,0
0,0.09581150114536285,0
0,0.09581150114536285,0
0,0.09581150114536285,0
0,0.09581150114536285,0
0,0.09581150114536285,0
0,0.09581150114536285,0
0,0.09581150114536285,0
0,0.09581150114536285,0
0,0.09581150114536285,0
0,0.09581150114536285,0
0,0.09581150114536285,0
0,0.09581150114536285,0
0,0.09581150114536285,0
0,0.09581150114536285,0
0,0.09581150114536285,0
0,0.09581150114536285,0
0,0.09581150114536285,0
0,0.09581150114536285,0
0,0.09581150114536285,0
0,0.09581150114536285,0
0,0.09581150114536285,0
0,0.09581150114536285,0
0,0.09581150114536285,0
0,0.09581150114536285,0
0,0.09581150114536285,0
0,0.09581150114536285,0
0,0.09581150114536285,0
0,0.09581150114536285,0
0,0.09581150114536285,0
0,0.09581150114536285,0
0,0.09581150114536285,0
0,0.09581150114536285,0
0,0.09581150114536285,0
0,0.09581150114536285,0
0,0.09581150114536285,0
0,0.09581150114536285,0
0,0.09581150114536285,0
0,0.09581150114536285,0
0,0.09581150114536285,0
0,0.09581150114536285,0
0,0.09581150114536285,0
0,0.09581150114536285,0
0,0.09581150114536285,0
0,0.09581150114536285,0
0,0.09581150114536285,0
0,0.09581150114536285,0
0,0.09581150114536285,0
0,0.09581150114536285,0
0,0.09581150114536285,0
0,0.09581150114536285,0
0,0.09581150114536285,0
0,0.09581150114536285,0
0,0.09581150114536285,0
0,0.09581150114536285,0
0,0.09581150114536285,0
0,0.09581150114536285,0
0,0.09581150114536285,0
0,0.09581150114536285,0
0,0.09581150114536285,0
0,0.09581150114536285,0
0,0.09581150114536285,0
0,0.09581150114536285,0
0,0.09581150114536285,0
0,0.09581150114536285,0
0,0.09581150114536285,0
0,0.09581150114536285,0
0,0.09581150114536285,0
0,0.09581150114536285,0
0,0.09581150114536285,0
0,0.09581150114536285,0
0,0.09581150114536285,0
0,0.09581150114536285,0
0,0.09581150114536285,0
0,0.09581150114536285,0
0,0.09581150114536285,0
0,0.09581150114536285,0
0,0.09581150114536285,0
0,0.09581150114536285,0
0,0.09581150114536285,0
0,0.09581150114536285,0
0,0.09581150114536285,0
0,0.09581150114536285,0
0,0.09581150114536285,0
0,0.09581150114536285,0
0,0.09581150114536285,0
0,0.09581150114536285,0
0,0.09581150114536285,0
0,0.09581150114536285,0
0,0.09581150114536285,0
0,0.09581150114536285,0
0,0.09581150114536285,0
0,0.09581150114536285,0
0,0.09581150114536285,0
0,0.09581150114536285,0
0,0.09581150114536285,0
0,0.09581150114536285,0
0,0.09581150114536285,0
0,0.09581150114536285,0
0,0.09581150114536285,0
0,0.09581150114536285,0
0,0.09581150114536285,0
0,0.09581150114536285,0
0,0.09581150114536285,0
0,0.09581150114536285,0
0,0.09581150114536285,0
0,0.09581150114536285,0
0,0.09581150114536285,0
0,0.09581150114536285,0
0,0.09581150114536285,0
0,0.09581150114536285,0
0,0.09581150114536285,0
0,0.09581150114536285,0
0,0.09581150114536285,0
0,0.09581150114536285,0
0,0.09581150114536285,0
0,0.09581150114536285,0
0,0.09581150114536285,0
0,0.09581150114536285,0
0,0.09581150114536285,0
0,0.09581150114536285,0
0,0.09581150114536285,0
0,0.09581150114536285,0
0,0.09581150114536285,0
0,0.09581150114536285,0
0,0.09581150114536285,0
0,0.09581150114536285,0
0,0.09581150114536285,0
0,0.09581150114536285,0
0,0.09581150114536285,0
0,0.09581150114536285,0
0,0.09581150114536285,0
0,0.09581150114536285,0
0,0.09581150114536285,0
0,0.09581150114536285,0
0,0.09581150114536285,0
0,0.09581150114536285,0
0,0.09581150114536285,0
0,0.09581150114536285,0
0,0.09581150114536285,0
0,0.09581150114536285,0
0,0.09581150114536285,0
0,0.09581150114536285,0
0,0.09581150114536285,0
0,0.09581150114536285,0
0,0.09581150114536285,0
0,0.09581150114536285,0
0,0.09581150114536285,0
0,0.09581150114536285,0
0,0.09581150114536285,0
0,0.09581150114536285,0
0,0.09581150114536285,0
0,0.09581150114536285,0
0,0.09581150114536285,0
0,0.09581150114536285,0
0,0.09581150114536285,0
0,0.09581150114536285,0
0,0.09581150114536285,0
0,0.09581150114536285,0
0,0.09581150114536285,0
0,0.09581150114536285,0
0,0.09581150114536285,0
0,0.09581150114536285,0
0,0.09581150114536285,0
0,0.09581150114536285,0
0,0.09581150114536285,0
0,0.09581150114536285,0
0,0.09581150114536285,0
0,0.09581150114536285,0
0,0.09581150114536285,0
0,0.09581150114536285,0
0,0.09581150114536285,0
0,0.09581150114536285,0
0,0.09581150114536285,0
0,0.09581150114536285,0
0,0.09581150114536285,0
0,0.09581150114536285,0
0,0.09581150114536285,0
0,0.09581150114536285,0
0,0.09581150114536285,0
0,0.09581150114536285,0
0,0.09581150114536285,0
0,0.09581150114536285,0
0,0.09581150114536285,0
0,0.09581150114536285,0
0,0.09581150114536285,0
0,0.09581150114536285,0
0,0.09581150114536285,0
0,0.09581150114536285,0
0,0.09581150114536285,0
0,0.09581150114536285,0
0,0.09581150114536285,0
0,0.09581150114536285,0
0,0.09581150114536285,0
0,0.09581150114536285,0
0,0.09581150114536285,0
0,0.09581150114536285,0
0,0.09581150114536285,0
0,0.09581150114536285,0
0,0.09581150114536285,0
0,0.09581150114536285,0
0,0.09581150114536285,0
0,0.09581150114536285,0
0,0.09581150114536285,0
0,0.09581150114536285,0
0,0.09581150114536285,0
0,0.09581150114536285,0
0,0.09581150114536285,0
0,0.09581150114536285,0
0,0.09581150114536285,0
0,0.09581150114536285,0
0,0.09581150114536285,0
0,0.09581150114536285,0
0,0.09581150114536285,0
0,0.09581150114536285,0
0,0.09581150114536285,0
0,0.09581150114536285,0
0,0.09581150114536285,0
0,0.09581150114536285,0
0,0.09581150114536285,0
0,0.09581150114536285,0
0,0.09581150114536285,0
0,0.09581150114536285,0
0,0.09581150114536285,0
0,0.09581150114536285,0
0,0.09581150114536285,0
0,0.09581150114536285,0
0,0.09581150114536285,0
0,0.09581150114536285,0
0,0.09581150114536285,0
0,0.09581150114536285,0
0,0.09581150114536285,0
0,0.09581150114536285,0
0,0.09581150114536285,0
0,0.09581150114536285,0
0,0.09581150114536285,0
1,0.09581150114536285,0
0,0.8923224210739136,0
0,0.8895574808120728,0
0,0.883767306804657,0
0,0.8632813096046448,0
0,0.8468464016914368,0
0,0.8307079672813416,0
0,0.8125883340835571,0
0,0.7851958274841309,0
0,0.7540867328643799,0
0,0.7434166669845581,0
0,0.7469439506530762,0
0,0.7541808485984802,0
0,0.7545438408851624,0
0,0.7282616496086121,0
0,0.6804725527763367,0
0,0.6562877893447876,0
0,0.6852715611457825,0
0,0.7351422905921936,0
0,0.7442667484283447,0
0,0.7101284265518188,0
0,0.6404545903205872,0
0,0.5794359445571899,0
0,0.5981054902076721,0
0,0.6770144104957581,0
0,0.7196396589279175,0
0,0.7175034880638123,0
0,0.6955389380455017,0
0,0.670813798904419,0
0,0.09581150114536285,0
0,0.09581150114536285,0
0,0.09581150114536285,0
0,0.09581150114536285,0
0,0.09581150114536285,0
0,0.09581150114536285,0
0,0.09581150114536285,0
0,0.09581150114536285,0
0,0.09581150114536285,0
0,0.09581150114536285,0
0,0.09581150114536285,0
0,0.09581150114536285,0
0,0.09581150114536285,0
0,0.09581150114536285,0
0,0.09581150114536285,0
0,0.09581150114536285,0
0,0.09581150114536285,0
0,0.09581150114536285,0
0,0.09581150114536285,0
0,0.09581150114536285,0
0,0.09581150114536285,0
0,0.09581150114536285,0
0,0.09581150114536285,0
0,0.09581150114536285,0
0,0.09581150114536285,0
0,0.09581150114536285,0
0,0.09581150114536285,0
0,0.09581150114536285,0
0,0.09581150114536285,0
0,0.09581150114536285,0
0,0.09581150114536285,0
0,0.09581150114536285,0
0,0.09581150114536285,0
0,0.09581150114536285,0
0,0.09581150114536285,0
0,0.09581150114536285,0
0,0.09581150114536285,0
0,0.09581150114536285,0
0,0.09581150114536285,0
0,0.09581150114536285,0
0,0.09581150114536285,0
0,0.09581150114536285,0
0,0.09581150114536285,0
0,0.09581150114536285,0
0,0.09581150114536285,0
0,0.09581150114536285,0
0,0.09581150114536285,0
0,0.09581150114536285,0
0,0.09581150114536285,0
0,0.09581150114536285,0
0,0.09581150114536285,0
0,0.09581150114536285,0
0,0.09581150114536285,0
0,0.09581150114536285,0
0,0.09581150114536285,0
0,0.09581150114536285,0
0,0.09581150114536285,0
0,0.09581150114536285,0
0,0.09581150114536285,0
0,0.09581150114536285,0
0,0.09581150114536285,0
0,0.09581150114536285,0
0,0.09581150114536285,0
0,0.09581150114536285,0
0,0.09581150114536285,0
0,0.09581150114536285,0
0,0.09581150114536285,0
0,0.09581150114536285,0
0,0.09581150114536285,0
0,0.09581150114536285,0
0,0.09581150114536285,0
0,0.09581150114536285,0
0,0.09581150114536285,0
0,0.09581150114536285,0
0,0.09581150114536285,0
0,0.09581150114536285,0
0,0.09581150114536285,0
0,0.09581150114536285,0
0,0.09581150114536285,0
0,0.09581150114536285,0
0,0.09581150114536285,0
0,0.09581150114536285,0
0,0.09581150114536285,0
0,0.09581150114536285,0
0,0.09581150114536285,0
0,0.09581150114536285,0
0,0.09581150114536285,0
0,0.09581150114536285,0
0,0.09581150114536285,0
0,0.09581150114536285,0
0,0.09581150114536285,0
0,0.09581150114536285,0
0,0.09581150114536285,0
0,0.09581150114536285,0
0,0.09581150114536285,0
0,0.09581150114536285,0
0,0.09581150114536285,0
0,0.09581150114536285,0
0,0.09581150114536285,0
0,0.09581150114536285,0
0,0.09581150114536285,0
0,0.09581150114536285,0
0,0.09581150114536285,0
0,0.09581150114536285,0
0,0.09581150114536285,0
0,0.09581150114536285,0
0,0.09581150114536285,0
0,0.09581150114536285,0
0,0.09581150114536285,0
0,0.09581150114536285,0
0,0.09581150114536285,0
0,0.09581150114536285,0
0,0.09581150114536285,0
0,0.09581150114536285,0
0,0.09581150114536285,0
0,0.09581150114536285,0
0,0.09581150114536285,0
0,0.09581150114536285,0
0,0.09581150114536285,0
0,0.09581150114536285,0
0,0.09581150114536285,0
0,0.09581150114536285,0
0,0.09581150114536285,0
0,0.09581150114536285,0
0,0.09581150114536285,0
0,0.09581150114536285,0
0,0.09581150114536285,0
0,0.09581150114536285,0
0,0.09581150114536285,0
0,0.09581150114536285,0
0,0.09581150114536285,0
0,0.09581150114536285,0
0,0.09581150114536285,0
0,0.09581150114536285,0
0,0.09581150114536285,0
0,0.09581150114536285,0
0,0.09581150114536285,0
0,0.09581150114536285,0
0,0.09581150114536285,0
0,0.09581150114536285,0
0,0.09581150114536285,0
0,0.09581150114536285,0
0,0.09581150114536285,0
0,0.09581150114536285,0
0,0.09581150114536285,0
0,0.09581150114536285,0
0,0.09581150114536285,0
0,0.09581150114536285,0
0,0.09581150114536285,0
0,0.09581150114536285,0
0,0.09581150114536285,0
0,0.09581150114536285,0
0,0.09581150114536285,0
0,0.09581150114536285,0
0,0.09581150114536285,0
0,0.09581150114536285,0
0,0.09581150114536285,0
0,0.09581150114536285,0
0,0.09581150114536285,0
0,0.09581150114536285,0
0,0.09581150114536285,0
0,0.09581150114536285,0
0,0.09581150114536285,0
0,0.09581150114536285,0
0,0.09581150114536285,0
0,0.09581150114536285,0
0,0.09581150114536285,0
0,0.09581150114536285,0
0,0.09581150114536285,0
0,0.09581150114536285,0
0,0.09581150114536285,0
0,0.09581150114536285,0
0,0.09581150114536285,0
0,0.09581150114536285,0
0,0.09581150114536285,0
0,0.09581150114536285,0
0,0.09581150114536285,0
0,0.09581150114536285,0
0,0.09581150114536285,0
0,0.747269868850708,0
0,0.7338641285896301,0
1,0.7327516078948975,0
0,0.9666525721549988,0
0,0.956586480140686,0
0,0.9558780789375305,0
0,0.9132196307182312,0
0,0.8468464016914368,0
1,0.8307079672813416,0
0,0.9457144141197205,0
0,0.9225099682807922,0
0,0.9245020747184753,0
0,0.9154008626937866,0
0,0.9241815209388733,0
0,0.9272721409797668,0
0,0.9188894629478455,0
0,0.8967011570930481,0
0,0.8542848229408264,0
0,0.8172405362129211,0
0,0.8280664682388306,0
0,0.861328661441803,0
0,0.8697052597999573,0
0,0.8494521379470825,0
0,0.804029643535614,0
0,0.7814332246780396,0
0,0.8045287132263184,0
0,0.8401205539703369,0
0,0.8531808257102966,0
0,0.8308587074279785,0
0,0.7805494666099548,0
0,0.7440207600593567,0
0,0.7545043230056763,0
0,0.8002261519432068,0
1,0.8534634113311768,0
0,0.8907394409179688,0
0,0.8999349474906921,0
0,0.9096338748931885,0
0,0.8922722935676575,0
0,0.8853427767753601,0
0,0.8990108966827393,0
0,0.8125883340835571,0
0,0.7851958274841309,0
0,0.7540867328643799,0
0,0.7434166669845581,0
0,0.7469439506530762,0
0,0.7541808485984802,0
0,0.7545438408851624,0
0,0.7282616496086121,0
0,0.6804725527763367,0
0,0.6562877893447876,0
0,0.6852715611457825,0
0,0.7351422905921936,0
0,0.7442667484283447,0
0,0.7101284265518188,0
0,0.6404545903205872,0
0,0.5794359445571899,0
0,0.5981054902076721,0
0,0.6770144104957581,0
0,0.7196396589279175,0
0,0.7175034880638123,0
0,0.6955389380455017,0
0,0.670813798904419,0
0,0.6545332670211792,0
0,0.6471360921859741,0
0,0.5066333413124084,0
0,0.09581150114536285,0
0,0.09581150114536285,0
0,0.09581150114536285,0
0,0.09581150114536285,0
0,0.09581150114536285,0
0,0.09581150114536285,0
0,0.09581150114536285,0
0,0.09581150114536285,0
0,0.09581150114536285,0
0,0.09581150114536285,0
0,0.09581150114536285,0
0,0.09581150114536285,0
0,0.09581150114536285,0
0,0.09581150114536285,0
0,0.09581150114536285,0
0,0.09581150114536285,0
0,0.09581150114536285,0
0,0.09581150114536285,0
0,0.09581150114536285,0
0,0.09581150114536285,0
0,0.09581150114536285,0
0,0.09581150114536285,0
0,0.09581150114536285,0
0,0.09581150114536285,0
0,0.09581150114536285,0
0,0.09581150114536285,0
0,0.09581150114536285,0
0,0.09581150114536285,0
0,0.09581150114536285,0
0,0.09581150114536285,0
0,0.09581150114536285,0
0,0.09581150114536285,0
0,0.09581150114536285,0
0,0.09581150114536285,0
0,0.09581150114536285,0
0,0.09581150114536285,0
0,0.09581150114536285,0
0,0.09581150114536285,0
0,0.09581150114536285,0
0,0.09581150114536285,0
0,0.09581150114536285,0
0,0.09581150114536285,0
0,0.09581150114536285,0
0,0.09581150114536285,0
0,0.09581150114536285,0
0,0.09581150114536285,0
0,0.09581150114536285,0
0,0.09581150114536285,0
0,0.09581150114536285,0
0,0.09581150114536285,0
0,0.09581150114536285,0
0,0.09581150114536285,0
0,0.09581150114536285,0
0,0.09581150114536285,0
0,0.09581150114536285,0
0,0.09581150114536285,0
0,0.09581150114536285,0
0,0.09581150114536285,0
0,0.09581150114536285,0
0,0.09581150114536285,0
0,0.09581150114536285,0
0,0.09581150114536285,0
0,0.09581150114536285,0
0,0.09581150114536285,0
0,0.09581150114536285,0
0,0.09581150114536285,0
0,0.09581150114536285,0
0,0.09581150114536285,0
0,0.09581150114536285,0
0,0.09581150114536285,0
0,0.09581150114536285,0
0,0.09581150114536285,0
0,0.09581150114536285,0
0,0.09581150114536285,0
0,0.09581150114536285,0
0,0.09581150114536285,0
0,0.09581150114536285,0
0,0.09581150114536285,0
0,0.09581150114536285,0
0,0.09581150114536285,0
0,0.09581150114536285,0
0,0.09581150114536285,0
0,0.09581150114536285,0
0,0.09581150114536285,0
0,0.09581150114536285,0
0,0.09581150114536285,0
0,0.09581150114536285,0
0,0.09581150114536285,0
1,0.09581150114536285,0
0,0.8923224210739136,0
0,0.8895574808120728,0
0,0.883767306804657,0
0,0.8632813096046448,0
0,0.8468464016914368,0
0,0.8307079672813416,0
0,0.8125883340835571,0
0,0.7851958274841309,0
0,0.7540867328643799,0
0,0.7434166669845581,0
0,0.7469439506530762,0
0,0.7541808485984802,0
0,0.7545438408851624,0
0,0.7282616496086121,0
0,0.6804725527763367,0
0,0.6562877893447876,0
0,0.6852715611457825,0
0,0.7351422905921936,0
0,0.7442667484283447,0
0,0.7101284265518188,0
1,0.6404545903205872,0
0,0.8185913562774658,0
0,0.8816912174224854,0
0,0.9049597978591919,0
0,0.8916125893592834,0
0,0.9565850496292114,0
0,0.9646737575531006,0
0,0.9569417834281921,0
0,0.95513916015625,0
0,0.9548220038414001,0
0,0.9486551284790039,0
0,0.9170424342155457,0
0,0.9179065823554993,0
0,0.9267975687980652,0
0,0.9358285665512085,0
0,0.9460470676422119,0
0,0.9363569021224976,0
0,0.863975465297699,0
0,0.8177352547645569,0
0,0.8626818656921387,0
0,0.8847265243530273,0
0,0.8330921530723572,0
0,0.8531233072280884,0
0,0.8373687863349915,0
0,0.7858082056045532,0
0,0.7453361749649048,0
0,0.7543200850486755,0
0,0.832466721534729,0
0,0.7196396589279175,0
1,0.7175034880638123,0
1,0.8885724544525146,0
1,0.9534099698066711,0
1,0.988463819026947,1
0,0.9948712587356567,1
0,0.976042628288269,1
0,0.942573070526123,0
0,0.8941049575805664,0
0,0.8744238615036011,0
0,0.8507870435714722,0
0,0.8156508803367615,0
1,0.7756418585777283,0
0,0.9465343952178955,0
0,0.922321617603302,0
0,0.930303692817688,0
0,0.9144999384880066,0
0,0.8967646956443787,0
1,0.890812337398529,0
0,0.9449219703674316,0
0,0.927711546421051,0
0,0.928722620010376,0
0,0.9175578951835632,0
0,0.9177982211112976,0
0,0.9287457466125488,0
0,0.9353919625282288,0
0,0.9247756004333496,0
0,0.8949409127235413,0
0,0.8814377784729004,0
0,0.8844874501228333,0
0,0.8953168988227844,0
0,0.8931479454040527,0
0,0.9028537273406982,0
0,0.8744656443595886,0
0,0.8624423742294312,0
0,0.880027711391449,0
0,0.8401205539703369,0
0,0.8531808257102966,0
0,0.8308587074279785,0
0,0.7805494666099548,0
0,0.7440207600593567,0
0,0.7545043230056763,0
0,0.8002261519432068,0
0,0.8534634113311768,0
0,0.7175034880638123,0
0,0.6955389380455017,0
0,0.670813798904419,0
0,0.6545332670211792,0
0,0.6471360921859741,0
0,0.5066333413124084,0
0,0.09581150114536285,0
0,0.09581150114536285,0
0,0.09581150114536285,0
0,0.09581150114536285,0
0,0.09581150114536285,0
0,0.09581150114536285,0
0,0.09581150114536285,0
0,0.09581150114536285,0
0,0.09581150114536285,0
0,0.09581150114536285,0
0,0.09581150114536285,0
0,0.09581150114536285,0
0,0.09581150114536285,0
0,0.09581150114536285,0
0,0.09581150114536285,0
0,0.09581150114536285,0
0,0.09581150114536285,0
0,0.09581150114536285,0
0,0.09581150114536285,0
0,0.09581150114536285,0
0,0.09581150114536285,0
0,0.09581150114536285,0
0,0.09581150114536285,0
0,0.09581150114536285,0
0,0.09581150114536285,0
0,0.09581150114536285,0
0,0.09581150114536285,0
0,0.09581150114536285,0
0,0.09581150114536285,0
0,0.09581150114536285,0
0,0.09581150114536285,0
0,0.09581150114536285,0
0,0.09581150114536285,0
0,0.09581150114536285,0
0,0.09581150114536285,0
0,0.09581150114536285,0
0,0.09581150114536285,0
0,0.09581150114536285,0
0,0.09581150114536285,0
0,0.09581150114536285,0
0,0.09581150114536285,0
0,0.09581150114536285,0
0,0.09581150114536285,0
0,0.09581150114536285,0
0,0.09581150114536285,0
0,0.09581150114536285,0
0,0.09581150114536285,0
0,0.09581150114536285,0
0,0.09581150114536285,0
0,0.09581150114536285,0
0,0.09581150114536285,0
0,0.09581150114536285,0
0,0.09581150114536285,0
0,0.09581150114536285,0
0,0.09581150114536285,0
0,0.09581150114536285,0
0,0.09581150114536285,0
0,0.09581150114536285,0
0,0.09581150114536285,0
0,0.09581150114536285,0
0,0.09581150114536285,0
0,0.09581150114536285,0
0,0.09581150114536285,0
0,0.09581150114536285,0
0,0.09581150114536285,0
0,0.09581150114536285,0
0,0.09581150114536285,0
0,0.09581150114536285,0
0,0.09581150114536285,0
0,0.09581150114536285,0
0,0.09581150114536285,0
0,0.09581150114536285,0
0,0.09581150114536285,0
0,0.09581150114536285,0
0,0.09581150114536285,0
0,0.09581150114536285,0
0,0.09581150114536285,0
0,0.09581150114536285,0
0,0.09581150114536285,0
0,0.09581150114536285,0
0,0.09581150114536285,0
0,0.09581150114536285,0
0,0.09581150114536285,0
0,0.09581150114536285,0
0,0.09581150114536285,0
0,0.09581150114536285,0
0,0.09581150114536285,0
0,0.09581150114536285,0
0,0.09581150114536285,0
0,0.09581150114536285,0
1,0.09581150114536285,0
0,0.8923224210739136,0
0,0.8895574808120728,0
0,0.883767306804657,0
0,0.8632813096046448,0
0,0.8468464016914368,0
0,0.8307079672813416,0
0,0.8125883340835571,0
0,0.7851958274841309,0
0,0.7540867328643799,0
0,0.7434166669845581,0
0,0.7469439506530762,0
0,0.7541808485984802,0
0,0.7545438408851624,0
0,0.7282616496086121,0
0,0.6804725527763367,0
0,0.9628216028213501,0
0,0.961144208908081,0
0,0.9613369703292847,0
0,0.9594246745109558,0
0,0.9577322006225586,0
0,0.9528324007987976,0
0,0.945396363735199,0
0,0.9449660181999207,0
0,0.9424601793289185,0
0,0.9366372227668762,0
0,0.9292159080505371,0
0,0.9233548641204834,0
0,0.9208845496177673,0
0,0.9201856255531311,0
0,0.8675889372825623,0
0,0.8741393089294434,0
0,0.8882830142974854,0
0,0.8859547972679138,0
0,0.8656622171401978,0
0,0.8390587568283081,0
0,0.8238548040390015,0
0,0.8267478942871094,0
0,0.8394107818603516,0
0,0.8608097434043884,0
0,0.826300859451294,0
0,0.841177225112915,0
0,0.670813798904419,0
0,0.6545332670211792,0
0,0.6471360921859741,0
0,0.5066333413124084,0
0,0.09581150114536285,0
0,0.09581150114536285,0
0,0.09581150114536285,0
0,0.09581150114536285,0
0,0.09581150114536285,0
0,0.09581150114536285,0
0,0.09581150114536285,0
0,0.09581150114536285,0
0,0.09581150114536285,0
0,0.09581150114536285,0
0,0.09581150114536285,0
0,0.09581150114536285,0
0,0.09581150114536285,0
0,0.09581150114536285,0
0,0.09581150114536285,0
0,0.09581150114536285,0
0,0.09581150114536285,0
0,0.09581150114536285,0
1,0.09581150114536285,0
0,0.8923224210739136,0
0,0.8895574808120728,0
0,0.883767306804657,0
0,0.8632813096046448,0
0,0.8468464016914368,0
0,0.8307079672813416,0
0,0.8125883340835571,0
0,0.7851958274841309,0
0,0.7540867328643799,0
0,0.7434166669845581,0
0,0.7469439506530762,0
0,0.7541808485984802,0
0,0.7545438408851624,0
0,0.7282616496086121,0
0,0.6804725527763367,0
0,0.6562877893447876,0
0,0.6852715611457825,0
0,0.7351422905921936,0
0,0.7442667484283447,0
0,0.7101284265518188,0
0,0.6404545903205872,0
0,0.5794359445571899,0
0,0.5981054902076721,0
0,0.6770144104957581,0
0,0.7196396589279175,0
0,0.7175034880638123,0
0,0.6955389380455017,0
0,0.670813798904419,0
0,0.6545332670211792,0
0,0.6471360921859741,0
0,0.5066333413124084,0
0,0.09581150114536285,0
0,0.09581150114536285,0
0,0.09581150114536285,0
0,0.09581150114536285,0
0,0.09581150114536285,0
0,0.09581150114536285,0
0,0.09581150114536285,0
0,0.09581150114536285,0
0,0.09581150114536285,0
0,0.09581150114536285,0
0,0.09581150114536285,0
0,0.09581150114536285,0
0,0.09581150114536285,0
0,0.09581150114536285,0
0,0.09581150114536285,0
0,0.09581150114536285,0
0,0.09581150114536285,0
0,0.09581150114536285,0
0,0.09581150114536285,0
0,0.09581150114536285,0
0,0.09581150114536285,0
0,0.09581150114536285,0
0,0.09581150114536285,0
0,0.09581150114536285,0
0,0.09581150114536285,0
0,0.09581150114536285,0
1,0.09581150114536285,0
0,0.8923224210739136,0
0,0.8895574808120728,0
0,0.883767306804657,0
0,0.8632813096046448,0
0,0.8468464016914368,0
0,0.8307079672813416,0
0,0.8125883340835571,0
0,0.7851958274841309,0
0,0.7540867328643799,0
0,0.7434166669845581,0
0,0.7469439506530762,0
0,0.7541808485984802,0
0,0.7545438408851624,0
0,0.7282616496086121,0
0,0.6804725527763367,0
0,0.6562877893447876,0
0,0.6852715611457825,0
0,0.7351422905921936,0
0,0.7442667484283447,0
0,0.7101284265518188,0
0,0.6404545903205872,0
0,0.5794359445571899,0
0,0.5981054902076721,0
0,0.6770144104957581,0
0,0.7196396589279175,0
0,0.7175034880638123,0
0,0.6955389380455017,0
0,0.670813798904419,0
0,0.6545332670211792,0
0,0.6471360921859741,0
0,0.5066333413124084,0
0,0.09581150114536285,0
0,0.09581150114536285,0
0,0.09581150114536285,0
0,0.09581150114536285,0
0,0.09581150114536285,0
0,0.09581150114536285,0
0,0.09581150114536285,0
0,0.09581150114536285,0
0,0.09581150114536285,0
0,0.09581150114536285,0
0,0.09581150114536285,0
0,0.09581150114536285,0
0,0.09581150114536285,0
0,0.09581150114536285,0
0,0.09581150114536285,0
0,0.09581150114536285,0
0,0.09581150114536285,0
0,0.09581150114536285,0
0,0.09581150114536285,0
0,0.09581150114536285,0
0,0.09581150114536285,0
0,0.09581150114536285,0
0,0.09581150114536285,0
0,0.09581150114536285,0
0,0.09581150114536285,0
0,0.09581150114536285,0
0,0.09581150114536285,0
0,0.09581150114536285,0
0,0.09581150114536285,0
0,0.09581150114536285,0
0,0.09581150114536285,0
0,0.09581150114536285,0
0,0.09581150114536285,0
0,0.09581150114536285,0
0,0.09581150114536285,0
0,0.09581150114536285,0
0,0.09581150114536285,0
0,0.09581150114536285,0
0,0.09581150114536285,0
0,0.09581150114536285,0
0,0.09581150114536285,0
0,0.09581150114536285,0
0,0.09581150114536285,0
0,0.09581150114536285,0
0,0.09581150114536285,0
0,0.09581150114536285,0
0,0.09581150114536285,0
0,0.09581150114536285,0
0,0.09581150114536285,0
0,0.09581150114536285,0
0,0.09581150114536285,0
0,0.09581150114536285,0
0,0.09581150114536285,0
0,0.09581150114536285,0
0,0.09581150114536285,0
0,0.09581150114536285,0
0,0.09581150114536285,0
0,0.09581150114536285,0
0,0.09581150114536285,0
0,0.09581150114536285,0
0,0.09581150114536285,0
0,0.09581150114536285,0
0,0.09581150114536285,0
0,0.09581150114536285,0
0,0.09581150114536285,0
0,0.09581150114536285,0
0,0.09581150114536285,0
0,0.09581150114536285,0
0,0.09581150114536285,0
0,0.09581150114536285,0
0,0.09581150114536285,0
0,0.09581150114536285,0
0,0.09581150114536285,0
0,0.09581150114536285,0
0,0.09581150114536285,0
0,0.09581150114536285,0
0,0.09581150114536285,0
0,0.09581150114536285,0
0,0.09581150114536285,0
0,0.09581150114536285,0
0,0.09581150114536285,0
0,0.09581150114536285,0
0,0.09581150114536285,0
0,0.09581150114536285,0
0,0.09581150114536285,0
0,0.09581150114536285,0
0,0.09581150114536285,0
0,0.09581150114536285,0
0,0.09581150114536285,0
0,0.09581150114536285,0
0,0.09581150114536285,0
0,0.09581150114536285,0
0,0.09581150114536285,0
0,0.09581150114536285,0
0,0.09581150114536285,0
0,0.09581150114536285,0
0,0.09581150114536285,0
0,0.09581150114536285,0
0,0.09581150114536285,0
0,0.09581150114536285,0
0,0.09581150114536285,0
0,0.09581150114536285,0
0,0.09581150114536285,0
0,0.09581150114536285,0
0,0.09581150114536285,0
0,0.09581150114536285,0
0,0.09581150114536285,0
0,0.09581150114536285,0
0,0.09581150114536285,0
0,0.09581150114536285,0
0,0.09581150114536285,0
0,0.09581150114536285,0
0,0.09581150114536285,0
0,0.09581150114536285,0
0,0.09581150114536285,0
0,0.09581150114536285,0
0,0.09581150114536285,0
0,0.09581150114536285,0
0,0.09581150114536285,0
0,0.09581150114536285,0
0,0.09581150114536285,0
0,0.09581150114536285,0
0,0.09581150114536285,0
0,0.09581150114536285,0
0,0.09581150114536285,0
0,0.09581150114536285,0
0,0.09581150114536285,0
0,0.09581150114536285,0
0,0.09581150114536285,0
0,0.09581150114536285,0
0,0.09581150114536285,0
0,0.09581150114536285,0
0,0.09581150114536285,0
0,0.09581150114536285,0
0,0.09581150114536285,0
0,0.09581150114536285,0
0,0.09581150114536285,0
0,0.09581150114536285,0
0,0.09581150114536285,0
0,0.09581150114536285,0
0,0.09581150114536285,0
0,0.09581150114536285,0
0,0.09581150114536285,0
0,0.09581150114536285,0
0,0.09581150114536285,0
0,0.09581150114536285,0
0,0.09581150114536285,0
0,0.09581150114536285,0
0,0.09581150114536285,0
0,0.09581150114536285,0
0,0.09581150114536285,0
0,0.09581150114536285,0
0,0.09581150114536285,0
0,0.09581150114536285,0
0,0.09581150114536285,0
0,0.09581150114536285,0
0,0.09581150114536285,0
0,0.09581150114536285,0
0,0.09581150114536285,0
0,0.09581150114536285,0
0,0.09581150114536285,0
0,0.09581150114536285,0
0,0.09581150114536285,0
0,0.09581150114536285,0
0,0.09581150114536285,0
0,0.09581150114536285,0
0,0.09581150114536285,0
0,0.09581150114536285,0
0,0.09581150114536285,0
0,0.09581150114536285,0
0,0.09581150114536285,0
0,0.09581150114536285,0
0,0.09581150114536285,0
0,0.09581150114536285,0
0,0.09581150114536285,0
0,0.09581150114536285,0
0,0.09581150114536285,0
0,0.09581150114536285,0
0,0.09581150114536285,0
0,0.09581150114536285,0
0,0.09581150114536285,0
0,0.09581150114536285,0
0,0.09581150114536285,0
0,0.09581150114536285,0
0,0.09581150114536285,0
0,0.09581150114536285,0
0,0.09581150114536285,0
0,0.09581150114536285,0
0,0.09581150114536285,0
0,0.09581150114536285,0
0,0.09581150114536285,0
0,0.09581150114536285,0
0,0.09581150114536285,0
0,0.09581150114536285,0
0,0.09581150114536285,0
0,0.09581150114536285,0
0,0.09581150114536285,0
0,0.09581150114536285,0
0,0.09581150114536285,0
0,0.09581150114536285,0
0,0.09581150114536285,0
0,0.09581150114536285,0
0,0.09581150114536285,0
0,0.09581150114536285,0
0,0.09581150114536285,0
0,0.09581150114536285,0
0,0.09581150114536285,0
0,0.09581150114536285,0
0,0.09581150114536285,0
0,0.09581150114536285,0
0,0.09581150114536285,0
0,0.09581150114536285,0
0,0.09581150114536285,0
0,0.09581150114536285,0
0,0.09581150114536285,0
0,0.09581150114536285,0
0,0.09581150114536285,0
0,0.09581150114536285,0
0,0.09581150114536285,0
0,0.09581150114536285,0
0,0.09581150114536285,0
0,0.09581150114536285,0
0,0.09581150114536285,0
0,0.09581150114536285,0
0,0.09581150114536285,0
0,0.09581150114536285,0
0,0.09581150114536285,0
0,0.09581150114536285,0
0,0.09581150114536285,0
0,0.09581150114536285,0
0,0.09581150114536285,0
0,0.09581150114536285,0
0,0.09581150114536285,0
0,0.09581150114536285,0
0,0.09581150114536285,0
0,0.09581150114536285,0
0,0.09581150114536285,0
0,0.09581150114536285,0
0,0.09581150114536285,0
0,0.09581150114536285,0
0,0.09581150114536285,0
0,0.09581150114536285,0
0,0.09581150114536285,0
0,0.09581150114536285,0
0,0.09581150114536285,0
0,0.09581150114536285,0
0,0.09581150114536285,0
0,0.09581150114536285,0
0,0.09581150114536285,0
0,0.09581150114536285,0
0,0.09581150114536285,0
0,0.09581150114536285,0
0,0.09581150114536285,0
0,0.09581150114536285,0
0,0.09581150114536285,0
0,0.09581150114536285,0
0,0.09581150114536285,0
0,0.09581150114536285,0
0,0.09581150114536285,0
0,0.09581150114536285,0
0,0.09581150114536285,0
0,0.09581150114536285,0
0,0.09581150114536285,0
0,0.09581150114536285,0
0,0.09581150114536285,0
0,0.09581150114536285,0
0,0.09581150114536285,0
0,0.09581150114536285,0
0,0.09581150114536285,0
0,0.09581150114536285,0
0,0.09581150114536285,0
0,0.09581150114536285,0
0,0.09581150114536285,0
0,0.09581150114536285,0
0,0.09581150114536285,0
0,0.09581150114536285,0
0,0.09581150114536285,0
0,0.09581150114536285,0
0,0.09581150114536285,0
0,0.09581150114536285,0
0,0.09581150114536285,0
0,0.09581150114536285,0
0,0.09581150114536285,0
0,0.09581150114536285,0
0,0.09581150114536285,0
0,0.09581150114536285,0
0,0.09581150114536285,0
0,0.09581150114536285,0
0,0.09581150114536285,0
0,0.09581150114536285,0
0,0.09581150114536285,0
0,0.09581150114536285,0
0,0.09581150114536285,0
0,0.09581150114536285,0
0,0.09581150114536285,0
0,0.09581150114536285,0
0,0.09581150114536285,0
0,0.09581150114536285,0
0,0.09581150114536285,0
0,0.09581150114536285,0
0,0.09581150114536285,0
0,0.09581150114536285,0
0,0.09581150114536285,0
0,0.09581150114536285,0
0,0.09581150114536285,0
0,0.09581150114536285,0
0,0.09581150114536285,0
0,0.09581150114536285,0
0,0.09581150114536285,0
0,0.09581150114536285,0
0,0.09581150114536285,0
0,0.09581150114536285,0
0,0.09581150114536285,0
0,0.09581150114536285,0
0,0.09581150114536285,0
0,0.09581150114536285,0
0,0.09581150114536285,0
0,0.09581150114536285,0
0,0.09581150114536285,0
0,0.09581150114536285,0
0,0.09581150114536285,0
0,0.09581150114536285,0
0,0.09581150114536285,0
0,0.09581150114536285,0
0,0.09581150114536285,0
0,0.09581150114536285,0
0,0.09581150114536285,0
0,0.09581150114536285,0
0,0.09581150114536285,0
0,0.09581150114536285,0
0,0.09581150114536285,0
0,0.09581150114536285,0
0,0.09581150114536285,0
0,0.09581150114536285,0
0,0.09581150114536285,0
0,0.09581150114536285,0
0,0.09581150114536285,0
0,0.09581150114536285,0
0,0.09581150114536285,0
0,0.09581150114536285,0
0,0.09581150114536285,0
0,0.09581150114536285,0
0,0.09581150114536285,0
0,0.09581150114536285,0
0,0.09581150114536285,0
0,0.09581150114536285,0
0,0.09581150114536285,0
0,0.09581150114536285,0
0,0.09581150114536285,0
0,0.09581150114536285,0
0,0.09581150114536285,0
0,0.09581150114536285,0
0,0.09581150114536285,0
0,0.09581150114536285,0
0,0.09581150114536285,0
0,0.09581150114536285,0
0,0.09581150114536285,0
0,0.09581150114536285,0
0,0.09581150114536285,0
0,0.09581150114536285,0
0,0.09581150114536285,0
0,0.09581150114536285,0
0,0.09581150114536285,0
0,0.09581150114536285,0
0,0.09581150114536285,0
0,0.09581150114536285,0
0,0.09581150114536285,0
0,0.09581150114536285,0
0,0.09581150114536285,0
0,0.09581150114536285,0
0,0.09581150114536285,0
0,0.09581150114536285,0
0,0.09581150114536285,0
0,0.09581150114536285,0
0,0.09581150114536285,0
0,0.09581150114536285,0
0,0.09581150114536285,0
0,0.09581150114536285,0
0,0.09581150114536285,0
0,0.09581150114536285,0
0,0.09581150114536285,0
0,0.09581150114536285,0
0,0.09581150114536285,0
0,0.09581150114536285,0
0,0.09581150114536285,0
0,0.09581150114536285,0
0,0.09581150114536285,0
0,0.09581150114536285,0
0,0.09581150114536285,0
0,0.09581150114536285,0
0,0.09581150114536285,0
0,0.09581150114536285,0
0,0.09581150114536285,0
0,0.09581150114536285,0
0,0.09581150114536285,0
0,0.09581150114536285,0
0,0.09581150114536285,0
0,0.09581150114536285,0
0,0.09581150114536285,0
0,0.09581150114536285,0
0,0.09581150114536285,0
0,0.09581150114536285,0
0,0.09581150114536285,0
0,0.09581150114536285,0
0,0.09581150114536285,0
0,0.09581150114536285,0
0,0.09581150114536285,0
0,0.09581150114536285,0
0,0.09581150114536285,0
0,0.09581150114536285,0
0,0.09581150114536285,0
0,0.09581150114536285,0
0,0.09581150114536285,0
0,0.09581150114536285,0
0,0.09581150114536285,0
0,0.09581150114536285,0
0,0.09581150114536285,0
0,0.09581150114536285,0
0,0.09581150114536285,0
0,0.09581150114536285,0
0,0.09581150114536285,0
0,0.09581150114536285,0
0,0.09581150114536285,0
0,0.09581150114536285,0
0,0.09581150114536285,0
0,0.09581150114536285,0
0,0.09581150114536285,0
0,0.09581150114536285,0
0,0.09581150114536285,0
0,0.09581150114536285,0
0,0.09581150114536285,0
0,0.09581150114536285,0
0,0.09581150114536285,0
0,0.09581150114536285,0
0,0.09581150114536285,0
0,0.09581150114536285,0
0,0.09581150114536285,0
0,0.09581150114536285,0
0,0.09581150114536285,0
0,0.09581150114536285,0
0,0.09581150114536285,0
0,0.09581150114536285,0
0,0.09581150114536285,0
0,0.09581150114536285,0
0,0.09581150114536285,0
0,0.09581150114536285,0
0,0.09581150114536285,0
0,0.09581150114536285,0
0,0.09581150114536285,0
0,0.09581150114536285,0
0,0.09581150114536285,0
0,0.09581150114536285,0
0,0.09581150114536285,0
0,0.09581150114536285,0
0,0.09581150114536285,0
0,0.09581150114536285,0
0,0.09581150114536285,0
0,0.09581150114536285,0
0,0.09581150114536285,0
0,0.09581150114536285,0
0,0.09581150114536285,0
0,0.09581150114536285,0
0,0.09581150114536285,0
0,0.09581150114536285,0
0,0.09581150114536285,0
0,0.09581150114536285,0
0,0.09581150114536285,0
0,0.09581150114536285,0
0,0.09581150114536285,0
0,0.09581150114536285,0
0,0.09581150114536285,0
0,0.09581150114536285,0
0,0.09581150114536285,0
0,0.09581150114536285,0
0,0.09581150114536285,0
0,0.09581150114536285,0
0,0.09581150114536285,0
0,0.09581150114536285,0
0,0.09581150114536285,0
0,0.09581150114536285,0
0,0.09581150114536285,0
0,0.09581150114536285,0
0,0.09581150114536285,0
0,0.09581150114536285,0
0,0.09581150114536285,0
0,0.09581150114536285,0
0,0.09581150114536285,0
0,0.09581150114536285,0
0,0.09581150114536285,0
0,0.09581150114536285,0
0,0.09581150114536285,0
0,0.09581150114536285,0
0,0.09581150114536285,0
0,0.09581150114536285,0
0,0.09581150114536285,0
0,0.09581150114536285,0
0,0.09581150114536285,0
0,0.09581150114536285,0
0,0.09581150114536285,0
0,0.09581150114536285,0
0,0.09581150114536285,0
0,0.09581150114536285,0
0,0.09581150114536285,0
0,0.09581150114536285,0
0,0.09581150114536285,0
0,0.09581150114536285,0
0,0.09581150114536285,0
0,0.09581150114536285,0
0,0.09581150114536285,0
0,0.09581150114536285,0
0,0.09581150114536285,0
0,0.09581150114536285,0
0,0.09581150114536285,0
0,0.09581150114536285,0
0,0.09581150114536285,0
0,0.09581150114536285,0
0,0.09581150114536285,0
0,0.09581150114536285,0
0,0.09581150114536285,0
0,0.09581150114536285,0
0,0.09581150114536285,0
0,0.09581150114536285,0
0,0.09581150114536285,0
0,0.09581150114536285,0
0,0.09581150114536285,0
0,0.09581150114536285,0
0,0.09581150114536285,0
0,0.09581150114536285,0
0,0.09581150114536285,0
0,0.09581150114536285,0
0,0.09581150114536285,0
0,0.09581150114536285,0
0,0.09581150114536285,0
0,0.09581150114536285,0
0,0.09581150114536285,0
0,0.09581150114536285,0
0,0.09581150114536285,0
0,0.09581150114536285,0
0,0.09581150114536285,0
0,0.09581150114536285,0
0,0.09581150114536285,0
0,0.09581150114536285,0
0,0.09581150114536285,0
0,0.09581150114536285,0
0,0.09581150114536285,0
0,0.09581150114536285,0
0,0.09581150114536285,0
0,0.09581150114536285,0
0,0.09581150114536285,0
0,0.09581150114536285,0
0,0.09581150114536285,0
0,0.09581150114536285,0
0,0.09581150114536285,0
0,0.09581150114536285,0
0,0.09581150114536285,0
0,0.09581150114536285,0
0,0.09581150114536285,0
0,0.09581150114536285,0
0,0.09581150114536285,0
0,0.09581150114536285,0
0,0.09581150114536285,0
0,0.09581150114536285,0
0,0.09581150114536285,0
0,0.09581150114536285,0
0,0.09581150114536285,0
0,0.09581150114536285,0
0,0.09581150114536285,0
0,0.09581150114536285,0
0,0.09581150114536285,0
0,0.09581150114536285,0
0,0.09581150114536285,0
0,0.09581150114536285,0
0,0.09581150114536285,0
0,0.09581150114536285,0
0,0.09581150114536285,0
0,0.09581150114536285,0
0,0.09581150114536285,0
0,0.09581150114536285,0
0,0.09581150114536285,0
0,0.09581150114536285,0
0,0.09581150114536285,0
0,0.09581150114536285,0
0,0.09581150114536285,0
0,0.09581150114536285,0
0,0.09581150114536285,0
0,0.09581150114536285,0
0,0.09581150114536285,0
0,0.09581150114536285,0
0,0.09581150114536285,0
0,0.09581150114536285,0
0,0.09581150114536285,0
0,0.09581150114536285,0
0,0.09581150114536285,0
0,0.09581150114536285,0
0,0.09581150114536285,0
0,0.09581150114536285,0
0,0.09581150114536285,0
0,0.09581150114536285,0
0,0.09581150114536285,0
0,0.09581150114536285,0
0,0.09581150114536285,0
0,0.09581150114536285,0
0,0.09581150114536285,0
0,0.09581150114536285,0
0,0.09581150114536285,0
0,0.09581150114536285,0
0,0.09581150114536285,0
0,0.09581150114536285,0
0,0.09581150114536285,0
0,0.09581150114536285,0
0,0.09581150114536285,0
0,0.09581150114536285,0
0,0.09581150114536285,0
0,0.09581150114536285,0
0,0.09581150114536285,0
0,0.09581150114536285,0
0,0.09581150114536285,0
0,0.09581150114536285,0
0,0.09581150114536285,0
0,0.09581150114536285,0
0,0.09581150114536285,0
0,0.09581150114536285,0
0,0.09581150114536285,0
0,0.09581150114536285,0
0,0.09581150114536285,0
0,0.09581150114536285,0
0,0.09581150114536285,0
0,0.09581150114536285,0
0,0.09581150114536285,0
0,0.09581150114536285,0
0,0.09581150114536285,0
0,0.09581150114536285,0
0,0.09581150114536285,0
0,0.09581150114536285,0
0,0.09581150114536285,0
0,0.09581150114536285,0
0,0.09581150114536285,0
0,0.09581150114536285,0
0,0.09581150114536285,0
0,0.09581150114536285,0
0,0.09581150114536285,0
0,0.09581150114536285,0
0,0.09581150114536285,0
0,0.09581150114536285,0
0,0.09581150114536285,0
0,0.09581150114536285,0
0,0.09581150114536285,0
0,0.09581150114536285,0
0,0.09581150114536285,0
0,0.09581150114536285,0
0,0.09581150114536285,0
0,0.09581150114536285,0
0,0.09581150114536285,0
0,0.09581150114536285,0
0,0.09581150114536285,0
0,0.09581150114536285,0
0,0.09581150114536285,0
0,0.09581150114536285,0
0,0.09581150114536285,0
0,0.09581150114536285,0
0,0.09581150114536285,0
0,0.09581150114536285,0
0,0.09581150114536285,0
0,0.09581150114536285,0
0,0.09581150114536285,0
0,0.09581150114536285,0
0,0.09581150114536285,0
0,0.09581150114536285,0
0,0.09581150114536285,0
0,0.09581150114536285,0
0,0.09581150114536285,0
0,0.09581150114536285,0
0,0.09581150114536285,0
0,0.09581150114536285,0
0,0.09581150114536285,0
0,0.09581150114536285,0
0,0.09581150114536285,0
0,0.09581150114536285,0
0,0.09581150114536285,0
0,0.09581150114536285,0
0,0.09581150114536285,0
0,0.09581150114536285,0
0,0.09581150114536285,0
0,0.09581150114536285,0
0,0.09581150114536285,0
0,0.09581150114536285,0
0,0.09581150114536285,0
0,0.09581150114536285,0
0,0.09581150114536285,0
0,0.09581150114536285,0
0,0.09581150114536285,0
0,0.09581150114536285,0
0,0.09581150114536285,0
0,0.09581150114536285,0
0,0.09581150114536285,0
0,0.09581150114536285,0
0,0.09581150114536285,0
0,0.09581150114536285,0
0,0.09581150114536285,0
0,0.09581150114536285,0
0,0.09581150114536285,0
0,0.09581150114536285,0
0,0.09581150114536285,0
0,0.09581150114536285,0
0,0.09581150114536285,0
0,0.09581150114536285,0
0,0.09581150114536285,0
0,0.09581150114536285,0
0,0.09581150114536285,0
0,0.09581150114536285,0
0,0.09581150114536285,0
0,0.09581150114536285,0
0,0.09581150114536285,0
0,0.09581150114536285,0
0,0.09581150114536285,0
0,0.09581150114536285,0
0,0.09581150114536285,0
0,0.09581150114536285,0
0,0.09581150114536285,0
0,0.09581150114536285,0
0,0.09581150114536285,0
0,0.09581150114536285,0
0,0.09581150114536285,0
0,0.09581150114536285,0
0,0.09581150114536285,0
0,0.09581150114536285,0
0,0.09581150114536285,0
0,0.09581150114536285,0
0,0.09581150114536285,0
0,0.09581150114536285,0
0,0.09581150114536285,0
0,0.09581150114536285,0
0,0.09581150114536285,0
0,0.09581150114536285,0
0,0.09581150114536285,0
0,0.09581150114536285,0
0,0.09581150114536285,0
0,0.09581150114536285,0
0,0.09581150114536285,0
0,0.09581150114536285,0
0,0.09581150114536285,0
0,0.09581150114536285,0
0,0.09581150114536285,0
0,0.09581150114536285,0
0,0.09581150114536285,0
0,0.09581150114536285,0
0,0.09581150114536285,0
0,0.09581150114536285,0
0,0.09581150114536285,0
0,0.09581150114536285,0
0,0.09581150114536285,0
0,0.09581150114536285,0
0,0.09581150114536285,0
0,0.09581150114536285,0
0,0.09581150114536285,0
0,0.09581150114536285,0
0,0.09581150114536285,0
0,0.09581150114536285,0
0,0.09581150114536285,0
0,0.09581150114536285,0
0,0.09581150114536285,0
0,0.09581150114536285,0
0,0.09581150114536285,0
0,0.09581150114536285,0
0,0.09581150114536285,0
0,0.09581150114536285,0
0,0.09581150114536285,0
0,0.09581150114536285,0
0,0.09581150114536285,0
0,0.09581150114536285,0
0,0.09581150114536285,0
0,0.09581150114536285,0
0,0.09581150114536285,0
0,0.09581150114536285,0
0,0.09581150114536285,0
0,0.09581150114536285,0
0,0.09581150114536285,0
0,0.09581150114536285,0
0,0.09581150114536285,0
0,0.09581150114536285,0
0,0.09581150114536285,0
0,0.09581150114536285,0
0,0.09581150114536285,0
0,0.09581150114536285,0
0,0.09581150114536285,0
0,0.09581150114536285,0
0,0.09581150114536285,0
0,0.09581150114536285,0
0,0.09581150114536285,0
0,0.09581150114536285,0
0,0.09581150114536285,0
0,0.09581150114536285,0
0,0.09581150114536285,0
0,0.09581150114536285,0
0,0.09581150114536285,0
0,0.09581150114536285,0
0,0.09581150114536285,0
0,0.09581150114536285,0
0,0.09581150114536285,0
0,0.09581150114536285,0
0,0.09581150114536285,0
0,0.09581150114536285,0
0,0.09581150114536285,0
0,0.09581150114536285,0
0,0.09581150114536285,0
0,0.09581150114536285,0
0,0.09581150114536285,0
0,0.09581150114536285,0
0,0.09581150114536285,0
0,0.09581150114536285,0
0,0.09581150114536285,0
0,0.09581150114536285,0
0,0.09581150114536285,0
0,0.09581150114536285,0
0,0.09581150114536285,0
0,0.09581150114536285,0
0,0.09581150114536285,0
0,0.09581150114536285,0
0,0.09581150114536285,0
0,0.09581150114536285,0
0,0.09581150114536285,0
0,0.09581150114536285,0
0,0.09581150114536285,0
0,0.09581150114536285,0
0,0.09581150114536285,0
0,0.09581150114536285,0
0,0.09581150114536285,0
0,0.09581150114536285,0
0,0.09581150114536285,0
0,0.09581150114536285,0
0,0.09581150114536285,0
0,0.09581150114536285,0
0,0.09581150114536285,0
0,0.09581150114536285,0
0,0.09581150114536285,0
0,0.09581150114536285,0
0,0.09581150114536285,0
0,0.09581150114536285,0
0,0.09581150114536285,0
0,0.09581150114536285,0
0,0.09581150114536285,0
0,0.09581150114536285,0
0,0.09581150114536285,0
0,0.09581150114536285,0
0,0.09581150114536285,0
0,0.09581150114536285,0
0,0.09581150114536285,0
0,0.09581150114536285,0
0,0.09581150114536285,0
0,0.09581150114536285,0
0,0.09581150114536285,0
0,0.09581150114536285,0
0,0.09581150114536285,0
0,0.09581150114536285,0
0,0.09581150114536285,0
0,0.09581150114536285,0
0,0.09581150114536285,0
0,0.09581150114536285,0
0,0.09581150114536285,0
0,0.09581150114536285,0
0,0.09581150114536285,0
0,0.09581150114536285,0
0,0.09581150114536285,0
0,0.09581150114536285,0
0,0.09581150114536285,0
0,0.09581150114536285,0
0,0.09581150114536285,0
0,0.09581150114536285,0
0,0.09581150114536285,0
0,0.09581150114536285,0
0,0.09581150114536285,0
0,0.09581150114536285,0
0,0.09581150114536285,0
0,0.09581150114536285,0
0,0.09581150114536285,0
0,0.09581150114536285,0
0,0.09581150114536285,0
0,0.09581150114536285,0
0,0.09581150114536285,0
0,0.09581150114536285,0
0,0.09581150114536285,0
0,0.09581150114536285,0
0,0.09581150114536285,0
0,0.09581150114536285,0
0,0.09581150114536285,0
0,0.09581150114536285,0
0,0.09581150114536285,0
0,0.09581150114536285,0
0,0.09581150114536285,0
0,0.09581150114536285,0
0,0.09581150114536285,0
0,0.09581150114536285,0
0,0.09581150114536285,0
0,0.09581150114536285,0
0,0.09581150114536285,0
0,0.09581150114536285,0
0,0.09581150114536285,0
0,0.09581150114536285,0
0,0.09581150114536285,0
0,0.09581150114536285,0
0,0.09581150114536285,0
0,0.09581150114536285,0
0,0.09581150114536285,0
0,0.09581150114536285,0
0,0.09581150114536285,0
0,0.09581150114536285,0
0,0.09581150114536285,0
0,0.09581150114536285,0
0,0.09581150114536285,0
0,0.09581150114536285,0
0,0.09581150114536285,0
0,0.09581150114536285,0
0,0.09581150114536285,0
0,0.09581150114536285,0
0,0.09581150114536285,0
0,0.09581150114536285,0
0,0.09581150114536285,0
0,0.09581150114536285,0
0,0.09581150114536285,0
0,0.09581150114536285,0
0,0.09581150114536285,0
0,0.09581150114536285,0
0,0.09581150114536285,0
0,0.09581150114536285,0
0,0.09581150114536285,0
0,0.09581150114536285,0
0,0.09581150114536285,0
0,0.09581150114536285,0
0,0.09581150114536285,0
0,0.09581150114536285,0
0,0.09581150114536285,0
0,0.09581150114536285,0
0,0.09581150114536285,0
0,0.09581150114536285,0
0,0.09581150114536285,0
0,0.09581150114536285,0
0,0.09581150114536285,0
0,0.09581150114536285,0
0,0.09581150114536285,0
0,0.09581150114536285,0
0,0.09581150114536285,0
0,0.09581150114536285,0
0,0.09581150114536285,0
0,0.09581150114536285,0
0,0.09581150114536285,0
0,0.09581150114536285,0
0,0.09581150114536285,0
0,0.09581150114536285,0
0,0.09581150114536285,0
0,0.09581150114536285,0
0,0.09581150114536285,0
0,0.09581150114536285,0
0,0.09581150114536285,0
0,0.09581150114536285,0
0,0.09581150114536285,0
0,0.09581150114536285,0
0,0.09581150114536285,0
0,0.09581150114536285,0
0,0.09581150114536285,0
0,0.09581150114536285,0
0,0.09581150114536285,0
0,0.09581150114536285,0
0,0.09581150114536285,0
0,0.09581150114536285,0
0,0.09581150114536285,0
0,0.09581150114536285,0
0,0.09581150114536285,0
0,0.09581150114536285,0
0,0.09581150114536285,0
0,0.09581150114536285,0
0,0.09581150114536285,0
0,0.09581150114536285,0
0,0.09581150114536285,0
0,0.09581150114536285,0
0,0.09581150114536285,0
0,0.09581150114536285,0
0,0.09581150114536285,0
0,0.09581150114536285,0
0,0.09581150114536285,0
0,0.09581150114536285,0
0,0.09581150114536285,0
0,0.09581150114536285,0
0,0.09581150114536285,0
0,0.09581150114536285,0
0,0.09581150114536285,0
0,0.09581150114536285,0
0,0.09581150114536285,0
0,0.09581150114536285,0
0,0.09581150114536285,0
0,0.09581150114536285,0
0,0.09581150114536285,0
0,0.09581150114536285,0
0,0.09581150114536285,0
0,0.09581150114536285,0
0,0.09581150114536285,0
0,0.09581150114536285,0
0,0.09581150114536285,0
0,0.09581150114536285,0
0,0.09581150114536285,0
0,0.09581150114536285,0
0,0.09581150114536285,0
0,0.09581150114536285,0
0,0.09581150114536285,0
0,0.09581150114536285,0
0,0.09581150114536285,0
0,0.09581150114536285,0
0,0.09581150114536285,0
0,0.09581150114536285,0
0,0.09581150114536285,0
0,0.09581150114536285,0
0,0.09581150114536285,0
0,0.09581150114536285,0
0,0.09581150114536285,0
0,0.09581150114536285,0
0,0.09581150114536285,0
0,0.09581150114536285,0
0,0.09581150114536285,0
0,0.09581150114536285,0
0,0.09581150114536285,0
0,0.09581150114536285,0
0,0.09581150114536285,0
0,0.09581150114536285,0
0,0.09581150114536285,0
0,0.09581150114536285,0
0,0.09581150114536285,0
0,0.09581150114536285,0
0,0.09581150114536285,0
0,0.09581150114536285,0
0,0.09581150114536285,0
0,0.09581150114536285,0
0,0.09581150114536285,0
0,0.09581150114536285,0
0,0.09581150114536285,0
0,0.09581150114536285,0
0,0.09581150114536285,0
0,0.09581150114536285,0
0,0.09581150114536285,0
0,0.09581150114536285,0
0,0.09581150114536285,0
0,0.09581150114536285,0
0,0.09581150114536285,0
0,0.09581150114536285,0
0,0.09581150114536285,0
0,0.09581150114536285,0
0,0.09581150114536285,0
0,0.09581150114536285,0
0,0.09581150114536285,0
0,0.09581150114536285,0
0,0.09581150114536285,0
0,0.09581150114536285,0
0,0.09581150114536285,0
0,0.09581150114536285,0
0,0.09581150114536285,0
0,0.09581150114536285,0
0,0.09581150114536285,0
0,0.09581150114536285,0
0,0.09581150114536285,0
0,0.09581150114536285,0
0,0.09581150114536285,0
0,0.09581150114536285,0
0,0.09581150114536285,0
0,0.09581150114536285,0
0,0.09581150114536285,0
0,0.09581150114536285,0
0,0.09581150114536285,0
0,0.09581150114536285,0
0,0.09581150114536285,0
0,0.09581150114536285,0
0,0.09581150114536285,0
0,0.09581150114536285,0
0,0.09581150114536285,0
0,0.09581150114536285,0
0,0.09581150114536285,0
0,0.09581150114536285,0
0,0.09581150114536285,0
0,0.09581150114536285,0
0,0.09581150114536285,0
0,0.09581150114536285,0
0,0.09581150114536285,0
0,0.09581150114536285,0
0,0.09581150114536285,0
0,0.09581150114536285,0
0,0.09581150114536285,0
0,0.09581150114536285,0
0,0.09581150114536285,0
0,0.09581150114536285,0
0,0.09581150114536285,0
0,0.09581150114536285,0
0,0.09581150114536285,0
0,0.09581150114536285,0
0,0.09581150114536285,0
0,0.09581150114536285,0
0,0.09581150114536285,0
0,0.09581150114536285,0
0,0.09581150114536285,0
0,0.09581150114536285,0
0,0.09581150114536285,0
0,0.09581150114536285,0
0,0.09581150114536285,0
0,0.09581150114536285,0
0,0.09581150114536285,0
0,0.09581150114536285,0
0,0.09581150114536285,0
0,0.09581150114536285,0
0,0.09581150114536285,0
0,0.09581150114536285,0
0,0.09581150114536285,0
0,0.09581150114536285,0
0,0.09581150114536285,0
0,0.09581150114536285,0
0,0.09581150114536285,0
0,0.09581150114536285,0
0,0.09581150114536285,0
0,0.09581150114536285,0
0,0.09581150114536285,0
0,0.09581150114536285,0
0,0.09581150114536285,0
0,0.09581150114536285,0
0,0.09581150114536285,0
0,0.09581150114536285,0
0,0.09581150114536285,0
0,0.09581150114536285,0
0,0.09581150114536285,0
0,0.09581150114536285,0
0,0.09581150114536285,0
0,0.09581150114536285,0
0,0.09581150114536285,0
0,0.09581150114536285,0
0,0.09581150114536285,0
0,0.09581150114536285,0
0,0.09581150114536285,0
0,0.09581150114536285,0
0,0.09581150114536285,0
0,0.09581150114536285,0
0,0.09581150114536285,0
0,0.09581150114536285,0
0,0.09581150114536285,0
0,0.09581150114536285,0
0,0.09581150114536285,0
0,0.09581150114536285,0
0,0.09581150114536285,0
0,0.09581150114536285,0
0,0.09581150114536285,0
0,0.09581150114536285,0
0,0.09581150114536285,0
0,0.09581150114536285,0
0,0.09581150114536285,0
0,0.09581150114536285,0
0,0.09581150114536285,0
0,0.09581150114536285,0
0,0.09581150114536285,0
0,0.09581150114536285,0
0,0.09581150114536285,0
0,0.09581150114536285,0
0,0.09581150114536285,0
0,0.09581150114536285,0
0,0.09581150114536285,0
0,0.09581150114536285,0
0,0.09581150114536285,0
0,0.09581150114536285,0
0,0.09581150114536285,0
0,0.09581150114536285,0
0,0.09581150114536285,0
0,0.09581150114536285,0
0,0.09581150114536285,0
0,0.09581150114536285,0
0,0.09581150114536285,0
0,0.09581150114536285,0
0,0.09581150114536285,0
0,0.09581150114536285,0
0,0.09581150114536285,0
0,0.09581150114536285,0
0,0.09581150114536285,0
0,0.09581150114536285,0
0,0.09581150114536285,0
0,0.09581150114536285,0
0,0.09581150114536285,0
0,0.09581150114536285,0
0,0.09581150114536285,0
0,0.09581150114536285,0
0,0.09581150114536285,0
0,0.09581150114536285,0
0,0.09581150114536285,0
0,0.09581150114536285,0
0,0.09581150114536285,0
0,0.09581150114536285,0
0,0.09581150114536285,0
0,0.09581150114536285,0
0,0.09581150114536285,0
0,0.09581150114536285,0
0,0.09581150114536285,0
0,0.09581150114536285,0
0,0.09581150114536285,0
0,0.09581150114536285,0
0,0.09581150114536285,0
0,0.09581150114536285,0
0,0.09581150114536285,0
0,0.09581150114536285,0
0,0.09581150114536285,0
0,0.09581150114536285,0
0,0.09581150114536285,0
0,0.09581150114536285,0
0,0.09581150114536285,0
0,0.09581150114536285,0
0,0.09581150114536285,0
0,0.09581150114536285,0
0,0.09581150114536285,0
0,0.09581150114536285,0
0,0.09581150114536285,0
0,0.09581150114536285,0
0,0.09581150114536285,0
0,0.09581150114536285,0
0,0.09581150114536285,0
0,0.09581150114536285,0
0,0.09581150114536285,0
0,0.09581150114536285,0
0,0.09581150114536285,0
0,0.09581150114536285,0
0,0.09581150114536285,0
0,0.09581150114536285,0
0,0.09581150114536285,0
0,0.09581150114536285,0
0,0.09581150114536285,0
0,0.09581150114536285,0
0,0.09581150114536285,0
0,0.09581150114536285,0
0,0.09581150114536285,0
0,0.09581150114536285,0
0,0.09581150114536285,0
0,0.09581150114536285,0
0,0.09581150114536285,0
0,0.09581150114536285,0
0,0.09581150114536285,0
0,0.09581150114536285,0
0,0.09581150114536285,0
0,0.09581150114536285,0
0,0.09581150114536285,0
0,0.09581150114536285,0
0,0.09581150114536285,0
0,0.09581150114536285,0
0,0.09581150114536285,0
0,0.09581150114536285,0
0,0.09581150114536285,0
0,0.09581150114536285,0
0,0.09581150114536285,0
0,0.09581150114536285,0
0,0.09581150114536285,0
0,0.09581150114536285,0
0,0.09581150114536285,0
0,0.09581150114536285,0
0,0.09581150114536285,0
0,0.09581150114536285,0
0,0.09581150114536285,0
0,0.09581150114536285,0
0,0.09581150114536285,0
0,0.09581150114536285,0
0,0.09581150114536285,0
0,0.09581150114536285,0
0,0.09581150114536285,0
0,0.09581150114536285,0
0,0.09581150114536285,0
0,0.09581150114536285,0
0,0.09581150114536285,0
0,0.09581150114536285,0
0,0.09581150114536285,0
0,0.09581150114536285,0
0,0.09581150114536285,0
0,0.09581150114536285,0
0,0.09581150114536285,0
0,0.09581150114536285,0
0,0.09581150114536285,0
0,0.09581150114536285,0
0,0.09581150114536285,0
0,0.09581150114536285,0
0,0.09581150114536285,0
0,0.09581150114536285,0
0,0.09581150114536285,0
0,0.09581150114536285,0
0,0.09581150114536285,0
0,0.09581150114536285,0
0,0.09581150114536285,0
0,0.09581150114536285,0
0,0.09581150114536285,0
0,0.09581150114536285,0
0,0.09581150114536285,0
0,0.09581150114536285,0
0,0.09581150114536285,0
0,0.09581150114536285,0
0,0.09581150114536285,0
0,0.09581150114536285,0
0,0.09581150114536285,0
0,0.09581150114536285,0
0,0.09581150114536285,0
0,0.09581150114536285,0
0,0.09581150114536285,0
0,0.09581150114536285,0
0,0.09581150114536285,0
0,0.09581150114536285,0
0,0.09581150114536285,0
0,0.09581150114536285,0
0,0.09581150114536285,0
0,0.09581150114536285,0
0,0.09581150114536285,0
0,0.09581150114536285,0
0,0.09581150114536285,0
0,0.09581150114536285,0
0,0.09581150114536285,0
0,0.09581150114536285,0
0,0.09581150114536285,0
0,0.09581150114536285,0
0,0.09581150114536285,0
0,0.09581150114536285,0
0,0.09581150114536285,0
0,0.09581150114536285,0
0,0.09581150114536285,0
0,0.09581150114536285,0
0,0.09581150114536285,0
0,0.09581150114536285,0
0,0.09581150114536285,0
0,0.09581150114536285,0
0,0.09581150114536285,0
0,0.09581150114536285,0
0,0.09581150114536285,0
0,0.09581150114536285,0
0,0.09581150114536285,0
0,0.09581150114536285,0
0,0.09581150114536285,0
0,0.09581150114536285,0
0,0.09581150114536285,0
0,0.09581150114536285,0
0,0.09581150114536285,0
0,0.09581150114536285,0
0,0.09581150114536285,0
0,0.09581150114536285,0
0,0.09581150114536285,0
0,0.09581150114536285,0
0,0.09581150114536285,0
0,0.09581150114536285,0
0,0.09581150114536285,0
0,0.09581150114536285,0
0,0.09581150114536285,0
0,0.09581150114536285,0
0,0.09581150114536285,0
0,0.09581150114536285,0
0,0.09581150114536285,0
0,0.09581150114536285,0
0,0.09581150114536285,0
0,0.09581150114536285,0
0,0.09581150114536285,0
0,0.09581150114536285,0
0,0.09581150114536285,0
0,0.09581150114536285,0
0,0.09581150114536285,0
0,0.09581150114536285,0
0,0.09581150114536285,0
0,0.09581150114536285,0
0,0.09581150114536285,0
0,0.09581150114536285,0
0,0.09581150114536285,0
0,0.09581150114536285,0
0,0.09581150114536285,0
0,0.09581150114536285,0
0,0.09581150114536285,0
0,0.09581150114536285,0
0,0.09581150114536285,0
0,0.09581150114536285,0
0,0.09581150114536285,0
0,0.09581150114536285,0
0,0.09581150114536285,0
0,0.09581150114536285,0
0,0.09581150114536285,0
0,0.09581150114536285,0
0,0.09581150114536285,0
0,0.09581150114536285,0
0,0.09581150114536285,0
0,0.09581150114536285,0
0,0.09581150114536285,0
0,0.09581150114536285,0
0,0.09581150114536285,0
0,0.09581150114536285,0
0,0.09581150114536285,0
0,0.09581150114536285,0
0,0.09581150114536285,0
0,0.09581150114536285,0
0,0.09581150114536285,0
0,0.09581150114536285,0
0,0.09581150114536285,0
0,0.09581150114536285,0
0,0.09581150114536285,0
0,0.09581150114536285,0
0,0.09581150114536285,0
0,0.09581150114536285,0
0,0.09581150114536285,0
0,0.09581150114536285,0
0,0.09581150114536285,0
0,0.09581150114536285,0
0,0.09581150114536285,0
0,0.09581150114536285,0
0,0.09581150114536285,0
0,0.09581150114536285,0
0,0.09581150114536285,0
0,0.09581150114536285,0
0,0.09581150114536285,0
0,0.09581150114536285,0
0,0.09581150114536285,0
0,0.09581150114536285,0
0,0.09581150114536285,0
0,0.09581150114536285,0
0,0.09581150114536285,0
0,0.09581150114536285,0
0,0.09581150114536285,0
0,0.09581150114536285,0
0,0.09581150114536285,0
0,0.09581150114536285,0
0,0.09581150114536285,0
0,0.09581150114536285,0
0,0.09581150114536285,0
0,0.09581150114536285,0
0,0.09581150114536285,0
0,0.09581150114536285,0
0,0.09581150114536285,0
0,0.09581150114536285,0
0,0.09581150114536285,0
0,0.09581150114536285,0
0,0.09581150114536285,0
0,0.09581150114536285,0
0,0.09581150114536285,0
0,0.09581150114536285,0
0,0.09581150114536285,0
0,0.09581150114536285,0
0,0.09581150114536285,0
0,0.09581150114536285,0
0,0.09581150114536285,0
0,0.09581150114536285,0
0,0.09581150114536285,0
0,0.09581150114536285,0
0,0.09581150114536285,0
0,0.09581150114536285,0
0,0.09581150114536285,0
0,0.09581150114536285,0
0,0.09581150114536285,0
0,0.09581150114536285,0
0,0.09581150114536285,0
0,0.09581150114536285,0
0,0.09581150114536285,0
0,0.09581150114536285,0
0,0.09581150114536285,0
0,0.09581150114536285,0
0,0.09581150114536285,0
0,0.09581150114536285,0
0,0.09581150114536285,0
0,0.09581150114536285,0
0,0.09581150114536285,0
0,0.09581150114536285,0
0,0.09581150114536285,0
0,0.09581150114536285,0
0,0.09581150114536285,0
0,0.09581150114536285,0
0,0.09581150114536285,0
0,0.09581150114536285,0
0,0.09581150114536285,0
0,0.09581150114536285,0
0,0.09581150114536285,0
0,0.09581150114536285,0
0,0.09581150114536285,0
0,0.09581150114536285,0
0,0.09581150114536285,0
0,0.09581150114536285,0
0,0.09581150114536285,0
0,0.09581150114536285,0
0,0.09581150114536285,0
0,0.09581150114536285,0
0,0.09581150114536285,0
0,0.09581150114536285,0
0,0.09581150114536285,0
0,0.09581150114536285,0
0,0.09581150114536285,0
0,0.09581150114536285,0
0,0.09581150114536285,0
0,0.09581150114536285,0
0,0.09581150114536285,0
0,0.09581150114536285,0
0,0.09581150114536285,0
0,0.09581150114536285,0
0,0.09581150114536285,0
0,0.09581150114536285,0
0,0.09581150114536285,0
0,0.09581150114536285,0
0,0.09581150114536285,0
0,0.09581150114536285,0
0,0.09581150114536285,0
0,0.09581150114536285,0
0,0.09581150114536285,0
0,0.09581150114536285,0
0,0.09581150114536285,0
0,0.09581150114536285,0
0,0.09581150114536285,0
0,0.09581150114536285,0
0,0.09581150114536285,0
0,0.09581150114536285,0
0,0.09581150114536285,0
0,0.09581150114536285,0
0,0.09581150114536285,0
0,0.09581150114536285,0
0,0.09581150114536285,0
0,0.09581150114536285,0
0,0.09581150114536285,0
0,0.09581150114536285,0
0,0.09581150114536285,0
0,0.09581150114536285,0
0,0.09581150114536285,0
0,0.09581150114536285,0
0,0.09581150114536285,0
0,0.09581150114536285,0
0,0.09581150114536285,0
0,0.09581150114536285,0
0,0.09581150114536285,0
0,0.09581150114536285,0
0,0.09581150114536285,0
0,0.09581150114536285,0
0,0.09581150114536285,0
0,0.09581150114536285,0
0,0.09581150114536285,0
0,0.09581150114536285,0
0,0.09581150114536285,0
0,0.09581150114536285,0
0,0.09581150114536285,0
0,0.09581150114536285,0
0,0.09581150114536285,0
0,0.09581150114536285,0
0,0.09581150114536285,0
0,0.09581150114536285,0
0,0.09581150114536285,0
0,0.09581150114536285,0
0,0.09581150114536285,0
0,0.09581150114536285,0
0,0.09581150114536285,0
0,0.09581150114536285,0
0,0.09581150114536285,0
0,0.09581150114536285,0
0,0.09581150114536285,0
0,0.09581150114536285,0
0,0.09581150114536285,0
0,0.09581150114536285,0
0,0.09581150114536285,0
0,0.09581150114536285,0
0,0.09581150114536285,0
0,0.09581150114536285,0
0,0.09581150114536285,0
0,0.09581150114536285,0
0,0.09581150114536285,0
0,0.09581150114536285,0
0,0.09581150114536285,0
0,0.09581150114536285,0
0,0.09581150114536285,0
0,0.09581150114536285,0
0,0.09581150114536285,0
0,0.09581150114536285,0
0,0.09581150114536285,0
0,0.09581150114536285,0
0,0.09581150114536285,0
0,0.09581150114536285,0
0,0.09581150114536285,0
0,0.09581150114536285,0
0,0.09581150114536285,0
0,0.09581150114536285,0
0,0.09581150114536285,0
0,0.09581150114536285,0
0,0.09581150114536285,0
0,0.09581150114536285,0
0,0.09581150114536285,0
0,0.09581150114536285,0
0,0.09581150114536285,0
0,0.09581150114536285,0
0,0.09581150114536285,0
0,0.09581150114536285,0
0,0.09581150114536285,0
0,0.09581150114536285,0
0,0.09581150114536285,0
0,0.09581150114536285,0
0,0.09581150114536285,0
0,0.09581150114536285,0
0,0.09581150114536285,0
0,0.09581150114536285,0
0,0.09581150114536285,0
0,0.09581150114536285,0
0,0.09581150114536285,0
0,0.09581150114536285,0
0,0.09581150114536285,0
0,0.09581150114536285,0
0,0.09581150114536285,0
0,0.09581150114536285,0
0,0.09581150114536285,0
0,0.09581150114536285,0
0,0.09581150114536285,0
0,0.09581150114536285,0
0,0.09581150114536285,0
0,0.09581150114536285,0
0,0.09581150114536285,0
0,0.09581150114536285,0
0,0.09581150114536285,0
0,0.09581150114536285,0
0,0.09581150114536285,0
0,0.09581150114536285,0
0,0.09581150114536285,0
0,0.09581150114536285,0
0,0.09581150114536285,0
0,0.09581150114536285,0
0,0.09581150114536285,0
0,0.09581150114536285,0
0,0.09581150114536285,0
0,0.09581150114536285,0
0,0.09581150114536285,0
0,0.09581150114536285,0
0,0.09581150114536285,0
0,0.09581150114536285,0
0,0.09581150114536285,0
0,0.09581150114536285,0
0,0.09581150114536285,0
0,0.09581150114536285,0
0,0.09581150114536285,0
0,0.09581150114536285,0
0,0.09581150114536285,0
0,0.09581150114536285,0
0,0.09581150114536285,0
0,0.09581150114536285,0
0,0.09581150114536285,0
0,0.09581150114536285,0
0,0.09581150114536285,0
0,0.09581150114536285,0
0,0.09581150114536285,0
0,0.09581150114536285,0
0,0.09581150114536285,0
0,0.09581150114536285,0
0,0.09581150114536285,0
0,0.09581150114536285,0
0,0.09581150114536285,0
0,0.09581150114536285,0
0,0.09581150114536285,0
0,0.09581150114536285,0
0,0.09581150114536285,0
0,0.09581150114536285,0
0,0.09581150114536285,0
0,0.09581150114536285,0
0,0.09581150114536285,0
0,0.09581150114536285,0
0,0.09581150114536285,0
0,0.09581150114536285,0
0,0.09581150114536285,0
0,0.09581150114536285,0
0,0.09581150114536285,0
0,0.09581150114536285,0
0,0.09581150114536285,0
0,0.09581150114536285,0
0,0.09581150114536285,0
0,0.09581150114536285,0
0,0.09581150114536285,0
0,0.09581150114536285,0
0,0.09581150114536285,0
0,0.09581150114536285,0
0,0.09581150114536285,0
0,0.09581150114536285,0
0,0.09581150114536285,0
0,0.09581150114536285,0
0,0.09581150114536285,0
0,0.09581150114536285,0
0,0.09581150114536285,0
0,0.09581150114536285,0
0,0.09581150114536285,0
0,0.09581150114536285,0
0,0.09581150114536285,0
0,0.09581150114536285,0
0,0.09581150114536285,0
0,0.09581150114536285,0
0,0.09581150114536285,0
0,0.09581150114536285,0
0,0.09581150114536285,0
0,0.09581150114536285,0
0,0.09581150114536285,0
0,0.09581150114536285,0
0,0.09581150114536285,0
0,0.09581150114536285,0
0,0.09581150114536285,0
0,0.09581150114536285,0
0,0.09581150114536285,0
0,0.09581150114536285,0
0,0.09581150114536285,0
0,0.09581150114536285,0
0,0.09581150114536285,0
0,0.09581150114536285,0
0,0.09581150114536285,0
0,0.09581150114536285,0
0,0.09581150114536285,0
0,0.09581150114536285,0
0,0.09581150114536285,0
0,0.09581150114536285,0
0,0.09581150114536285,0
0,0.09581150114536285,0
0,0.09581150114536285,0
0,0.09581150114536285,0
0,0.09581150114536285,0
0,0.09581150114536285,0
0,0.09581150114536285,0
0,0.09581150114536285,0
0,0.09581150114536285,0
0,0.09581150114536285,0
0,0.09581150114536285,0
0,0.09581150114536285,0
0,0.09581150114536285,0
0,0.09581150114536285,0
0,0.09581150114536285,0
0,0.09581150114536285,0
0,0.09581150114536285,0
0,0.09581150114536285,0
0,0.09581150114536285,0
0,0.09581150114536285,0
0,0.09581150114536285,0
0,0.09581150114536285,0
0,0.09581150114536285,0
0,0.09581150114536285,0
0,0.09581150114536285,0
0,0.09581150114536285,0
0,0.09581150114536285,0
0,0.09581150114536285,0
0,0.09581150114536285,0
0,0.09581150114536285,0
0,0.09581150114536285,0
0,0.09581150114536285,0
0,0.09581150114536285,0
0,0.09581150114536285,0
0,0.09581150114536285,0
0,0.09581150114536285,0
0,0.09581150114536285,0
0,0.09581150114536285,0
0,0.09581150114536285,0
0,0.09581150114536285,0
0,0.09581150114536285,0
0,0.09581150114536285,0
0,0.09581150114536285,0
0,0.09581150114536285,0
0,0.09581150114536285,0
0,0.09581150114536285,0
0,0.09581150114536285,0
0,0.09581150114536285,0
0,0.09581150114536285,0
0,0.09581150114536285,0
0,0.09581150114536285,0
0,0.09581150114536285,0
0,0.09581150114536285,0
0,0.09581150114536285,0
0,0.09581150114536285,0
0,0.09581150114536285,0
0,0.09581150114536285,0
0,0.09581150114536285,0
0,0.09581150114536285,0
0,0.09581150114536285,0
0,0.09581150114536285,0
0,0.09581150114536285,0
0,0.09581150114536285,0
0,0.09581150114536285,0
0,0.09581150114536285,0
0,0.09581150114536285,0
0,0.09581150114536285,0
0,0.09581150114536285,0
0,0.09581150114536285,0
0,0.09581150114536285,0
0,0.09581150114536285,0
0,0.09581150114536285,0
0,0.09581150114536285,0
0,0.09581150114536285,0
0,0.09581150114536285,0
0,0.09581150114536285,0
0,0.09581150114536285,0
0,0.09581150114536285,0
0,0.09581150114536285,0
0,0.09581150114536285,0
0,0.09581150114536285,0
0,0.09581150114536285,0
0,0.09581150114536285,0
0,0.09581150114536285,0
0,0.09581150114536285,0
0,0.09581150114536285,0
0,0.09581150114536285,0
0,0.09581150114536285,0
0,0.09581150114536285,0
0,0.09581150114536285,0
0,0.09581150114536285,0
0,0.09581150114536285,0
0,0.09581150114536285,0
0,0.09581150114536285,0
0,0.09581150114536285,0
0,0.09581150114536285,0
0,0.09581150114536285,0
0,0.09581150114536285,0
0,0.09581150114536285,0
0,0.09581150114536285,0
0,0.09581150114536285,0
0,0.09581150114536285,0
0,0.09581150114536285,0
0,0.09581150114536285,0
0,0.09581150114536285,0
0,0.09581150114536285,0
0,0.09581150114536285,0
0,0.09581150114536285,0
0,0.09581150114536285,0
0,0.09581150114536285,0
0,0.09581150114536285,0
0,0.09581150114536285,0
0,0.09581150114536285,0
0,0.09581150114536285,0
0,0.09581150114536285,0
0,0.09581150114536285,0
0,0.09581150114536285,0
0,0.09581150114536285,0
0,0.09581150114536285,0
0,0.09581150114536285,0
0,0.09581150114536285,0
0,0.09581150114536285,0
0,0.09581150114536285,0
0,0.09581150114536285,0
0,0.09581150114536285,0
0,0.09581150114536285,0
0,0.09581150114536285,0
0,0.09581150114536285,0
0,0.09581150114536285,0
0,0.09581150114536285,0
0,0.09581150114536285,0
0,0.09581150114536285,0
0,0.09581150114536285,0
0,0.09581150114536285,0
0,0.09581150114536285,0
0,0.09581150114536285,0
0,0.09581150114536285,0
0,0.09581150114536285,0
0,0.09581150114536285,0
0,0.09581150114536285,0
0,0.09581150114536285,0
0,0.09581150114536285,0
0,0.09581150114536285,0
0,0.09581150114536285,0
0,0.09581150114536285,0
0,0.09581150114536285,0
0,0.09581150114536285,0
0,0.09581150114536285,0
0,0.09581150114536285,0
0,0.09581150114536285,0
0,0.09581150114536285,0
0,0.09581150114536285,0
0,0.09581150114536285,0
0,0.09581150114536285,0
0,0.09581150114536285,0
0,0.09581150114536285,0
0,0.09581150114536285,0
0,0.09581150114536285,0
0,0.09581150114536285,0
0,0.09581150114536285,0
0,0.09581150114536285,0
0,0.09581150114536285,0
0,0.09581150114536285,0
0,0.09581150114536285,0
0,0.09581150114536285,0
0,0.09581150114536285,0
0,0.09581150114536285,0
0,0.09581150114536285,0
0,0.09581150114536285,0
0,0.09581150114536285,0
0,0.09581150114536285,0
0,0.09581150114536285,0
0,0.09581150114536285,0
0,0.09581150114536285,0
0,0.09581150114536285,0
0,0.09581150114536285,0
0,0.09581150114536285,0
0,0.09581150114536285,0
0,0.09581150114536285,0
0,0.09581150114536285,0
0,0.09581150114536285,0
0,0.09581150114536285,0
0,0.09581150114536285,0
0,0.09581150114536285,0
0,0.09581150114536285,0
0,0.09581150114536285,0
0,0.09581150114536285,0
0,0.09581150114536285,0
0,0.09581150114536285,0
0,0.09581150114536285,0
0,0.09581150114536285,0
0,0.09581150114536285,0
0,0.09581150114536285,0
0,0.09581150114536285,0
0,0.09581150114536285,0
0,0.09581150114536285,0
0,0.09581150114536285,0
0,0.09581150114536285,0
0,0.09581150114536285,0
0,0.09581150114536285,0
0,0.09581150114536285,0
0,0.09581150114536285,0
0,0.09581150114536285,0
0,0.09581150114536285,0
0,0.09581150114536285,0
0,0.09581150114536285,0
0,0.09581150114536285,0
0,0.09581150114536285,0
0,0.09581150114536285,0
0,0.09581150114536285,0
0,0.09581150114536285,0
0,0.09581150114536285,0
0,0.09581150114536285,0
0,0.09581150114536285,0
0,0.09581150114536285,0
0,0.09581150114536285,0
0,0.09581150114536285,0
0,0.09581150114536285,0
0,0.09581150114536285,0
0,0.09581150114536285,0
0,0.09581150114536285,0
0,0.09581150114536285,0
0,0.09581150114536285,0
0,0.09581150114536285,0
0,0.09581150114536285,0
0,0.09581150114536285,0
0,0.09581150114536285,0
0,0.09581150114536285,0
0,0.09581150114536285,0
0,0.09581150114536285,0
0,0.09581150114536285,0
0,0.09581150114536285,0
0,0.09581150114536285,0
0,0.09581150114536285,0
0,0.09581150114536285,0
0,0.09581150114536285,0
0,0.09581150114536285,0
0,0.09581150114536285,0
0,0.09581150114536285,0
0,0.09581150114536285,0
0,0.09581150114536285,0
0,0.09581150114536285,0
0,0.09581150114536285,0
0,0.09581150114536285,0
0,0.09581150114536285,0
0,0.09581150114536285,0
0,0.09581150114536285,0
0,0.09581150114536285,0
0,0.09581150114536285,0
0,0.09581150114536285,0
0,0.09581150114536285,0
0,0.09581150114536285,0
0,0.09581150114536285,0
0,0.09581150114536285,0
0,0.09581150114536285,0
0,0.09581150114536285,0
0,0.09581150114536285,0
0,0.09581150114536285,0
0,0.09581150114536285,0
0,0.09581150114536285,0
0,0.09581150114536285,0
0,0.09581150114536285,0
0,0.09581150114536285,0
0,0.09581150114536285,0
0,0.09581150114536285,0
0,0.09581150114536285,0
0,0.09581150114536285,0
0,0.09581150114536285,0
0,0.09581150114536285,0
0,0.09581150114536285,0
0,0.09581150114536285,0
0,0.09581150114536285,0
0,0.09581150114536285,0
0,0.09581150114536285,0
0,0.09581150114536285,0
0,0.09581150114536285,0
0,0.09581150114536285,0
0,0.09581150114536285,0
0,0.09581150114536285,0
0,0.09581150114536285,0
0,0.09581150114536285,0
0,0.09581150114536285,0
0,0.09581150114536285,0
0,0.09581150114536285,0
0,0.09581150114536285,0
0,0.09581150114536285,0
0,0.09581150114536285,0
0,0.09581150114536285,0
0,0.09581150114536285,0
0,0.09581150114536285,0
0,0.09581150114536285,0
0,0.09581150114536285,0
0,0.09581150114536285,0
0,0.09581150114536285,0
0,0.09581150114536285,0
0,0.09581150114536285,0
0,0.09581150114536285,0
0,0.09581150114536285,0
0,0.09581150114536285,0
0,0.09581150114536285,0
0,0.09581150114536285,0
0,0.09581150114536285,0
0,0.09581150114536285,0
0,0.09581150114536285,0
0,0.09581150114536285,0
0,0.09581150114536285,0
0,0.09581150114536285,0
0,0.09581150114536285,0
0,0.09581150114536285,0
0,0.09581150114536285,0
0,0.09581150114536285,0
0,0.09581150114536285,0
0,0.09581150114536285,0
0,0.09581150114536285,0
0,0.09581150114536285,0
0,0.09581150114536285,0
0,0.09581150114536285,0
0,0.09581150114536285,0
0,0.09581150114536285,0
0,0.09581150114536285,0
0,0.09581150114536285,0
0,0.09581150114536285,0
0,0.09581150114536285,0
0,0.09581150114536285,0
0,0.09581150114536285,0
0,0.09581150114536285,0
0,0.09581150114536285,0
0,0.09581150114536285,0
0,0.09581150114536285,0
0,0.09581150114536285,0
0,0.09581150114536285,0
0,0.09581150114536285,0
0,0.09581150114536285,0
0,0.09581150114536285,0
0,0.09581150114536285,0
0,0.09581150114536285,0
0,0.09581150114536285,0
0,0.09581150114536285,0
0,0.09581150114536285,0
0,0.09581150114536285,0
0,0.09581150114536285,0
0,0.09581150114536285,0
0,0.09581150114536285,0
0,0.09581150114536285,0
0,0.09581150114536285,0
0,0.09581150114536285,0
0,0.09581150114536285,0
0,0.09581150114536285,0
0,0.09581150114536285,0
0,0.09581150114536285,0
0,0.09581150114536285,0
0,0.09581150114536285,0
0,0.09581150114536285,0
0,0.09581150114536285,0
0,0.09581150114536285,0
0,0.09581150114536285,0
0,0.09581150114536285,0
0,0.09581150114536285,0
0,0.09581150114536285,0
0,0.09581150114536285,0
0,0.09581150114536285,0
0,0.09581150114536285,0
0,0.09581150114536285,0
0,0.09581150114536285,0
0,0.09581150114536285,0
0,0.09581150114536285,0
0,0.09581150114536285,0
0,0.09581150114536285,0
0,0.09581150114536285,0
0,0.09581150114536285,0
0,0.09581150114536285,0
0,0.09581150114536285,0
1,0.09581150114536285,0
0,0.8923224210739136,0
0,0.8895574808120728,0
0,0.883767306804657,0
0,0.8632813096046448,0
0,0.8468464016914368,0
0,0.8307079672813416,0
0,0.8125883340835571,0
0,0.7851958274841309,0
1,0.7540867328643799,0
0,0.9311834573745728,0
0,0.923601508140564,0
0,0.9309753179550171,0
0,0.9221739768981934,0
0,0.9097973108291626,0
0,0.8896906971931458,0
0,0.8582972884178162,0
0,0.8301268815994263,0
0,0.8344765305519104,0
0,0.8543011546134949,0
0,0.872093677520752,0
0,0.8889124393463135,0
0,0.8733218908309937,0
0,0.8316881656646729,0
0,0.7728245854377747,0
0,0.7582597732543945,0
0,0.787498950958252,0
1,0.8461257219314575,0
0,0.9192103743553162,0
0,0.9308388233184814,0
0,0.9318734407424927,0
0,0.9299557209014893,0
0,0.8678767085075378,0
0,0.8719751834869385,0
0,0.8654097318649292,0
0,0.8583952188491821,0
0,0.8620629906654358,0
0,0.871224045753479,0
0,0.8796166181564331,0
0,0.8887479305267334,0
0,0.889970064163208,0
0,0.7282616496086121,0
0,0.6804725527763367,0
0,0.6562877893447876,0
0,0.6852715611457825,0
0,0.7351422905921936,0
0,0.7442667484283447,0
0,0.7101284265518188,0
0,0.6404545903205872,0
0,0.5794359445571899,0
0,0.5981054902076721,0
0,0.6770144104957581,0
0,0.7196396589279175,0
0,0.7175034880638123,0
0,0.6955389380455017,0
0,0.670813798904419,0
0,0.6545332670211792,0
0,0.6471360921859741,0
0,0.5066333413124084,0
0,0.09581150114536285,0
0,0.09581150114536285,0
0,0.09581150114536285,0
0,0.09581150114536285,0
0,0.09581150114536285,0
0,0.09581150114536285,0
0,0.09581150114536285,0
0,0.09581150114536285,0
0,0.09581150114536285,0
0,0.09581150114536285,0
0,0.09581150114536285,0
0,0.09581150114536285,0
0,0.09581150114536285,0
0,0.09581150114536285,0
0,0.09581150114536285,0
0,0.09581150114536285,0
0,0.09581150114536285,0
0,0.09581150114536285,0
0,0.09581150114536285,0
0,0.09581150114536285,0
0,0.09581150114536285,0
0,0.09581150114536285,0
0,0.09581150114536285,0
0,0.09581150114536285,0
0,0.09581150114536285,0
0,0.09581150114536285,0
0,0.09581150114536285,0
0,0.09581150114536285,0
0,0.09581150114536285,0
0,0.09581150114536285,0
0,0.09581150114536285,0
0,0.09581150114536285,0
0,0.09581150114536285,0
0,0.09581150114536285,0
0,0.09581150114536285,0
0,0.09581150114536285,0
0,0.09581150114536285,0
0,0.09581150114536285,0
0,0.09581150114536285,0
0,0.09581150114536285,0
0,0.09581150114536285,0
0,0.09581150114536285,0
0,0.09581150114536285,0
0,0.09581150114536285,0
0,0.09581150114536285,0
0,0.09581150114536285,0
0,0.09581150114536285,0
0,0.09581150114536285,0
0,0.09581150114536285,0
0,0.09581150114536285,0
0,0.09581150114536285,0
0,0.09581150114536285,0
0,0.09581150114536285,0
0,0.09581150114536285,0
0,0.09581150114536285,0
0,0.09581150114536285,0
0,0.09581150114536285,0
0,0.09581150114536285,0
0,0.09581150114536285,0
0,0.09581150114536285,0
0,0.09581150114536285,0
0,0.09581150114536285,0
0,0.09581150114536285,0
0,0.09581150114536285,0
0,0.09581150114536285,0
0,0.09581150114536285,0
0,0.09581150114536285,0
0,0.09581150114536285,0
0,0.09581150114536285,0
0,0.09581150114536285,0
0,0.09581150114536285,0
0,0.09581150114536285,0
0,0.09581150114536285,0
0,0.09581150114536285,0
0,0.09581150114536285,0
0,0.09581150114536285,0
0,0.09581150114536285,0
0,0.09581150114536285,0
0,0.09581150114536285,0
0,0.09581150114536285,0
0,0.09581150114536285,0
0,0.09581150114536285,0
0,0.09581150114536285,0
0,0.09581150114536285,0
0,0.09581150114536285,0
0,0.09581150114536285,0
0,0.09581150114536285,0
0,0.09581150114536285,0
0,0.09581150114536285,0
0,0.09581150114536285,0
0,0.09581150114536285,0
0,0.09581150114536285,0
0,0.09581150114536285,0
0,0.09581150114536285,0
0,0.09581150114536285,0
0,0.09581150114536285,0
0,0.09581150114536285,0
0,0.09581150114536285,0
0,0.09581150114536285,0
0,0.09581150114536285,0
0,0.09581150114536285,0
0,0.09581150114536285,0
0,0.09581150114536285,0
0,0.09581150114536285,0
0,0.09581150114536285,0
0,0.09581150114536285,0
0,0.09581150114536285,0
0,0.09581150114536285,0
0,0.09581150114536285,0
0,0.09581150114536285,0
0,0.09581150114536285,0
0,0.09581150114536285,0
0,0.09581150114536285,0
0,0.09581150114536285,0
0,0.09581150114536285,0
0,0.09581150114536285,0
0,0.09581150114536285,0
0,0.09581150114536285,0
0,0.09581150114536285,0
0,0.09581150114536285,0
0,0.09581150114536285,0
0,0.09581150114536285,0
0,0.09581150114536285,0
0,0.09581150114536285,0
0,0.09581150114536285,0
0,0.09581150114536285,0
0,0.09581150114536285,0
0,0.09581150114536285,0
0,0.09581150114536285,0
0,0.09581150114536285,0
0,0.09581150114536285,0
0,0.09581150114536285,0
0,0.09581150114536285,0
0,0.09581150114536285,0
0,0.09581150114536285,0
0,0.09581150114536285,0
0,0.09581150114536285,0
0,0.09581150114536285,0
0,0.09581150114536285,0
0,0.09581150114536285,0
0,0.09581150114536285,0
0,0.09581150114536285,0
0,0.09581150114536285,0
0,0.09581150114536285,0
0,0.09581150114536285,0
0,0.09581150114536285,0
0,0.09581150114536285,0
0,0.09581150114536285,0
0,0.09581150114536285,0
0,0.09581150114536285,0
0,0.09581150114536285,0
0,0.09581150114536285,0
0,0.09581150114536285,0
0,0.09581150114536285,0
0,0.09581150114536285,0
0,0.09581150114536285,0
0,0.09581150114536285,0
0,0.09581150114536285,0
0,0.09581150114536285,0
0,0.09581150114536285,0
0,0.09581150114536285,0
0,0.09581150114536285,0
0,0.09581150114536285,0
0,0.09581150114536285,0
0,0.09581150114536285,0
0,0.09581150114536285,0
0,0.09581150114536285,0
0,0.09581150114536285,0
0,0.09581150114536285,0
0,0.09581150114536285,0
0,0.09581150114536285,0
0,0.09581150114536285,0
0,0.09581150114536285,0
0,0.09581150114536285,0
0,0.09581150114536285,0
0,0.09581150114536285,0
0,0.09581150114536285,0
0,0.09581150114536285,0
0,0.09581150114536285,0
0,0.09581150114536285,0
0,0.09581150114536285,0
0,0.09581150114536285,0
0,0.09581150114536285,0
0,0.09581150114536285,0
0,0.09581150114536285,0
0,0.09581150114536285,0
0,0.09581150114536285,0
0,0.09581150114536285,0
0,0.09581150114536285,0
0,0.09581150114536285,0
0,0.09581150114536285,0
0,0.09581150114536285,0
0,0.09581150114536285,0
0,0.09581150114536285,0
0,0.09581150114536285,0
0,0.09581150114536285,0
0,0.09581150114536285,0
0,0.09581150114536285,0
0,0.09581150114536285,0
0,0.09581150114536285,0
0,0.09581150114536285,0
0,0.09581150114536285,0
0,0.09581150114536285,0
0,0.09581150114536285,0
0,0.09581150114536285,0
0,0.09581150114536285,0
0,0.09581150114536285,0
0,0.09581150114536285,0
0,0.09581150114536285,0
0,0.09581150114536285,0
0,0.09581150114536285,0
0,0.09581150114536285,0
0,0.09581150114536285,0
0,0.09581150114536285,0
0,0.09581150114536285,0
0,0.09581150114536285,0
0,0.09581150114536285,0
0,0.09581150114536285,0
0,0.09581150114536285,0
0,0.09581150114536285,0
0,0.09581150114536285,0
0,0.09581150114536285,0
0,0.09581150114536285,0
0,0.09581150114536285,0
0,0.09581150114536285,0
0,0.09581150114536285,0
0,0.09581150114536285,0
0,0.09581150114536285,0
0,0.09581150114536285,0
1,0.09581150114536285,0
0,0.8923224210739136,0
0,0.8895574808120728,0
0,0.883767306804657,0
0,0.8632813096046448,0
0,0.8468464016914368,0
0,0.8307079672813416,0
0,0.8125883340835571,0
0,0.7851958274841309,0
0,0.7540867328643799,0
0,0.7434166669845581,0
0,0.7469439506530762,0
0,0.09581150114536285,0
0,0.09581150114536285,0
0,0.09581150114536285,0
0,0.09581150114536285,0
0,0.09581150114536285,0
0,0.09581150114536285,0
0,0.09581150114536285,0
0,0.09581150114536285,0
0,0.09581150114536285,0
0,0.09581150114536285,0
0,0.09581150114536285,0
0,0.09581150114536285,0
0,0.09581150114536285,0
0,0.09581150114536285,0
0,0.09581150114536285,0
0,0.09581150114536285,0
0,0.09581150114536285,0
0,0.09581150114536285,0
0,0.09581150114536285,0
0,0.09581150114536285,0
0,0.09581150114536285,0
0,0.09581150114536285,0
0,0.09581150114536285,0
0,0.09581150114536285,0
0,0.09581150114536285,0
0,0.09581150114536285,0
0,0.09581150114536285,0
0,0.09581150114536285,0
0,0.09581150114536285,0
0,0.09581150114536285,0
0,0.09581150114536285,0
0,0.09581150114536285,0
0,0.09581150114536285,0
0,0.09581150114536285,0
0,0.09581150114536285,0
0,0.09581150114536285,0
0,0.09581150114536285,0
0,0.09581150114536285,0
0,0.09581150114536285,0
0,0.09581150114536285,0
0,0.09581150114536285,0
0,0.09581150114536285,0
0,0.09581150114536285,0
0,0.09581150114536285,0
1,0.09581150114536285,0
0,0.8923224210739136,0
0,0.8895574808120728,0
0,0.883767306804657,0
0,0.8632813096046448,0
0,0.8468464016914368,0
0,0.8307079672813416,0
0,0.8125883340835571,0
0,0.7851958274841309,0
0,0.7540867328643799,0
1,0.7434166669845581,0
0,0.9409173130989075,0
0,0.927946150302887,0
0,0.9309198260307312,0
0,0.9124179482460022,0
0,0.8901505470275879,0
0,0.8687310814857483,0
0,0.8494057655334473,0
0,0.8458266258239746,0
0,0.8524900078773499,0
0,0.8591539263725281,0
0,0.8680338263511658,0
0,0.8824993371963501,0
0,0.8655224442481995,0
0,0.8232917189598083,0
0,0.7687654495239258,0
0,0.757072389125824,0
0,0.7986847162246704,0
0,0.8606710433959961,0
0,0.8788176774978638,0
0,0.8553987145423889,0
0,0.8318527936935425,0
0,0.5794359445571899,0
0,0.5981054902076721,0
0,0.6770144104957581,0
0,0.7196396589279175,0
0,0.7175034880638123,0
0,0.6955389380455017,0
0,0.670813798904419,0
0,0.6545332670211792,0
0,0.6471360921859741,0
0,0.5066333413124084,0
0,0.09581150114536285,0
0,0.09581150114536285,0
0,0.09581150114536285,0
0,0.09581150114536285,0
0,0.09581150114536285,0
0,0.09581150114536285,0
0,0.09581150114536285,0
0,0.09581150114536285,0
0,0.09581150114536285,0
0,0.09581150114536285,0
0,0.09581150114536285,0
0,0.09581150114536285,0
0,0.09581150114536285,0
0,0.09581150114536285,0
0,0.09581150114536285,0
0,0.09581150114536285,0
0,0.09581150114536285,0
0,0.09581150114536285,0
0,0.09581150114536285,0
0,0.09581150114536285,0
0,0.09581150114536285,0
0,0.09581150114536285,0
0,0.09581150114536285,0
0,0.09581150114536285,0
0,0.09581150114536285,0
0,0.09581150114536285,0
0,0.09581150114536285,0
0,0.09581150114536285,0
0,0.09581150114536285,0
0,0.09581150114536285,0
0,0.09581150114536285,0
0,0.09581150114536285,0
0,0.09581150114536285,0
0,0.09581150114536285,0
0,0.09581150114536285,0
0,0.09581150114536285,0
0,0.09581150114536285,0
0,0.09581150114536285,0
0,0.09581150114536285,0
0,0.09581150114536285,0
0,0.09581150114536285,0
0,0.09581150114536285,0
0,0.09581150114536285,0
0,0.09581150114536285,0
0,0.09581150114536285,0
0,0.09581150114536285,0
0,0.09581150114536285,0
0,0.09581150114536285,0
0,0.09581150114536285,0
0,0.09581150114536285,0
0,0.09581150114536285,0
0,0.09581150114536285,0
0,0.09581150114536285,0
0,0.09581150114536285,0
0,0.09581150114536285,0
0,0.09581150114536285,0
0,0.09581150114536285,0
0,0.09581150114536285,0
0,0.09581150114536285,0
0,0.09581150114536285,0
0,0.09581150114536285,0
0,0.09581150114536285,0
0,0.09581150114536285,0
0,0.09581150114536285,0
0,0.09581150114536285,0
0,0.09581150114536285,0
0,0.09581150114536285,0
0,0.09581150114536285,0
0,0.09581150114536285,0
0,0.09581150114536285,0
0,0.09581150114536285,0
0,0.09581150114536285,0
0,0.09581150114536285,0
0,0.09581150114536285,0
0,0.09581150114536285,0
0,0.09581150114536285,0
0,0.09581150114536285,0
0,0.09581150114536285,0
0,0.09581150114536285,0
0,0.09581150114536285,0
0,0.09581150114536285,0
0,0.09581150114536285,0
0,0.09581150114536285,0
0,0.09581150114536285,0
0,0.09581150114536285,0
0,0.09581150114536285,0
0,0.09581150114536285,0
0,0.09581150114536285,0
0,0.09581150114536285,0
0,0.09581150114536285,0
0,0.09581150114536285,0
0,0.09581150114536285,0
0,0.09581150114536285,0
0,0.5066333413124084,0
0,0.09581150114536285,0
0,0.09581150114536285,0
0,0.09581150114536285,0
0,0.09581150114536285,0
0,0.09581150114536285,0
0,0.09581150114536285,0
0,0.09581150114536285,0
0,0.09581150114536285,0
0,0.09581150114536285,0
0,0.09581150114536285,0
0,0.09581150114536285,0
0,0.09581150114536285,0
0,0.09581150114536285,0
0,0.09581150114536285,0
0,0.09581150114536285,0
0,0.09581150114536285,0
0,0.09581150114536285,0
0,0.09581150114536285,0
0,0.09581150114536285,0
0,0.09581150114536285,0
0,0.09581150114536285,0
0,0.09581150114536285,0
0,0.09581150114536285,0
0,0.09581150114536285,0
0,0.09581150114536285,0
0,0.09581150114536285,0
0,0.09581150114536285,0
0,0.09581150114536285,0
0,0.09581150114536285,0
0,0.09581150114536285,0
0,0.09581150114536285,0
0,0.09581150114536285,0
0,0.09581150114536285,0
0,0.09581150114536285,0
0,0.09581150114536285,0
0,0.09581150114536285,0
0,0.09581150114536285,0
0,0.09581150114536285,0
0,0.09581150114536285,0
0,0.09581150114536285,0
0,0.09581150114536285,0
0,0.09581150114536285,0
0,0.09581150114536285,0
0,0.09581150114536285,0
0,0.09581150114536285,0
0,0.09581150114536285,0
0,0.09581150114536285,0
0,0.09581150114536285,0
0,0.09581150114536285,0
0,0.09581150114536285,0
0,0.09581150114536285,0
0,0.09581150114536285,0
0,0.09581150114536285,0
0,0.09581150114536285,0
0,0.09581150114536285,0
0,0.09581150114536285,0
0,0.09581150114536285,0
0,0.09581150114536285,0
0,0.09581150114536285,0
0,0.09581150114536285,0
0,0.09581150114536285,0
0,0.09581150114536285,0
0,0.09581150114536285,0
0,0.09581150114536285,0
0,0.09581150114536285,0
0,0.09581150114536285,0
0,0.09581150114536285,0
0,0.09581150114536285,0
0,0.09581150114536285,0
0,0.09581150114536285,0
0,0.09581150114536285,0
0,0.09581150114536285,0
0,0.09581150114536285,0
0,0.09581150114536285,0
0,0.09581150114536285,0
0,0.09581150114536285,0
0,0.09581150114536285,0
0,0.09581150114536285,0
0,0.09581150114536285,0
0,0.09581150114536285,0
0,0.09581150114536285,0
0,0.09581150114536285,0
0,0.09581150114536285,0
0,0.09581150114536285,0
0,0.09581150114536285,0
0,0.09581150114536285,0
0,0.09581150114536285,0
0,0.09581150114536285,0
0,0.09581150114536285,0
0,0.09581150114536285,0
0,0.09581150114536285,0
0,0.09581150114536285,0
0,0.09581150114536285,0
0,0.09581150114536285,0
0,0.09581150114536285,0
0,0.09581150114536285,0
0,0.09581150114536285,0
0,0.09581150114536285,0
0,0.09581150114536285,0
0,0.09581150114536285,0
0,0.09581150114536285,0
0,0.09581150114536285,0
0,0.09581150114536285,0
0,0.09581150114536285,0
0,0.09581150114536285,0
0,0.09581150114536285,0
0,0.09581150114536285,0
0,0.09581150114536285,0
0,0.09581150114536285,0
0,0.09581150114536285,0
0,0.09581150114536285,0
0,0.09581150114536285,0
0,0.09581150114536285,0
0,0.09581150114536285,0
0,0.09581150114536285,0
0,0.09581150114536285,0
0,0.09581150114536285,0
0,0.09581150114536285,0
0,0.09581150114536285,0
0,0.09581150114536285,0
0,0.09581150114536285,0
0,0.09581150114536285,0
0,0.09581150114536285,0
0,0.09581150114536285,0
0,0.09581150114536285,0
0,0.09581150114536285,0
0,0.09581150114536285,0
0,0.09581150114536285,0
0,0.09581150114536285,0
0,0.09581150114536285,0
0,0.09581150114536285,0
0,0.09581150114536285,0
0,0.09581150114536285,0
0,0.09581150114536285,0
0,0.09581150114536285,0
0,0.09581150114536285,0
0,0.09581150114536285,0
0,0.09581150114536285,0
0,0.09581150114536285,0
0,0.09581150114536285,0
0,0.09581150114536285,0
0,0.09581150114536285,0
0,0.09581150114536285,0
0,0.09581150114536285,0
0,0.09581150114536285,0
0,0.09581150114536285,0
0,0.09581150114536285,0
0,0.09581150114536285,0
0,0.09581150114536285,0
0,0.09581150114536285,0
0,0.09581150114536285,0
0,0.09581150114536285,0
0,0.09581150114536285,0
0,0.09581150114536285,0
0,0.09581150114536285,0
0,0.09581150114536285,0
0,0.09581150114536285,0
0,0.09581150114536285,0
0,0.09581150114536285,0
0,0.09581150114536285,0
0,0.09581150114536285,0
0,0.09581150114536285,0
0,0.09581150114536285,0
0,0.09581150114536285,0
0,0.09581150114536285,0
0,0.09581150114536285,0
0,0.09581150114536285,0
0,0.09581150114536285,0
0,0.09581150114536285,0
0,0.09581150114536285,0
0,0.09581150114536285,0
0,0.09581150114536285,0
0,0.09581150114536285,0
0,0.09581150114536285,0
0,0.09581150114536285,0
0,0.09581150114536285,0
0,0.09581150114536285,0
0,0.09581150114536285,0
0,0.09581150114536285,0
0,0.09581150114536285,0
0,0.09581150114536285,0
0,0.09581150114536285,0
0,0.09581150114536285,0
0,0.09581150114536285,0
0,0.09581150114536285,0
0,0.09581150114536285,0
0,0.09581150114536285,0
0,0.09581150114536285,0
0,0.09581150114536285,0
0,0.09581150114536285,0
0,0.09581150114536285,0
0,0.09581150114536285,0
0,0.09581150114536285,0
0,0.09581150114536285,0
0,0.09581150114536285,0
0,0.09581150114536285,0
0,0.09581150114536285,0
0,0.09581150114536285,0
0,0.09581150114536285,0
0,0.09581150114536285,0
0,0.09581150114536285,0
0,0.09581150114536285,0
0,0.09581150114536285,0
0,0.09581150114536285,0
0,0.09581150114536285,0
0,0.09581150114536285,0
0,0.09581150114536285,0
0,0.09581150114536285,0
0,0.09581150114536285,0
0,0.09581150114536285,0
0,0.09581150114536285,0
0,0.09581150114536285,0
0,0.09581150114536285,0
0,0.09581150114536285,0
0,0.09581150114536285,0
0,0.09581150114536285,0
0,0.09581150114536285,0
0,0.09581150114536285,0
0,0.09581150114536285,0
0,0.09581150114536285,0
0,0.09581150114536285,0
0,0.09581150114536285,0
0,0.09581150114536285,0
0,0.09581150114536285,0
0,0.09581150114536285,0
0,0.09581150114536285,0
0,0.09581150114536285,0
0,0.09581150114536285,0
0,0.09581150114536285,0
0,0.09581150114536285,0
0,0.09581150114536285,0
0,0.09581150114536285,0
0,0.09581150114536285,0
0,0.09581150114536285,0
0,0.09581150114536285,0
0,0.09581150114536285,0
0,0.09581150114536285,0
0,0.09581150114536285,0
0,0.09581150114536285,0
0,0.09581150114536285,0
0,0.09581150114536285,0
0,0.09581150114536285,0
0,0.09581150114536285,0
0,0.09581150114536285,0
0,0.09581150114536285,0
0,0.09581150114536285,0
0,0.09581150114536285,0
0,0.09581150114536285,0
0,0.09581150114536285,0
0,0.09581150114536285,0
0,0.09581150114536285,0
0,0.09581150114536285,0
0,0.09581150114536285,0
0,0.09581150114536285,0
0,0.09581150114536285,0
0,0.09581150114536285,0
0,0.09581150114536285,0
0,0.09581150114536285,0
0,0.09581150114536285,0
0,0.09581150114536285,0
0,0.09581150114536285,0
0,0.09581150114536285,0
0,0.09581150114536285,0
0,0.09581150114536285,0
0,0.09581150114536285,0
0,0.09581150114536285,0
0,0.09581150114536285,0
0,0.09581150114536285,0
0,0.09581150114536285,0
0,0.09581150114536285,0
0,0.09581150114536285,0
0,0.09581150114536285,0
0,0.09581150114536285,0
0,0.09581150114536285,0
0,0.09581150114536285,0
0,0.09581150114536285,0
0,0.09581150114536285,0
0,0.09581150114536285,0
0,0.09581150114536285,0
0,0.09581150114536285,0
0,0.09581150114536285,0
0,0.09581150114536285,0
0,0.09581150114536285,0
0,0.09581150114536285,0
0,0.09581150114536285,0
0,0.09581150114536285,0
0,0.09581150114536285,0
0,0.09581150114536285,0
0,0.09581150114536285,0
0,0.09581150114536285,0
0,0.09581150114536285,0
0,0.09581150114536285,0
0,0.09581150114536285,0
0,0.09581150114536285,0
0,0.09581150114536285,0
0,0.09581150114536285,0
0,0.09581150114536285,0
0,0.09581150114536285,0
0,0.09581150114536285,0
0,0.09581150114536285,0
0,0.09581150114536285,0
0,0.09581150114536285,0
0,0.09581150114536285,0
0,0.09581150114536285,0
0,0.09581150114536285,0
0,0.09581150114536285,0
0,0.09581150114536285,0
0,0.09581150114536285,0
0,0.09581150114536285,0
0,0.09581150114536285,0
0,0.09581150114536285,0
0,0.09581150114536285,0
0,0.09581150114536285,0
0,0.09581150114536285,0
0,0.09581150114536285,0
0,0.09581150114536285,0
0,0.09581150114536285,0
0,0.09581150114536285,0
0,0.09581150114536285,0
0,0.09581150114536285,0
0,0.09581150114536285,0
0,0.09581150114536285,0
0,0.09581150114536285,0
0,0.09581150114536285,0
0,0.09581150114536285,0
0,0.09581150114536285,0
0,0.09581150114536285,0
0,0.09581150114536285,0
0,0.09581150114536285,0
0,0.09581150114536285,0
0,0.09581150114536285,0
0,0.09581150114536285,0
0,0.09581150114536285,0
0,0.09581150114536285,0
0,0.09581150114536285,0
0,0.09581150114536285,0
0,0.09581150114536285,0
0,0.09581150114536285,0
0,0.09581150114536285,0
0,0.09581150114536285,0
0,0.09581150114536285,0
0,0.09581150114536285,0
0,0.09581150114536285,0
0,0.09581150114536285,0
0,0.09581150114536285,0
0,0.09581150114536285,0
0,0.09581150114536285,0
0,0.09581150114536285,0
0,0.09581150114536285,0
0,0.09581150114536285,0
0,0.09581150114536285,0
0,0.09581150114536285,0
0,0.09581150114536285,0
0,0.09581150114536285,0
0,0.09581150114536285,0
0,0.09581150114536285,0
0,0.09581150114536285,0
0,0.8979957699775696,0
0,0.9150552749633789,0
0,0.9341837167739868,0
0,0.9208460450172424,0
0,0.8876981139183044,0
0,0.7832936644554138,0
0,0.7563088536262512,0
0,0.7858086824417114,0
0,0.83440762758255,0
0,0.862261176109314,0
0,0.8468497395515442,0
0,0.7908004522323608,0
0,0.7442753314971924,0
0,0.7932780385017395,0
0,0.6770144104957581,0
0,0.7196396589279175,0
0,0.7175034880638123,0
0,0.6955389380455017,0
0,0.670813798904419,0
0,0.6545332670211792,0
0,0.6471360921859741,0
0,0.5066333413124084,0
1,0.09581150114536285,0
0,0.8923224210739136,0
0,0.8895574808120728,0
0,0.883767306804657,0
0,0.8632813096046448,0
0,0.8468464016914368,0
0,0.8307079672813416,0
0,0.8125883340835571,0
0,0.7851958274841309,0
0,0.7540867328643799,0
0,0.7434166669845581,0
0,0.7469439506530762,0
0,0.7541808485984802,0
0,0.7545438408851624,0
0,0.7282616496086121,0
0,0.6804725527763367,0
0,0.6562877893447876,0
0,0.6852715611457825,0
0,0.7351422905921936,0
0,0.7442667484283447,0
0,0.7101284265518188,0
0,0.6404545903205872,0
0,0.5794359445571899,0
0,0.5981054902076721,0
0,0.6770144104957581,0
0,0.7196396589279175,0
0,0.7175034880638123,0
0,0.6955389380455017,0
0,0.670813798904419,0
0,0.6545332670211792,0
0,0.6471360921859741,0
0,0.5066333413124084,0
0,0.09581150114536285,0
0,0.09581150114536285,0
0,0.09581150114536285,0
0,0.09581150114536285,0
0,0.09581150114536285,0
0,0.09581150114536285,0
0,0.09581150114536285,0
0,0.09581150114536285,0
0,0.09581150114536285,0
0,0.09581150114536285,0
0,0.09581150114536285,0
0,0.09581150114536285,0
0,0.09581150114536285,0
0,0.09581150114536285,0
0,0.09581150114536285,0
0,0.09581150114536285,0
0,0.09581150114536285,0
0,0.09581150114536285,0
0,0.09581150114536285,0
0,0.09581150114536285,0
0,0.09581150114536285,0
0,0.09581150114536285,0
0,0.09581150114536285,0
0,0.09581150114536285,0
0,0.09581150114536285,0
0,0.09581150114536285,0
0,0.09581150114536285,0
0,0.09581150114536285,0
0,0.09581150114536285,0
0,0.09581150114536285,0
0,0.09581150114536285,0
0,0.09581150114536285,0
0,0.09581150114536285,0
0,0.09581150114536285,0
0,0.09581150114536285,0
0,0.09581150114536285,0
0,0.09581150114536285,0
0,0.09581150114536285,0
0,0.09581150114536285,0
0,0.09581150114536285,0
0,0.09581150114536285,0
0,0.09581150114536285,0
0,0.09581150114536285,0
0,0.09581150114536285,0
0,0.09581150114536285,0
0,0.09581150114536285,0
0,0.09581150114536285,0
0,0.09581150114536285,0
0,0.09581150114536285,0
0,0.09581150114536285,0
0,0.09581150114536285,0
0,0.09581150114536285,0
0,0.09581150114536285,0
0,0.09581150114536285,0
0,0.09581150114536285,0
0,0.09581150114536285,0
0,0.09581150114536285,0
0,0.09581150114536285,0
0,0.09581150114536285,0
0,0.09581150114536285,0
0,0.09581150114536285,0
0,0.09581150114536285,0
0,0.09581150114536285,0
0,0.09581150114536285,0
0,0.09581150114536285,0
0,0.09581150114536285,0
0,0.09581150114536285,0
0,0.09581150114536285,0
0,0.09581150114536285,0
0,0.09581150114536285,0
0,0.09581150114536285,0
0,0.09581150114536285,0
0,0.09581150114536285,0
0,0.09581150114536285,0
0,0.09581150114536285,0
0,0.09581150114536285,0
0,0.09581150114536285,0
0,0.09581150114536285,0
0,0.09581150114536285,0
0,0.09581150114536285,0
0,0.09581150114536285,0
0,0.09581150114536285,0
0,0.09581150114536285,0
0,0.09581150114536285,0
0,0.09581150114536285,0
0,0.09581150114536285,0
0,0.09581150114536285,0
0,0.09581150114536285,0
0,0.09581150114536285,0
0,0.09581150114536285,0
0,0.09581150114536285,0
0,0.09581150114536285,0
0,0.09581150114536285,0
0,0.09581150114536285,0
0,0.09581150114536285,0
0,0.09581150114536285,0
0,0.09581150114536285,0
0,0.09581150114536285,0
0,0.09581150114536285,0
0,0.09581150114536285,0
0,0.09581150114536285,0
0,0.09581150114536285,0
0,0.09581150114536285,0
0,0.09581150114536285,0
0,0.09581150114536285,0
0,0.09581150114536285,0
0,0.09581150114536285,0
0,0.09581150114536285,0
0,0.09581150114536285,0
0,0.09581150114536285,0
0,0.09581150114536285,0
0,0.09581150114536285,0
0,0.09581150114536285,0
0,0.09581150114536285,0
0,0.09581150114536285,0
0,0.09581150114536285,0
0,0.09581150114536285,0
0,0.09581150114536285,0
0,0.09581150114536285,0
0,0.09581150114536285,0
0,0.09581150114536285,0
0,0.09581150114536285,0
0,0.09581150114536285,0
0,0.09581150114536285,0
0,0.09581150114536285,0
0,0.09581150114536285,0
0,0.09581150114536285,0
0,0.09581150114536285,0
0,0.09581150114536285,0
0,0.09581150114536285,0
0,0.09581150114536285,0
0,0.09581150114536285,0
0,0.09581150114536285,0
0,0.09581150114536285,0
0,0.09581150114536285,0
0,0.09581150114536285,0
0,0.09581150114536285,0
0,0.09581150114536285,0
0,0.09581150114536285,0
0,0.09581150114536285,0
0,0.09581150114536285,0
0,0.09581150114536285,0
0,0.09581150114536285,0
0,0.09581150114536285,0
0,0.09581150114536285,0
0,0.09581150114536285,0
0,0.09581150114536285,0
0,0.09581150114536285,0
0,0.09581150114536285,0
0,0.09581150114536285,0
0,0.09581150114536285,0
0,0.09581150114536285,0
0,0.09581150114536285,0
0,0.09581150114536285,0
0,0.09581150114536285,0
0,0.09581150114536285,0
0,0.09581150114536285,0
0,0.09581150114536285,0
0,0.09581150114536285,0
0,0.09581150114536285,0
0,0.09581150114536285,0
0,0.09581150114536285,0
0,0.09581150114536285,0
0,0.09581150114536285,0
0,0.09581150114536285,0
0,0.09581150114536285,0
0,0.09581150114536285,0
0,0.09581150114536285,0
0,0.09581150114536285,0
0,0.09581150114536285,0
0,0.09581150114536285,0
0,0.09581150114536285,0
0,0.09581150114536285,0
0,0.09581150114536285,0
0,0.09581150114536285,0
0,0.09581150114536285,0
0,0.09581150114536285,0
0,0.09581150114536285,0
0,0.09581150114536285,0
0,0.09581150114536285,0
0,0.09581150114536285,0
0,0.09581150114536285,0
0,0.09581150114536285,0
0,0.09581150114536285,0
0,0.09581150114536285,0
0,0.09581150114536285,0
0,0.09581150114536285,0
0,0.09581150114536285,0
0,0.09581150114536285,0
0,0.09581150114536285,0
0,0.09581150114536285,0
0,0.09581150114536285,0
0,0.09581150114536285,0
0,0.09581150114536285,0
0,0.09581150114536285,0
0,0.09581150114536285,0
0,0.09581150114536285,0
0,0.09581150114536285,0
0,0.09581150114536285,0
0,0.09581150114536285,0
0,0.09581150114536285,0
0,0.09581150114536285,0
0,0.09581150114536285,0
0,0.09581150114536285,0
0,0.09581150114536285,0
0,0.09581150114536285,0
0,0.09581150114536285,0
0,0.09581150114536285,0
0,0.09581150114536285,0
0,0.09581150114536285,0
0,0.09581150114536285,0
0,0.09581150114536285,0
0,0.09581150114536285,0
0,0.09581150114536285,0
0,0.09581150114536285,0
0,0.09581150114536285,0
0,0.09581150114536285,0
0,0.09581150114536285,0
0,0.09581150114536285,0
0,0.09581150114536285,0
0,0.09581150114536285,0
0,0.09581150114536285,0
0,0.09581150114536285,0
0,0.09581150114536285,0
0,0.09581150114536285,0
0,0.09581150114536285,0
0,0.09581150114536285,0
0,0.09581150114536285,0
0,0.09581150114536285,0
0,0.09581150114536285,0
0,0.09581150114536285,0
0,0.09581150114536285,0
0,0.09581150114536285,0
0,0.09581150114536285,0
0,0.09581150114536285,0
0,0.09581150114536285,0
0,0.09581150114536285,0
0,0.09581150114536285,0
0,0.09581150114536285,0
0,0.09581150114536285,0
0,0.09581150114536285,0
0,0.09581150114536285,0
0,0.09581150114536285,0
0,0.09581150114536285,0
0,0.09581150114536285,0
0,0.09581150114536285,0
0,0.09581150114536285,0
0,0.09581150114536285,0
0,0.09581150114536285,0
0,0.09581150114536285,0
0,0.09581150114536285,0
0,0.09581150114536285,0
0,0.09581150114536285,0
0,0.09581150114536285,0
0,0.09581150114536285,0
0,0.09581150114536285,0
0,0.09581150114536285,0
0,0.09581150114536285,0
0,0.09581150114536285,0
0,0.09581150114536285,0
0,0.09581150114536285,0
0,0.09581150114536285,0
0,0.09581150114536285,0
0,0.09581150114536285,0
0,0.09581150114536285,0
0,0.09581150114536285,0
0,0.09581150114536285,0
0,0.09581150114536285,0
0,0.09581150114536285,0
0,0.09581150114536285,0
0,0.09581150114536285,0
0,0.09581150114536285,0
0,0.09581150114536285,0
0,0.09581150114536285,0
0,0.09581150114536285,0
0,0.09581150114536285,0
0,0.09581150114536285,0
0,0.09581150114536285,0
0,0.09581150114536285,0
0,0.09581150114536285,0
0,0.09581150114536285,0
0,0.09581150114536285,0
0,0.09581150114536285,0
0,0.09581150114536285,0
0,0.09581150114536285,0
0,0.09581150114536285,0
0,0.09581150114536285,0
0,0.09581150114536285,0
0,0.09581150114536285,0
0,0.09581150114536285,0
0,0.09581150114536285,0
0,0.09581150114536285,0
0,0.09581150114536285,0
0,0.09581150114536285,0
0,0.09581150114536285,0
0,0.09581150114536285,0
0,0.09581150114536285,0
0,0.09581150114536285,0
0,0.09581150114536285,0
0,0.09581150114536285,0
0,0.09581150114536285,0
0,0.09581150114536285,0
0,0.09581150114536285,0
0,0.09581150114536285,0
0,0.93205326795578,0
0,0.9298741817474365,0
0,0.9339561462402344,0
0,0.927327036857605,0
0,0.9320444464683533,0
0,0.9388219714164734,0
0,0.9363702535629272,0
0,0.9306830167770386,0
0,0.861710250377655,0
0,0.83933424949646,0
0,0.8570109009742737,0
0,0.8876238465309143,0
0,0.8925091624259949,0
0,0.8650432229042053,0
0,0.8188457489013672,0
0,0.7995429635047913,0
0,0.8202307224273682,0
0,0.8502005338668823,0
0,0.8598374724388123,0
0,0.8374188542366028,0
0,0.7857754826545715,0
0,0.7462229132652283,0
0,0.751491904258728,0
0,0.8375421762466431,0
0,0.8534634113311768,0
0,0.7175034880638123,0
0,0.6955389380455017,0
0,0.670813798904419,0
0,0.6545332670211792,0
0,0.6471360921859741,0
0,0.5066333413124084,0
0,0.09581150114536285,0
0,0.09581150114536285,0
0,0.09581150114536285,0
0,0.09581150114536285,0
0,0.09581150114536285,0
0,0.09581150114536285,0
0,0.09581150114536285,0
0,0.09581150114536285,0
0,0.09581150114536285,0
0,0.09581150114536285,0
0,0.09581150114536285,0
0,0.09581150114536285,0
0,0.09581150114536285,0
0,0.09581150114536285,0
0,0.09581150114536285,0
0,0.09581150114536285,0
0,0.09581150114536285,0
0,0.09581150114536285,0
0,0.09581150114536285,0
0,0.09581150114536285,0
0,0.09581150114536285,0
0,0.09581150114536285,0
0,0.09581150114536285,0
0,0.09581150114536285,0
0,0.09581150114536285,0
0,0.09581150114536285,0
0,0.09581150114536285,0
0,0.09581150114536285,0
0,0.09581150114536285,0
0,0.09581150114536285,0
0,0.09581150114536285,0
0,0.09581150114536285,0
0,0.09581150114536285,0
0,0.09581150114536285,0
0,0.09581150114536285,0
0,0.09581150114536285,0
0,0.09581150114536285,0
0,0.09581150114536285,0
1,0.09581150114536285,0
0,0.8923224210739136,0
0,0.8895574808120728,0
0,0.883767306804657,0
0,0.8632813096046448,0
0,0.8468464016914368,0
0,0.8307079672813416,0
0,0.8125883340835571,0
0,0.7851958274841309,0
0,0.7540867328643799,0
0,0.7434166669845581,0
0,0.7469439506530762,0
0,0.7541808485984802,0
0,0.7545438408851624,0
0,0.7282616496086121,0
0,0.6804725527763367,0
0,0.6562877893447876,0
0,0.6852715611457825,0
0,0.7351422905921936,0
0,0.7442667484283447,0
0,0.7101284265518188,0
0,0.6404545903205872,0
0,0.5794359445571899,0
0,0.5981054902076721,0
0,0.6770144104957581,0
0,0.7196396589279175,0
0,0.7175034880638123,0
0,0.6955389380455017,0
0,0.670813798904419,0
0,0.6545332670211792,0
0,0.6471360921859741,0
0,0.5066333413124084,0
0,0.09581150114536285,0
0,0.09581150114536285,0
0,0.09581150114536285,0
0,0.09581150114536285,0
0,0.09581150114536285,0
0,0.09581150114536285,0
0,0.09581150114536285,0
0,0.09581150114536285,0
0,0.09581150114536285,0
0,0.09581150114536285,0
0,0.09581150114536285,0
0,0.09581150114536285,0
0,0.09581150114536285,0
0,0.09581150114536285,0
0,0.09581150114536285,0
0,0.09581150114536285,0
0,0.09581150114536285,0
0,0.09581150114536285,0
0,0.09581150114536285,0
0,0.09581150114536285,0
0,0.09581150114536285,0
0,0.09581150114536285,0
0,0.09581150114536285,0
0,0.09581150114536285,0
0,0.09581150114536285,0
0,0.09581150114536285,0
0,0.09581150114536285,0
0,0.09581150114536285,0
0,0.09581150114536285,0
0,0.09581150114536285,0
0,0.09581150114536285,0
0,0.09581150114536285,0
0,0.09581150114536285,0
0,0.09581150114536285,0
0,0.09581150114536285,0
0,0.09581150114536285,0
0,0.09581150114536285,0
0,0.09581150114536285,0
0,0.09581150114536285,0
0,0.09581150114536285,0
0,0.09581150114536285,0
0,0.09581150114536285,0
0,0.09581150114536285,0
0,0.09581150114536285,0
0,0.09581150114536285,0
0,0.09581150114536285,0
0,0.09581150114536285,0
0,0.09581150114536285,0
0,0.09581150114536285,0
0,0.09581150114536285,0
0,0.09581150114536285,0
0,0.09581150114536285,0
0,0.09581150114536285,0
0,0.09581150114536285,0
0,0.09581150114536285,0
0,0.09581150114536285,0
0,0.09581150114536285,0
0,0.09581150114536285,0
0,0.09581150114536285,0
0,0.09581150114536285,0
0,0.09581150114536285,0
0,0.09581150114536285,0
0,0.09581150114536285,0
0,0.09581150114536285,0
0,0.09581150114536285,0
0,0.09581150114536285,0
0,0.09581150114536285,0
0,0.09581150114536285,0
0,0.09581150114536285,0
0,0.09581150114536285,0
0,0.09581150114536285,0
0,0.09581150114536285,0
0,0.09581150114536285,0
0,0.09581150114536285,0
0,0.09581150114536285,0
0,0.09581150114536285,0
0,0.09581150114536285,0
0,0.09581150114536285,0
0,0.8778126835823059,0
0,0.7326969504356384,0
0,0.7095518708229065,0
0,0.6651527881622314,0
0,0.5066333413124084,0
0,0.09581150114536285,0
0,0.09581150114536285,0
0,0.09581150114536285,0
0,0.09581150114536285,0
0,0.09581150114536285,0
0,0.09581150114536285,0
0,0.09581150114536285,0
0,0.09581150114536285,0
0,0.09581150114536285,0
0,0.09581150114536285,0
0,0.09581150114536285,0
0,0.09581150114536285,0
0,0.09581150114536285,0
0,0.09581150114536285,0
0,0.09581150114536285,0
0,0.09581150114536285,0
0,0.09581150114536285,0
0,0.09581150114536285,0
0,0.09581150114536285,0
0,0.09581150114536285,0
0,0.09581150114536285,0
0,0.09581150114536285,0
0,0.09581150114536285,0
0,0.09581150114536285,0
0,0.09581150114536285,0
0,0.09581150114536285,0
0,0.09581150114536285,0
0,0.09581150114536285,0
0,0.09581150114536285,0
0,0.09581150114536285,0
0,0.09581150114536285,0
0,0.09581150114536285,0
0,0.09581150114536285,0
0,0.09581150114536285,0
0,0.09581150114536285,0
0,0.09581150114536285,0
0,0.09581150114536285,0
0,0.09581150114536285,0
0,0.09581150114536285,0
0,0.09581150114536285,0
0,0.09581150114536285,0
0,0.09581150114536285,0
0,0.09581150114536285,0
0,0.09581150114536285,0
0,0.09581150114536285,0
0,0.09581150114536285,0
0,0.09581150114536285,0
0,0.09581150114536285,0
0,0.09581150114536285,0
0,0.09581150114536285,0
0,0.09581150114536285,0
0,0.09581150114536285,0
0,0.09581150114536285,0
0,0.09581150114536285,0
0,0.09581150114536285,0
0,0.09581150114536285,0
0,0.09581150114536285,0
0,0.09581150114536285,0
0,0.09581150114536285,0
0,0.09581150114536285,0
0,0.09581150114536285,0
0,0.09581150114536285,0
0,0.09581150114536285,0
0,0.09581150114536285,0
0,0.09581150114536285,0
0,0.09581150114536285,0
0,0.09581150114536285,0
0,0.09581150114536285,0
0,0.09581150114536285,0
0,0.09581150114536285,0
0,0.09581150114536285,0
0,0.09581150114536285,0
0,0.09581150114536285,0
0,0.09581150114536285,0
0,0.09581150114536285,0
0,0.09581150114536285,0
0,0.09581150114536285,0
0,0.09581150114536285,0
0,0.09581150114536285,0
0,0.09581150114536285,0
0,0.09581150114536285,0
0,0.09581150114536285,0
0,0.09581150114536285,0
0,0.09581150114536285,0
0,0.09581150114536285,0
0,0.09581150114536285,0
0,0.09581150114536285,0
0,0.09581150114536285,0
0,0.09581150114536285,0
0,0.09581150114536285,0
0,0.09581150114536285,0
0,0.09581150114536285,0
0,0.09581150114536285,0
0,0.09581150114536285,0
0,0.09581150114536285,0
0,0.09581150114536285,0
0,0.09581150114536285,0
0,0.09581150114536285,0
0,0.09581150114536285,0
0,0.09581150114536285,0
0,0.09581150114536285,0
0,0.09581150114536285,0
0,0.09581150114536285,0
0,0.09581150114536285,0
0,0.09581150114536285,0
0,0.09581150114536285,0
0,0.09581150114536285,0
0,0.09581150114536285,0
0,0.09581150114536285,0
0,0.09581150114536285,0
0,0.09581150114536285,0
0,0.09581150114536285,0
0,0.09581150114536285,0
0,0.09581150114536285,0
0,0.09581150114536285,0
0,0.09581150114536285,0
0,0.09581150114536285,0
0,0.09581150114536285,0
0,0.09581150114536285,0
0,0.09581150114536285,0
0,0.09581150114536285,0
0,0.09581150114536285,0
0,0.09581150114536285,0
0,0.09581150114536285,0
0,0.09581150114536285,0
0,0.09581150114536285,0
0,0.09581150114536285,0
0,0.09581150114536285,0
0,0.09581150114536285,0
0,0.09581150114536285,0
0,0.09581150114536285,0
0,0.09581150114536285,0
0,0.09581150114536285,0
0,0.09581150114536285,0
0,0.09581150114536285,0
0,0.09581150114536285,0
0,0.09581150114536285,0
0,0.09581150114536285,0
0,0.09581150114536285,0
0,0.09581150114536285,0
0,0.09581150114536285,0
0,0.09581150114536285,0
0,0.09581150114536285,0
0,0.09581150114536285,0
0,0.09581150114536285,0
0,0.09581150114536285,0
0,0.09581150114536285,0
0,0.09581150114536285,0
0,0.09581150114536285,0
0,0.09581150114536285,0
0,0.09581150114536285,0
0,0.09581150114536285,0
0,0.09581150114536285,0
0,0.09581150114536285,0
0,0.09581150114536285,0
0,0.09581150114536285,0
0,0.09581150114536285,0
0,0.09581150114536285,0
0,0.09581150114536285,0
0,0.09581150114536285,0
0,0.09581150114536285,0
0,0.09581150114536285,0
0,0.09581150114536285,0
0,0.09581150114536285,0
0,0.09581150114536285,0
0,0.09581150114536285,0
0,0.09581150114536285,0
0,0.09581150114536285,0
0,0.09581150114536285,0
0,0.09581150114536285,0
0,0.09581150114536285,0
0,0.09581150114536285,0
0,0.09581150114536285,0
0,0.09581150114536285,0
0,0.8836854100227356,0
0,0.8790192604064941,0
0,0.8910511136054993,0
0,0.9083533883094788,0
0,0.8413355946540833,0
0,0.81602942943573,0
0,0.7969427108764648,0
0,0.780768632888794,0
0,0.7738993763923645,0
0,0.7921103835105896,0
0,0.8070617318153381,0
0,0.8127040863037109,0
0,0.8284408450126648,0
0,0.6545332670211792,0
0,0.6471360921859741,0
0,0.5066333413124084,0
0,0.09581150114536285,0
0,0.09581150114536285,0
0,0.09581150114536285,0
1,0.09581150114536285,0
0,0.8923224210739136,0
0,0.8895574808120728,0
0,0.883767306804657,0
0,0.8632813096046448,0
0,0.8468464016914368,0
0,0.8307079672813416,0
0,0.8125883340835571,0
0,0.7851958274841309,0
0,0.7540867328643799,0
0,0.7434166669845581,0
0,0.7469439506530762,0
0,0.7541808485984802,0
0,0.7545438408851624,0
0,0.7282616496086121,0
0,0.6804725527763367,0
0,0.6562877893447876,0
0,0.6852715611457825,0
0,0.7351422905921936,0
0,0.7442667484283447,0
0,0.7101284265518188,0
0,0.6404545903205872,0
0,0.5794359445571899,0
0,0.5981054902076721,0
0,0.6770144104957581,0
0,0.7196396589279175,0
0,0.7175034880638123,0
0,0.6955389380455017,0
0,0.670813798904419,0
0,0.6545332670211792,0
0,0.6471360921859741,0
0,0.5066333413124084,0
0,0.09581150114536285,0
0,0.09581150114536285,0
0,0.09581150114536285,0
0,0.09581150114536285,0
0,0.09581150114536285,0
0,0.09581150114536285,0
0,0.09581150114536285,0
0,0.09581150114536285,0
0,0.09581150114536285,0
0,0.09581150114536285,0
0,0.09581150114536285,0
0,0.09581150114536285,0
0,0.09581150114536285,0
0,0.09581150114536285,0
0,0.09581150114536285,0
0,0.09581150114536285,0
0,0.09581150114536285,0
0,0.09581150114536285,0
0,0.09581150114536285,0
0,0.09581150114536285,0
0,0.09581150114536285,0
0,0.09581150114536285,0
0,0.09581150114536285,0
0,0.09581150114536285,0
0,0.09581150114536285,0
0,0.09581150114536285,0
0,0.09581150114536285,0
0,0.09581150114536285,0
0,0.09581150114536285,0
0,0.09581150114536285,0
0,0.09581150114536285,0
0,0.09581150114536285,0
0,0.09581150114536285,0
0,0.09581150114536285,0
0,0.09581150114536285,0
0,0.09581150114536285,0
0,0.09581150114536285,0
0,0.09581150114536285,0
0,0.09581150114536285,0
0,0.09581150114536285,0
0,0.09581150114536285,0
0,0.09581150114536285,0
0,0.09581150114536285,0
0,0.09581150114536285,0
0,0.09581150114536285,0
0,0.09581150114536285,0
0,0.09581150114536285,0
0,0.09581150114536285,0
0,0.09581150114536285,0
0,0.09581150114536285,0
0,0.09581150114536285,0
0,0.09581150114536285,0
0,0.09581150114536285,0
0,0.09581150114536285,0
0,0.09581150114536285,0
0,0.09581150114536285,0
0,0.09581150114536285,0
0,0.09581150114536285,0
0,0.09581150114536285,0
0,0.09581150114536285,0
0,0.09581150114536285,0
0,0.09581150114536285,0
0,0.09581150114536285,0
0,0.09581150114536285,0
0,0.09581150114536285,0
0,0.09581150114536285,0
0,0.09581150114536285,0
0,0.09581150114536285,0
0,0.09581150114536285,0
0,0.09581150114536285,0
0,0.09581150114536285,0
0,0.09581150114536285,0
0,0.09581150114536285,0
0,0.09581150114536285,0
0,0.09581150114536285,0
0,0.09581150114536285,0
0,0.09581150114536285,0
0,0.09581150114536285,0
0,0.09581150114536285,0
0,0.09581150114536285,0
0,0.09581150114536285,0
0,0.09581150114536285,0
0,0.09581150114536285,0
0,0.09581150114536285,0
0,0.09581150114536285,0
0,0.09581150114536285,0
0,0.09581150114536285,0
0,0.09581150114536285,0
0,0.09581150114536285,0
0,0.09581150114536285,0
0,0.09581150114536285,0
0,0.09581150114536285,0
0,0.09581150114536285,0
0,0.09581150114536285,0
0,0.09581150114536285,0
0,0.09581150114536285,0
0,0.09581150114536285,0
0,0.09581150114536285,0
0,0.09581150114536285,0
0,0.09581150114536285,0
0,0.09581150114536285,0
0,0.09581150114536285,0
0,0.09581150114536285,0
0,0.09581150114536285,0
0,0.09581150114536285,0
0,0.09581150114536285,0
0,0.09581150114536285,0
0,0.09581150114536285,0
0,0.09581150114536285,0
0,0.09581150114536285,0
0,0.09581150114536285,0
0,0.09581150114536285,0
0,0.09581150114536285,0
0,0.09581150114536285,0
0,0.09581150114536285,0
0,0.09581150114536285,0
0,0.09581150114536285,0
0,0.09581150114536285,0
0,0.09581150114536285,0
0,0.09581150114536285,0
0,0.09581150114536285,0
0,0.09581150114536285,0
0,0.09581150114536285,0
0,0.09581150114536285,0
0,0.09581150114536285,0
0,0.09581150114536285,0
0,0.09581150114536285,0
0,0.09581150114536285,0
0,0.8160327672958374,0
0,0.8480899930000305,0
0,0.7675675749778748,0
0,0.7961130142211914,0
0,0.8176868557929993,0
0,0.8115405440330505,0
0,0.7987960577011108,0
0,0.7955731749534607,0
0,0.8108029365539551,0
0,0.6471360921859741,0
0,0.5066333413124084,0
0,0.09581150114536285,0
0,0.09581150114536285,0
0,0.09581150114536285,0
0,0.09581150114536285,0
0,0.09581150114536285,0
0,0.09581150114536285,0
0,0.09581150114536285,0
0,0.09581150114536285,0
0,0.09581150114536285,0
0,0.09581150114536285,0
0,0.09581150114536285,0
0,0.09581150114536285,0
0,0.09581150114536285,0
0,0.09581150114536285,0
0,0.09581150114536285,0
0,0.09581150114536285,0
0,0.09581150114536285,0
0,0.09581150114536285,0
0,0.09581150114536285,0
0,0.09581150114536285,0
0,0.09581150114536285,0
0,0.09581150114536285,0
0,0.09581150114536285,0
0,0.09581150114536285,0
0,0.09581150114536285,0
0,0.09581150114536285,0
0,0.09581150114536285,0
0,0.09581150114536285,0
0,0.09581150114536285,0
0,0.09581150114536285,0
0,0.09581150114536285,0
0,0.09581150114536285,0
0,0.09581150114536285,0
0,0.09581150114536285,0
0,0.09581150114536285,0
0,0.09581150114536285,0
0,0.09581150114536285,0
0,0.09581150114536285,0
0,0.09581150114536285,0
0,0.09581150114536285,0
0,0.09581150114536285,0
0,0.09581150114536285,0
0,0.09581150114536285,0
0,0.09581150114536285,0
0,0.09581150114536285,0
0,0.09581150114536285,0
0,0.09581150114536285,0
0,0.09581150114536285,0
0,0.09581150114536285,0
0,0.09581150114536285,0
0,0.09581150114536285,0
0,0.09581150114536285,0
0,0.09581150114536285,0
0,0.09581150114536285,0
0,0.09581150114536285,0
0,0.09581150114536285,0
0,0.09581150114536285,0
0,0.09581150114536285,0
0,0.09581150114536285,0
0,0.09581150114536285,0
0,0.09581150114536285,0
0,0.09581150114536285,0
0,0.09581150114536285,0
0,0.09581150114536285,0
0,0.09581150114536285,0
0,0.09581150114536285,0
0,0.09581150114536285,0
0,0.09581150114536285,0
0,0.09581150114536285,0
0,0.09581150114536285,0
0,0.09581150114536285,0
0,0.09581150114536285,0
0,0.09581150114536285,0
0,0.09581150114536285,0
0,0.09581150114536285,0
0,0.09581150114536285,0
0,0.09581150114536285,0
0,0.09581150114536285,0
0,0.09581150114536285,0
0,0.09581150114536285,0
0,0.09581150114536285,0
0,0.09581150114536285,0
0,0.09581150114536285,0
0,0.09581150114536285,0
0,0.09581150114536285,0
0,0.09581150114536285,0
0,0.09581150114536285,0
0,0.09581150114536285,0
0,0.09581150114536285,0
0,0.09581150114536285,0
0,0.09581150114536285,0
0,0.09581150114536285,0
0,0.09581150114536285,0
0,0.09581150114536285,0
0,0.09581150114536285,0
0,0.09581150114536285,0
0,0.09581150114536285,0
0,0.09581150114536285,0
0,0.09581150114536285,0
0,0.09581150114536285,0
0,0.09581150114536285,0
0,0.09581150114536285,0
0,0.09581150114536285,0
0,0.09581150114536285,0
0,0.09581150114536285,0
0,0.09581150114536285,0
0,0.09581150114536285,0
0,0.09581150114536285,0
0,0.09581150114536285,0
0,0.09581150114536285,0
0,0.09581150114536285,0
0,0.09581150114536285,0
0,0.09581150114536285,0
0,0.09581150114536285,0
0,0.09581150114536285,0
0,0.09581150114536285,0
0,0.09581150114536285,0
0,0.09581150114536285,0
0,0.09581150114536285,0
0,0.09581150114536285,0
0,0.09581150114536285,0
0,0.09581150114536285,0
0,0.09581150114536285,0
0,0.09581150114536285,0
0,0.09581150114536285,0
0,0.09581150114536285,0
0,0.09581150114536285,0
0,0.09581150114536285,0
0,0.09581150114536285,0
0,0.09581150114536285,0
0,0.09581150114536285,0
0,0.09581150114536285,0
0,0.09581150114536285,0
0,0.09581150114536285,0
0,0.09581150114536285,0
0,0.09581150114536285,0
0,0.09581150114536285,0
0,0.09581150114536285,0
0,0.09581150114536285,0
0,0.09581150114536285,0
0,0.09581150114536285,0
0,0.09581150114536285,0
0,0.09581150114536285,0
0,0.09581150114536285,0
0,0.09581150114536285,0
0,0.09581150114536285,0
0,0.09581150114536285,0
0,0.09581150114536285,0
0,0.09581150114536285,0
0,0.09581150114536285,0
0,0.09581150114536285,0
0,0.09581150114536285,0
0,0.09581150114536285,0
0,0.09581150114536285,0
0,0.09581150114536285,0
0,0.09581150114536285,0
0,0.09581150114536285,0
0,0.09581150114536285,0
0,0.09581150114536285,0
0,0.09581150114536285,0
0,0.09581150114536285,0
0,0.09581150114536285,0
0,0.09581150114536285,0
0,0.09581150114536285,0
0,0.09581150114536285,0
0,0.09581150114536285,0
0,0.09581150114536285,0
0,0.09581150114536285,0
0,0.09581150114536285,0
0,0.09581150114536285,0
0,0.09581150114536285,0
0,0.09581150114536285,0
0,0.09581150114536285,0
0,0.09581150114536285,0
0,0.09581150114536285,0
0,0.09581150114536285,0
0,0.09581150114536285,0
0,0.09581150114536285,0
0,0.09581150114536285,0
0,0.09581150114536285,0
0,0.09581150114536285,0
0,0.09581150114536285,0
0,0.09581150114536285,0
0,0.09581150114536285,0
0,0.09581150114536285,0
0,0.09581150114536285,0
0,0.09581150114536285,0
0,0.09581150114536285,0
0,0.09581150114536285,0
0,0.09581150114536285,0
0,0.09581150114536285,0
0,0.09581150114536285,0
0,0.09581150114536285,0
0,0.09581150114536285,0
0,0.09581150114536285,0
0,0.09581150114536285,0
0,0.09581150114536285,0
0,0.09581150114536285,0
0,0.09581150114536285,0
0,0.09581150114536285,0
0,0.09581150114536285,0
0,0.09581150114536285,0
0,0.09581150114536285,0
0,0.09581150114536285,0
0,0.09581150114536285,0
0,0.09581150114536285,0
0,0.09581150114536285,0
0,0.09581150114536285,0
0,0.09581150114536285,0
0,0.09581150114536285,0
0,0.09581150114536285,0
0,0.09581150114536285,0
0,0.09581150114536285,0
0,0.09581150114536285,0
0,0.09581150114536285,0
0,0.09581150114536285,0
0,0.09581150114536285,0
0,0.09581150114536285,0
0,0.09581150114536285,0
0,0.09581150114536285,0
0,0.09581150114536285,0
0,0.09581150114536285,0
0,0.09581150114536285,0
0,0.09581150114536285,0
0,0.09581150114536285,0
0,0.09581150114536285,0
0,0.09581150114536285,0
0,0.09581150114536285,0
0,0.09581150114536285,0
0,0.09581150114536285,0
0,0.09581150114536285,0
0,0.09581150114536285,0
0,0.09581150114536285,0
0,0.09581150114536285,0
0,0.09581150114536285,0
0,0.09581150114536285,0
0,0.09581150114536285,0
0,0.09581150114536285,0
0,0.09581150114536285,0
0,0.09581150114536285,0
0,0.09581150114536285,0
0,0.09581150114536285,0
0,0.09581150114536285,0
0,0.09581150114536285,0
0,0.09581150114536285,0
0,0.09581150114536285,0
0,0.09581150114536285,0
0,0.09581150114536285,0
0,0.09581150114536285,0
0,0.09581150114536285,0
0,0.09581150114536285,0
0,0.09581150114536285,0
0,0.09581150114536285,0
0,0.09581150114536285,0
0,0.09581150114536285,0
0,0.09581150114536285,0
0,0.09581150114536285,0
0,0.09581150114536285,0
0,0.09581150114536285,0
0,0.09581150114536285,0
0,0.09581150114536285,0
0,0.09581150114536285,0
0,0.09581150114536285,0
0,0.09581150114536285,0
0,0.09581150114536285,0
0,0.09581150114536285,0
0,0.09581150114536285,0
0,0.09581150114536285,0
0,0.09581150114536285,0
0,0.09581150114536285,0
0,0.09581150114536285,0
0,0.09581150114536285,0
0,0.09581150114536285,0
0,0.09581150114536285,0
0,0.09581150114536285,0
0,0.09581150114536285,0
0,0.09581150114536285,0
0,0.09581150114536285,0
0,0.09581150114536285,0
0,0.09581150114536285,0
0,0.09581150114536285,0
0,0.09581150114536285,0
0,0.09581150114536285,0
0,0.09581150114536285,0
0,0.09581150114536285,0
0,0.09581150114536285,0
0,0.09581150114536285,0
0,0.09581150114536285,0
0,0.09581150114536285,0
0,0.09581150114536285,0
0,0.09581150114536285,0
0,0.09581150114536285,0
0,0.09581150114536285,0
0,0.09581150114536285,0
0,0.09581150114536285,0
0,0.09581150114536285,0
0,0.09581150114536285,0
0,0.09581150114536285,0
0,0.09581150114536285,0
0,0.09581150114536285,0
0,0.09581150114536285,0
0,0.09581150114536285,0
0,0.09581150114536285,0
0,0.09581150114536285,0
0,0.09581150114536285,0
0,0.09581150114536285,0
0,0.09581150114536285,0
0,0.09581150114536285,0
0,0.09581150114536285,0
0,0.09581150114536285,0
0,0.09581150114536285,0
0,0.09581150114536285,0
0,0.09581150114536285,0
0,0.09581150114536285,0
0,0.09581150114536285,0
0,0.09581150114536285,0
0,0.09581150114536285,0
0,0.09581150114536285,0
0,0.09581150114536285,0
0,0.09581150114536285,0
0,0.09581150114536285,0
0,0.09581150114536285,0
0,0.09581150114536285,0
0,0.09581150114536285,0
0,0.09581150114536285,0
0,0.09581150114536285,0
0,0.09581150114536285,0
0,0.09581150114536285,0
0,0.09581150114536285,0
0,0.09581150114536285,0
0,0.09581150114536285,0
0,0.09581150114536285,0
0,0.09581150114536285,0
0,0.09581150114536285,0
0,0.09581150114536285,0
0,0.09581150114536285,0
0,0.09581150114536285,0
0,0.09581150114536285,0
0,0.09581150114536285,0
0,0.09581150114536285,0
0,0.09581150114536285,0
0,0.09581150114536285,0
0,0.09581150114536285,0
0,0.09581150114536285,0
0,0.09581150114536285,0
0,0.09581150114536285,0
0,0.09581150114536285,0
0,0.09581150114536285,0
0,0.09581150114536285,0
0,0.09581150114536285,0
0,0.09581150114536285,0
0,0.09581150114536285,0
0,0.09581150114536285,0
0,0.09581150114536285,0
0,0.09581150114536285,0
0,0.09581150114536285,0
0,0.09581150114536285,0
0,0.09581150114536285,0
0,0.09581150114536285,0
0,0.09581150114536285,0
0,0.09581150114536285,0
0,0.09581150114536285,0
0,0.09581150114536285,0
0,0.09581150114536285,0
0,0.09581150114536285,0
0,0.09581150114536285,0
0,0.09581150114536285,0
0,0.09581150114536285,0
0,0.09581150114536285,0
0,0.09581150114536285,0
0,0.09581150114536285,0
0,0.09581150114536285,0
0,0.09581150114536285,0
0,0.09581150114536285,0
0,0.09581150114536285,0
0,0.09581150114536285,0
0,0.09581150114536285,0
0,0.09581150114536285,0
0,0.09581150114536285,0
0,0.09581150114536285,0
0,0.09581150114536285,0
0,0.09581150114536285,0
0,0.09581150114536285,0
0,0.09581150114536285,0
0,0.09581150114536285,0
0,0.09581150114536285,0
0,0.09581150114536285,0
0,0.09581150114536285,0
0,0.09581150114536285,0
0,0.09581150114536285,0
0,0.09581150114536285,0
0,0.09581150114536285,0
0,0.09581150114536285,0
0,0.09581150114536285,0
0,0.09581150114536285,0
0,0.09581150114536285,0
0,0.09581150114536285,0
0,0.09581150114536285,0
0,0.09581150114536285,0
0,0.09581150114536285,0
0,0.09581150114536285,0
0,0.09581150114536285,0
0,0.09581150114536285,0
0,0.09581150114536285,0
0,0.09581150114536285,0
0,0.09581150114536285,0
0,0.09581150114536285,0
0,0.09581150114536285,0
0,0.09581150114536285,0
0,0.09581150114536285,0
0,0.09581150114536285,0
0,0.09581150114536285,0
0,0.09581150114536285,0
0,0.09581150114536285,0
0,0.09581150114536285,0
0,0.09581150114536285,0
0,0.09581150114536285,0
0,0.09581150114536285,0
0,0.09581150114536285,0
0,0.09581150114536285,0
0,0.09581150114536285,0
0,0.09581150114536285,0
0,0.09581150114536285,0
0,0.09581150114536285,0
0,0.09581150114536285,0
0,0.09581150114536285,0
0,0.09581150114536285,0
0,0.09581150114536285,0
0,0.09581150114536285,0
0,0.09581150114536285,0
0,0.09581150114536285,0
0,0.09581150114536285,0
0,0.09581150114536285,0
0,0.09581150114536285,0
0,0.09581150114536285,0
0,0.09581150114536285,0
0,0.09581150114536285,0
0,0.09581150114536285,0
0,0.09581150114536285,0
0,0.09581150114536285,0
0,0.09581150114536285,0
0,0.09581150114536285,0
0,0.09581150114536285,0
0,0.09581150114536285,0
0,0.09581150114536285,0
0,0.09581150114536285,0
0,0.09581150114536285,0
0,0.09581150114536285,0
0,0.09581150114536285,0
0,0.09581150114536285,0
0,0.09581150114536285,0
0,0.09581150114536285,0
0,0.09581150114536285,0
0,0.09581150114536285,0
0,0.09581150114536285,0
0,0.09581150114536285,0
0,0.09581150114536285,0
0,0.09581150114536285,0
0,0.09581150114536285,0
0,0.09581150114536285,0
0,0.09581150114536285,0
0,0.09581150114536285,0
0,0.09581150114536285,0
0,0.09581150114536285,0
0,0.09581150114536285,0
0,0.09581150114536285,0
0,0.09581150114536285,0
0,0.09581150114536285,0
0,0.09581150114536285,0
0,0.09581150114536285,0
0,0.09581150114536285,0
0,0.09581150114536285,0
0,0.09581150114536285,0
0,0.09581150114536285,0
0,0.09581150114536285,0
0,0.09581150114536285,0
0,0.09581150114536285,0
0,0.09581150114536285,0
0,0.09581150114536285,0
0,0.09581150114536285,0
0,0.09581150114536285,0
0,0.09581150114536285,0
0,0.09581150114536285,0
0,0.09581150114536285,0
0,0.09581150114536285,0
0,0.09581150114536285,0
0,0.09581150114536285,0
0,0.09581150114536285,0
0,0.09581150114536285,0
0,0.09581150114536285,0
0,0.09581150114536285,0
0,0.09581150114536285,0
0,0.09581150114536285,0
0,0.09581150114536285,0
0,0.09581150114536285,0
0,0.09581150114536285,0
0,0.09581150114536285,0
0,0.09581150114536285,0
0,0.09581150114536285,0
0,0.09581150114536285,0
0,0.09581150114536285,0
0,0.09581150114536285,0
0,0.09581150114536285,0
0,0.09581150114536285,0
0,0.09581150114536285,0
0,0.09581150114536285,0
0,0.09581150114536285,0
0,0.09581150114536285,0
0,0.09581150114536285,0
0,0.09581150114536285,0
0,0.09581150114536285,0
0,0.09581150114536285,0
0,0.09581150114536285,0
0,0.09581150114536285,0
0,0.09581150114536285,0
0,0.09581150114536285,0
0,0.09581150114536285,0
0,0.09581150114536285,0
0,0.09581150114536285,0
0,0.09581150114536285,0
0,0.09581150114536285,0
0,0.09581150114536285,0
0,0.09581150114536285,0
0,0.09581150114536285,0
0,0.09581150114536285,0
0,0.09581150114536285,0
0,0.76247638463974,0
0,0.7510955929756165,0
0,0.7142133712768555,0
0,0.6613062024116516,0
0,0.6431778073310852,0
0,0.6908496022224426,0
0,0.7320390343666077,0
0,0.735016405582428,0
0,0.7165073156356812,0
0,0.6932235360145569,0
0,0.6733537912368774,0
0,0.6551180481910706,0
0,0.5379312634468079,0
0,0.5066333413124084,0
0,0.09581150114536285,0
0,0.09581150114536285,0
0,0.09581150114536285,0
0,0.09581150114536285,0
0,0.09581150114536285,0
0,0.09581150114536285,0
0,0.09581150114536285,0
0,0.09581150114536285,0
0,0.09581150114536285,0
0,0.09581150114536285,0
0,0.09581150114536285,0
0,0.09581150114536285,0
0,0.09581150114536285,0
0,0.09581150114536285,0
0,0.09581150114536285,0
0,0.09581150114536285,0
0,0.09581150114536285,0
0,0.09581150114536285,0
0,0.09581150114536285,0
0,0.09581150114536285,0
0,0.09581150114536285,0
0,0.09581150114536285,0
0,0.09581150114536285,0
0,0.09581150114536285,0
0,0.09581150114536285,0
0,0.09581150114536285,0
0,0.09581150114536285,0
0,0.09581150114536285,0
0,0.09581150114536285,0
0,0.09581150114536285,0
0,0.09581150114536285,0
0,0.09581150114536285,0
0,0.09581150114536285,0
0,0.09581150114536285,0
0,0.09581150114536285,0
0,0.09581150114536285,0
0,0.09581150114536285,0
0,0.09581150114536285,0
0,0.09581150114536285,0
0,0.09581150114536285,0
0,0.09581150114536285,0
0,0.09581150114536285,0
0,0.09581150114536285,0
0,0.09581150114536285,0
0,0.09581150114536285,0
0,0.09581150114536285,0
0,0.09581150114536285,0
0,0.09581150114536285,0
0,0.09581150114536285,0
0,0.09581150114536285,0
0,0.09581150114536285,0
0,0.09581150114536285,0
0,0.09581150114536285,0
0,0.09581150114536285,0
0,0.09581150114536285,0
0,0.09581150114536285,0
0,0.09581150114536285,0
0,0.09581150114536285,0
0,0.09581150114536285,0
0,0.09581150114536285,0
0,0.09581150114536285,0
0,0.09581150114536285,0
0,0.09581150114536285,0
0,0.09581150114536285,0
0,0.09581150114536285,0
0,0.09581150114536285,0
0,0.09581150114536285,0
0,0.09581150114536285,0
0,0.09581150114536285,0
0,0.09581150114536285,0
0,0.09581150114536285,0
0,0.09581150114536285,0
0,0.09581150114536285,0
0,0.09581150114536285,0
0,0.09581150114536285,0
0,0.09581150114536285,0
0,0.09581150114536285,0
0,0.09581150114536285,0
0,0.09581150114536285,0
0,0.09581150114536285,0
0,0.09581150114536285,0
0,0.09581150114536285,0
0,0.09581150114536285,0
0,0.09581150114536285,0
0,0.09581150114536285,0
0,0.09581150114536285,0
0,0.09581150114536285,0
0,0.09581150114536285,0
0,0.09581150114536285,0
0,0.09581150114536285,0
0,0.09581150114536285,0
0,0.09581150114536285,0
0,0.09581150114536285,0
0,0.09581150114536285,0
0,0.09581150114536285,0
0,0.09581150114536285,0
0,0.09581150114536285,0
0,0.09581150114536285,0
0,0.09581150114536285,0
0,0.09581150114536285,0
0,0.09581150114536285,0
0,0.09581150114536285,0
0,0.09581150114536285,0
0,0.09581150114536285,0
0,0.09581150114536285,0
0,0.09581150114536285,0
0,0.09581150114536285,0
0,0.09581150114536285,0
0,0.09581150114536285,0
0,0.09581150114536285,0
0,0.09581150114536285,0
0,0.09581150114536285,0
0,0.09581150114536285,0
0,0.09581150114536285,0
0,0.09581150114536285,0
0,0.09581150114536285,0
0,0.09581150114536285,0
0,0.09581150114536285,0
0,0.09581150114536285,0
0,0.09581150114536285,0
0,0.09581150114536285,0
0,0.09581150114536285,0
0,0.09581150114536285,0
0,0.09581150114536285,0
0,0.09581150114536285,0
0,0.09581150114536285,0
0,0.09581150114536285,0
0,0.09581150114536285,0
0,0.09581150114536285,0
0,0.09581150114536285,0
0,0.09581150114536285,0
0,0.09581150114536285,0
0,0.09581150114536285,0
0,0.09581150114536285,0
0,0.09581150114536285,0
0,0.09581150114536285,0
0,0.09581150114536285,0
0,0.09581150114536285,0
0,0.09581150114536285,0
0,0.09581150114536285,0
0,0.09581150114536285,0
0,0.09581150114536285,0
0,0.09581150114536285,0
0,0.09581150114536285,0
0,0.09581150114536285,0
0,0.09581150114536285,0
0,0.09581150114536285,0
0,0.09581150114536285,0
0,0.09581150114536285,0
0,0.09581150114536285,0
0,0.09581150114536285,0
0,0.09581150114536285,0
0,0.09581150114536285,0
0,0.09581150114536285,0
0,0.09581150114536285,0
0,0.09581150114536285,0
0,0.09581150114536285,0
0,0.09581150114536285,0
0,0.09581150114536285,0
0,0.09581150114536285,0
1,0.09581150114536285,0
0,0.8923224210739136,0
0,0.8895574808120728,0
0,0.883767306804657,0
0,0.8632813096046448,0
0,0.09581150114536285,0
0,0.09581150114536285,0
0,0.09581150114536285,0
0,0.09581150114536285,0
0,0.09581150114536285,0
0,0.09581150114536285,0
0,0.09581150114536285,0
0,0.09581150114536285,0
0,0.09581150114536285,0
0,0.09581150114536285,0
0,0.09581150114536285,0
0,0.09581150114536285,0
0,0.09581150114536285,0
0,0.09581150114536285,0
0,0.09581150114536285,0
0,0.09581150114536285,0
0,0.09581150114536285,0
0,0.09581150114536285,0
0,0.09581150114536285,0
0,0.09581150114536285,0
0,0.09581150114536285,0
0,0.09581150114536285,0
0,0.09581150114536285,0
0,0.09581150114536285,0
0,0.09581150114536285,0
0,0.09581150114536285,0
0,0.09581150114536285,0
0,0.09581150114536285,0
0,0.09581150114536285,0
0,0.09581150114536285,0
0,0.09581150114536285,0
0,0.09581150114536285,0
0,0.09581150114536285,0
0,0.09581150114536285,0
0,0.09581150114536285,0
0,0.09581150114536285,0
0,0.09581150114536285,0
0,0.09581150114536285,0
0,0.09581150114536285,0
0,0.09581150114536285,0
0,0.09581150114536285,0
0,0.09581150114536285,0
0,0.09581150114536285,0
0,0.09581150114536285,0
0,0.09581150114536285,0
0,0.09581150114536285,0
0,0.09581150114536285,0
0,0.09581150114536285,0
0,0.09581150114536285,0
0,0.09581150114536285,0
0,0.09581150114536285,0
0,0.09581150114536285,0
0,0.09581150114536285,0
0,0.09581150114536285,0
0,0.09581150114536285,0
0,0.09581150114536285,0
0,0.09581150114536285,0
0,0.09581150114536285,0
0,0.09581150114536285,0
0,0.09581150114536285,0
0,0.09581150114536285,0
0,0.09581150114536285,0
0,0.09581150114536285,0
0,0.09581150114536285,0
0,0.09581150114536285,0
0,0.09581150114536285,0
0,0.09581150114536285,0
0,0.09581150114536285,0
0,0.09581150114536285,0
0,0.09581150114536285,0
0,0.09581150114536285,0
0,0.09581150114536285,0
0,0.09581150114536285,0
0,0.09581150114536285,0
0,0.09581150114536285,0
0,0.09581150114536285,0
0,0.09581150114536285,0
0,0.09581150114536285,0
0,0.09581150114536285,0
0,0.09581150114536285,0
0,0.09581150114536285,0
0,0.09581150114536285,0
0,0.09581150114536285,0
0,0.09581150114536285,0
0,0.09581150114536285,0
0,0.09581150114536285,0
0,0.09581150114536285,0
0,0.09581150114536285,0
0,0.09581150114536285,0
0,0.09581150114536285,0
0,0.09581150114536285,0
0,0.09581150114536285,0
0,0.09581150114536285,0
0,0.09581150114536285,0
0,0.09581150114536285,0
0,0.09581150114536285,0
0,0.09581150114536285,0
0,0.09581150114536285,0
0,0.09581150114536285,0
0,0.09581150114536285,0
0,0.09581150114536285,0
0,0.09581150114536285,0
0,0.09581150114536285,0
0,0.09581150114536285,0
0,0.09581150114536285,0
0,0.09581150114536285,0
0,0.09581150114536285,0
0,0.09581150114536285,0
0,0.09581150114536285,0
0,0.09581150114536285,0
0,0.09581150114536285,0
0,0.09581150114536285,0
0,0.09581150114536285,0
0,0.09581150114536285,0
0,0.09581150114536285,0
0,0.09581150114536285,0
0,0.09581150114536285,0
0,0.09581150114536285,0
0,0.09581150114536285,0
0,0.09581150114536285,0
0,0.09581150114536285,0
0,0.09581150114536285,0
0,0.09581150114536285,0
0,0.09581150114536285,0
0,0.09581150114536285,0
0,0.09581150114536285,0
0,0.09581150114536285,0
0,0.09581150114536285,0
0,0.09581150114536285,0
0,0.09581150114536285,0
0,0.09581150114536285,0
0,0.09581150114536285,0
0,0.09581150114536285,0
0,0.09581150114536285,0
0,0.09581150114536285,0
0,0.09581150114536285,0
0,0.09581150114536285,0
0,0.09581150114536285,0
0,0.09581150114536285,0
0,0.09581150114536285,0
0,0.09581150114536285,0
0,0.09581150114536285,0
0,0.09581150114536285,0
0,0.09581150114536285,0
0,0.09581150114536285,0
0,0.09581150114536285,0
0,0.09581150114536285,0
0,0.09581150114536285,0
0,0.09581150114536285,0
0,0.09581150114536285,0
0,0.09581150114536285,0
0,0.09581150114536285,0
0,0.09581150114536285,0
0,0.09581150114536285,0
0,0.09581150114536285,0
0,0.09581150114536285,0
0,0.09581150114536285,0
0,0.09581150114536285,0
0,0.09581150114536285,0
0,0.09581150114536285,0
0,0.09581150114536285,0
0,0.09581150114536285,0
0,0.09581150114536285,0
0,0.09581150114536285,0
0,0.09581150114536285,0
0,0.09581150114536285,0
0,0.09581150114536285,0
0,0.09581150114536285,0
0,0.09581150114536285,0
0,0.09581150114536285,0
0,0.09581150114536285,0
0,0.09581150114536285,0
0,0.09581150114536285,0
0,0.09581150114536285,0
1,0.09581150114536285,0
0,0.8923224210739136,0
0,0.8895574808120728,0
0,0.883767306804657,0
0,0.8632813096046448,0
0,0.09581150114536285,0
0,0.09581150114536285,0
0,0.09581150114536285,0
0,0.09581150114536285,0
0,0.09581150114536285,0
0,0.09581150114536285,0
0,0.09581150114536285,0
0,0.09581150114536285,0
0,0.09581150114536285,0
0,0.09581150114536285,0
0,0.09581150114536285,0
0,0.09581150114536285,0
0,0.09581150114536285,0
0,0.09581150114536285,0
0,0.09581150114536285,0
0,0.09581150114536285,0
0,0.09581150114536285,0
0,0.09581150114536285,0
0,0.09581150114536285,0
0,0.09581150114536285,0
0,0.09581150114536285,0
0,0.09581150114536285,0
0,0.09581150114536285,0
0,0.09581150114536285,0
0,0.09581150114536285,0
0,0.09581150114536285,0
0,0.09581150114536285,0
0,0.09581150114536285,0
0,0.09581150114536285,0
0,0.09581150114536285,0
0,0.09581150114536285,0
0,0.09581150114536285,0
0,0.09581150114536285,0
0,0.09581150114536285,0
0,0.09581150114536285,0
0,0.09581150114536285,0
0,0.09581150114536285,0
0,0.09581150114536285,0
0,0.09581150114536285,0
0,0.09581150114536285,0
0,0.09581150114536285,0
0,0.09581150114536285,0
0,0.09581150114536285,0
0,0.09581150114536285,0
0,0.09581150114536285,0
0,0.09581150114536285,0
0,0.09581150114536285,0
0,0.09581150114536285,0
0,0.09581150114536285,0
0,0.09581150114536285,0
0,0.09581150114536285,0
0,0.09581150114536285,0
0,0.09581150114536285,0
0,0.09581150114536285,0
0,0.09581150114536285,0
0,0.09581150114536285,0
0,0.09581150114536285,0
0,0.09581150114536285,0
0,0.09581150114536285,0
0,0.09581150114536285,0
0,0.09581150114536285,0
0,0.09581150114536285,0
0,0.09581150114536285,0
0,0.09581150114536285,0
0,0.09581150114536285,0
0,0.09581150114536285,0
0,0.09581150114536285,0
0,0.09581150114536285,0
0,0.09581150114536285,0
0,0.09581150114536285,0
0,0.09581150114536285,0
0,0.09581150114536285,0
0,0.09581150114536285,0
0,0.09581150114536285,0
0,0.09581150114536285,0
0,0.09581150114536285,0
0,0.09581150114536285,0
0,0.09581150114536285,0
0,0.09581150114536285,0
0,0.09581150114536285,0
0,0.09581150114536285,0
0,0.09581150114536285,0
0,0.09581150114536285,0
0,0.09581150114536285,0
0,0.09581150114536285,0
0,0.09581150114536285,0
0,0.09581150114536285,0
0,0.09581150114536285,0
0,0.09581150114536285,0
0,0.09581150114536285,0
0,0.09581150114536285,0
0,0.09581150114536285,0
0,0.09581150114536285,0
0,0.09581150114536285,0
0,0.09581150114536285,0
0,0.09581150114536285,0
0,0.09581150114536285,0
0,0.09581150114536285,0
0,0.09581150114536285,0
0,0.09581150114536285,0
0,0.09581150114536285,0
0,0.09581150114536285,0
0,0.09581150114536285,0
0,0.09581150114536285,0
0,0.09581150114536285,0
0,0.09581150114536285,0
0,0.09581150114536285,0
0,0.09581150114536285,0
0,0.09581150114536285,0
0,0.09581150114536285,0
0,0.09581150114536285,0
0,0.09581150114536285,0
0,0.09581150114536285,0
0,0.09581150114536285,0
0,0.09581150114536285,0
0,0.09581150114536285,0
0,0.09581150114536285,0
0,0.09581150114536285,0
0,0.09581150114536285,0
0,0.09581150114536285,0
0,0.09581150114536285,0
0,0.09581150114536285,0
0,0.09581150114536285,0
0,0.09581150114536285,0
0,0.09581150114536285,0
0,0.09581150114536285,0
0,0.09581150114536285,0
0,0.09581150114536285,0
0,0.09581150114536285,0
0,0.09581150114536285,0
0,0.09581150114536285,0
0,0.09581150114536285,0
0,0.09581150114536285,0
0,0.09581150114536285,0
0,0.09581150114536285,0
0,0.09581150114536285,0
0,0.09581150114536285,0
0,0.09581150114536285,0
0,0.09581150114536285,0
0,0.09581150114536285,0
0,0.09581150114536285,0
0,0.09581150114536285,0
0,0.09581150114536285,0
0,0.09581150114536285,0
0,0.09581150114536285,0
0,0.09581150114536285,0
0,0.09581150114536285,0
0,0.09581150114536285,0
0,0.09581150114536285,0
0,0.09581150114536285,0
0,0.09581150114536285,0
0,0.09581150114536285,0
0,0.09581150114536285,0
0,0.09581150114536285,0
0,0.09581150114536285,0
0,0.09581150114536285,0
0,0.09581150114536285,0
0,0.09581150114536285,0
0,0.09581150114536285,0
0,0.09581150114536285,0
0,0.09581150114536285,0
0,0.09581150114536285,0
0,0.09581150114536285,0
0,0.09581150114536285,0
0,0.09581150114536285,0
0,0.09581150114536285,0
0,0.09581150114536285,0
0,0.09581150114536285,0
0,0.09581150114536285,0
0,0.09581150114536285,0
0,0.09581150114536285,0
0,0.09581150114536285,0
0,0.09581150114536285,0
0,0.09581150114536285,0
0,0.09581150114536285,0
0,0.09581150114536285,0
0,0.09581150114536285,0
0,0.09581150114536285,0
0,0.09581150114536285,0
0,0.09581150114536285,0
0,0.09581150114536285,0
0,0.09581150114536285,0
0,0.09581150114536285,0
0,0.09581150114536285,0
0,0.09581150114536285,0
0,0.09581150114536285,0
0,0.09581150114536285,0
0,0.09581150114536285,0
0,0.09581150114536285,0
0,0.09581150114536285,0
0,0.09581150114536285,0
0,0.09581150114536285,0
0,0.09581150114536285,0
0,0.09581150114536285,0
0,0.09581150114536285,0
0,0.09581150114536285,0
0,0.09581150114536285,0
0,0.09581150114536285,0
0,0.09581150114536285,0
0,0.09581150114536285,0
0,0.09581150114536285,0
0,0.09581150114536285,0
0,0.09581150114536285,0
0,0.09581150114536285,0
0,0.09581150114536285,0
0,0.09581150114536285,0
0,0.09581150114536285,0
0,0.09581150114536285,0
0,0.09581150114536285,0
0,0.09581150114536285,0
0,0.09581150114536285,0
0,0.09581150114536285,0
0,0.09581150114536285,0
0,0.09581150114536285,0
0,0.09581150114536285,0
0,0.09581150114536285,0
0,0.09581150114536285,0
0,0.09581150114536285,0
0,0.09581150114536285,0
0,0.09581150114536285,0
0,0.09581150114536285,0
0,0.09581150114536285,0
0,0.09581150114536285,0
0,0.09581150114536285,0
0,0.09581150114536285,0
0,0.09581150114536285,0
0,0.09581150114536285,0
0,0.09581150114536285,0
0,0.09581150114536285,0
0,0.09581150114536285,0
0,0.09581150114536285,0
0,0.09581150114536285,0
0,0.09581150114536285,0
0,0.09581150114536285,0
1,0.09581150114536285,0
1,0.8923224210739136,0
1,0.981092631816864,1
0,0.9951452612876892,1
0,0.9518149495124817,0
1,0.9369755387306213,0
0,0.9702253341674805,0
0,0.959740400314331,0
0,0.9514489769935608,0
0,0.9373655319213867,0
0,0.9283692240715027,0
0,0.9231042265892029,0
0,0.9152379631996155,0
0,0.9082697629928589,0
0,0.902592122554779,0
0,0.8902850151062012,0
0,0.8785783648490906,0
0,0.8732602596282959,0
0,0.8571555614471436,0
0,0.8408241271972656,0
0,0.8316500782966614,0
0,0.8240674734115601,0
0,0.836962878704071,0
0,0.8669266700744629,0
0,0.8746188879013062,0
0,0.8485422134399414,0
0,0.7995485067367554,0
0,0.7634524703025818,0
0,0.7538236379623413,0
0,0.7700199484825134,0
0,0.780180811882019,0
0,0.8070617318153381,0
0,0.8127040863037109,0
0,0.8284408450126648,0
0,0.6545332670211792,0
0,0.6471360921859741,0
0,0.5066333413124084,0
0,0.09581150114536285,0
0,0.09581150114536285,0
0,0.09581150114536285,0
0,0.09581150114536285,0
0,0.09581150114536285,0
0,0.09581150114536285,0
0,0.09581150114536285,0
0,0.09581150114536285,0
0,0.09581150114536285,0
0,0.09581150114536285,0
0,0.09581150114536285,0
0,0.09581150114536285,0
0,0.09581150114536285,0
0,0.09581150114536285,0
0,0.09581150114536285,0
0,0.09581150114536285,0
0,0.09581150114536285,0
0,0.09581150114536285,0
0,0.09581150114536285,0
0,0.09581150114536285,0
0,0.09581150114536285,0
0,0.09581150114536285,0
0,0.09581150114536285,0
0,0.09581150114536285,0
0,0.09581150114536285,0
0,0.09581150114536285,0
0,0.09581150114536285,0
0,0.09581150114536285,0
0,0.09581150114536285,0
0,0.09581150114536285,0
0,0.09581150114536285,0
0,0.09581150114536285,0
0,0.09581150114536285,0
0,0.09581150114536285,0
0,0.09581150114536285,0
0,0.09581150114536285,0
0,0.09581150114536285,0
0,0.09581150114536285,0
0,0.09581150114536285,0
0,0.09581150114536285,0
0,0.09581150114536285,0
0,0.09581150114536285,0
0,0.09581150114536285,0
0,0.09581150114536285,0
0,0.09581150114536285,0
0,0.09581150114536285,0
0,0.09581150114536285,0
0,0.09581150114536285,0
0,0.09581150114536285,0
0,0.09581150114536285,0
0,0.09581150114536285,0
0,0.09581150114536285,0
0,0.09581150114536285,0
0,0.09581150114536285,0
0,0.09581150114536285,0
0,0.09581150114536285,0
0,0.09581150114536285,0
0,0.09581150114536285,0
0,0.09581150114536285,0
0,0.09581150114536285,0
0,0.09581150114536285,0
0,0.09581150114536285,0
0,0.09581150114536285,0
0,0.09581150114536285,0
0,0.09581150114536285,0
0,0.09581150114536285,0
0,0.09581150114536285,0
0,0.09581150114536285,0
0,0.09581150114536285,0
0,0.09581150114536285,0
0,0.09581150114536285,0
0,0.09581150114536285,0
0,0.09581150114536285,0
0,0.09581150114536285,0
0,0.09581150114536285,0
0,0.09581150114536285,0
0,0.09581150114536285,0
0,0.09581150114536285,0
0,0.09581150114536285,0
0,0.09581150114536285,0
0,0.09581150114536285,0
0,0.09581150114536285,0
0,0.09581150114536285,0
0,0.09581150114536285,0
0,0.09581150114536285,0
0,0.09581150114536285,0
0,0.09581150114536285,0
0,0.09581150114536285,0
0,0.09581150114536285,0
0,0.09581150114536285,0
0,0.09581150114536285,0
0,0.09581150114536285,0
0,0.09581150114536285,0
0,0.09581150114536285,0
0,0.09581150114536285,0
0,0.09581150114536285,0
0,0.09581150114536285,0
0,0.09581150114536285,0
0,0.09581150114536285,0
0,0.09581150114536285,0
0,0.09581150114536285,0
0,0.09581150114536285,0
0,0.09581150114536285,0
0,0.09581150114536285,0
0,0.09581150114536285,0
0,0.09581150114536285,0
0,0.09581150114536285,0
0,0.09581150114536285,0
0,0.09581150114536285,0
0,0.09581150114536285,0
0,0.09581150114536285,0
0,0.09581150114536285,0
0,0.09581150114536285,0
0,0.09581150114536285,0
0,0.09581150114536285,0
0,0.09581150114536285,0
0,0.09581150114536285,0
0,0.09581150114536285,0
0,0.09581150114536285,0
0,0.09581150114536285,0
0,0.09581150114536285,0
0,0.09581150114536285,0
0,0.09581150114536285,0
0,0.09581150114536285,0
0,0.09581150114536285,0
0,0.09581150114536285,0
0,0.09581150114536285,0
0,0.09581150114536285,0
0,0.09581150114536285,0
0,0.09581150114536285,0
0,0.09581150114536285,0
0,0.09581150114536285,0
0,0.09581150114536285,0
0,0.09581150114536285,0
0,0.09581150114536285,0
0,0.09581150114536285,0
0,0.09581150114536285,0
0,0.09581150114536285,0
0,0.09581150114536285,0
0,0.09581150114536285,0
0,0.09581150114536285,0
0,0.09581150114536285,0
0,0.09581150114536285,0
0,0.09581150114536285,0
0,0.09581150114536285,0
0,0.09581150114536285,0
0,0.09581150114536285,0
0,0.09581150114536285,0
0,0.09581150114536285,0
0,0.09581150114536285,0
0,0.09581150114536285,0
0,0.09581150114536285,0
0,0.09581150114536285,0
0,0.09581150114536285,0
0,0.09581150114536285,0
0,0.09581150114536285,0
0,0.09581150114536285,0
0,0.09581150114536285,0
0,0.09581150114536285,0
0,0.09581150114536285,0
0,0.09581150114536285,0
0,0.09581150114536285,0
0,0.09581150114536285,0
0,0.09581150114536285,0
0,0.09581150114536285,0
0,0.09581150114536285,0
0,0.09581150114536285,0
0,0.09581150114536285,0
0,0.09581150114536285,0
0,0.09581150114536285,0
0,0.09581150114536285,0
0,0.09581150114536285,0
0,0.09581150114536285,0
0,0.09581150114536285,0
0,0.09581150114536285,0
0,0.09581150114536285,0
0,0.09581150114536285,0
0,0.09581150114536285,0
0,0.09581150114536285,0
0,0.09581150114536285,0
0,0.09581150114536285,0
0,0.09581150114536285,0
0,0.09581150114536285,0
0,0.09581150114536285,0
0,0.09581150114536285,0
0,0.09581150114536285,0
0,0.09581150114536285,0
0,0.09581150114536285,0
0,0.09581150114536285,0
0,0.09581150114536285,0
0,0.09581150114536285,0
0,0.09581150114536285,0
0,0.09581150114536285,0
0,0.09581150114536285,0
0,0.09581150114536285,0
0,0.09581150114536285,0
0,0.09581150114536285,0
0,0.09581150114536285,0
0,0.09581150114536285,0
0,0.09581150114536285,0
0,0.09581150114536285,0
0,0.09581150114536285,0
0,0.09581150114536285,0
0,0.09581150114536285,0
0,0.09581150114536285,0
0,0.09581150114536285,0
0,0.09581150114536285,0
0,0.09581150114536285,0
0,0.09581150114536285,0
0,0.09581150114536285,0
0,0.09581150114536285,0
0,0.09581150114536285,0
0,0.09581150114536285,0
0,0.09581150114536285,0
0,0.09581150114536285,0
0,0.09581150114536285,0
0,0.09581150114536285,0
0,0.09581150114536285,0
0,0.09581150114536285,0
0,0.09581150114536285,0
0,0.09581150114536285,0
0,0.09581150114536285,0
0,0.09581150114536285,0
0,0.09581150114536285,0
0,0.09581150114536285,0
0,0.09581150114536285,0
0,0.09581150114536285,0
0,0.09581150114536285,0
0,0.09581150114536285,0
0,0.09581150114536285,0
0,0.09581150114536285,0
0,0.09581150114536285,0
0,0.09581150114536285,0
0,0.09581150114536285,0
0,0.09581150114536285,0
0,0.09581150114536285,0
0,0.09581150114536285,0
0,0.09581150114536285,0
0,0.09581150114536285,0
0,0.09581150114536285,0
0,0.09581150114536285,0
0,0.09581150114536285,0
0,0.09581150114536285,0
0,0.09581150114536285,0
0,0.09581150114536285,0
0,0.09581150114536285,0
0,0.09581150114536285,0
0,0.09581150114536285,0
0,0.09581150114536285,0
0,0.09581150114536285,0
0,0.09581150114536285,0
0,0.09581150114536285,0
0,0.09581150114536285,0
0,0.09581150114536285,0
0,0.09581150114536285,0
0,0.09581150114536285,0
0,0.09581150114536285,0
0,0.09581150114536285,0
0,0.09581150114536285,0
0,0.09581150114536285,0
0,0.09581150114536285,0
0,0.09581150114536285,0
0,0.09581150114536285,0
0,0.09581150114536285,0
0,0.09581150114536285,0
0,0.09581150114536285,0
0,0.09581150114536285,0
0,0.09581150114536285,0
0,0.09581150114536285,0
0,0.09581150114536285,0
0,0.09581150114536285,0
0,0.09581150114536285,0
0,0.09581150114536285,0
0,0.09581150114536285,0
0,0.09581150114536285,0
0,0.09581150114536285,0
0,0.09581150114536285,0
0,0.09581150114536285,0
0,0.09581150114536285,0
0,0.09581150114536285,0
0,0.09581150114536285,0
0,0.09581150114536285,0
0,0.09581150114536285,0
0,0.09581150114536285,0
0,0.09581150114536285,0
0,0.09581150114536285,0
0,0.09581150114536285,0
0,0.09581150114536285,0
0,0.09581150114536285,0
0,0.09581150114536285,0
0,0.09581150114536285,0
0,0.09581150114536285,0
0,0.09581150114536285,0
0,0.09581150114536285,0
0,0.09581150114536285,0
0,0.09581150114536285,0
0,0.09581150114536285,0
0,0.09581150114536285,0
0,0.09581150114536285,0
0,0.09581150114536285,0
0,0.09581150114536285,0
0,0.09581150114536285,0
0,0.09581150114536285,0
0,0.09581150114536285,0
0,0.09581150114536285,0
0,0.09581150114536285,0
0,0.09581150114536285,0
0,0.09581150114536285,0
0,0.09581150114536285,0
0,0.09581150114536285,0
0,0.09581150114536285,0
0,0.09581150114536285,0
0,0.09581150114536285,0
0,0.09581150114536285,0
0,0.09581150114536285,0
0,0.09581150114536285,0
0,0.09581150114536285,0
0,0.09581150114536285,0
0,0.09581150114536285,0
0,0.09581150114536285,0
0,0.09581150114536285,0
0,0.09581150114536285,0
0,0.09581150114536285,0
0,0.09581150114536285,0
0,0.09581150114536285,0
0,0.09581150114536285,0
0,0.09581150114536285,0
0,0.09581150114536285,0
0,0.09581150114536285,0
0,0.09581150114536285,0
0,0.09581150114536285,0
0,0.09581150114536285,0
0,0.09581150114536285,0
0,0.09581150114536285,0
0,0.09581150114536285,0
0,0.09581150114536285,0
0,0.09581150114536285,0
0,0.09581150114536285,0
0,0.09581150114536285,0
0,0.09581150114536285,0
0,0.09581150114536285,0
0,0.09581150114536285,0
0,0.09581150114536285,0
0,0.09581150114536285,0
0,0.09581150114536285,0
0,0.09581150114536285,0
0,0.09581150114536285,0
0,0.09581150114536285,0
0,0.09581150114536285,0
0,0.09581150114536285,0
0,0.09581150114536285,0
0,0.09581150114536285,0
0,0.09581150114536285,0
0,0.09581150114536285,0
0,0.09581150114536285,0
0,0.09581150114536285,0
0,0.09581150114536285,0
0,0.09581150114536285,0
0,0.09581150114536285,0
0,0.09581150114536285,0
0,0.09581150114536285,0
0,0.09581150114536285,0
0,0.09581150114536285,0
0,0.09581150114536285,0
0,0.09581150114536285,0
0,0.09581150114536285,0
0,0.09581150114536285,0
0,0.09581150114536285,0
0,0.09581150114536285,0
0,0.09581150114536285,0
0,0.09581150114536285,0
0,0.09581150114536285,0
0,0.09581150114536285,0
0,0.09581150114536285,0
0,0.09581150114536285,0
0,0.09581150114536285,0
0,0.09581150114536285,0
0,0.09581150114536285,0
0,0.09581150114536285,0
0,0.09581150114536285,0
0,0.09581150114536285,0
0,0.09581150114536285,0
0,0.09581150114536285,0
0,0.09581150114536285,0
0,0.09581150114536285,0
0,0.09581150114536285,0
0,0.09581150114536285,0
0,0.09581150114536285,0
0,0.09581150114536285,0
0,0.09581150114536285,0
0,0.09581150114536285,0
0,0.09581150114536285,0
0,0.09581150114536285,0
0,0.09581150114536285,0
0,0.09581150114536285,0
0,0.09581150114536285,0
0,0.09581150114536285,0
0,0.09581150114536285,0
0,0.09581150114536285,0
0,0.09581150114536285,0
0,0.09581150114536285,0
0,0.09581150114536285,0
0,0.09581150114536285,0
0,0.09581150114536285,0
0,0.09581150114536285,0
0,0.09581150114536285,0
0,0.09581150114536285,0
0,0.09581150114536285,0
0,0.09581150114536285,0
0,0.09581150114536285,0
0,0.09581150114536285,0
0,0.09581150114536285,0
0,0.09581150114536285,0
0,0.09581150114536285,0
0,0.09581150114536285,0
0,0.09581150114536285,0
0,0.09581150114536285,0
0,0.09581150114536285,0
0,0.09581150114536285,0
0,0.09581150114536285,0
0,0.09581150114536285,0
0,0.09581150114536285,0
0,0.09581150114536285,0
0,0.09581150114536285,0
0,0.09581150114536285,0
0,0.09581150114536285,0
0,0.09581150114536285,0
0,0.09581150114536285,0
0,0.09581150114536285,0
0,0.09581150114536285,0
0,0.09581150114536285,0
0,0.09581150114536285,0
0,0.09581150114536285,0
0,0.09581150114536285,0
0,0.09581150114536285,0
0,0.09581150114536285,0
0,0.09581150114536285,0
0,0.09581150114536285,0
0,0.09581150114536285,0
0,0.09581150114536285,0
0,0.09581150114536285,0
0,0.09581150114536285,0
0,0.09581150114536285,0
0,0.09581150114536285,0
0,0.09581150114536285,0
0,0.09581150114536285,0
0,0.09581150114536285,0
0,0.09581150114536285,0
0,0.09581150114536285,0
0,0.09581150114536285,0
0,0.09581150114536285,0
0,0.09581150114536285,0
0,0.09581150114536285,0
0,0.09581150114536285,0
0,0.09581150114536285,0
0,0.09581150114536285,0
0,0.09581150114536285,0
0,0.09581150114536285,0
0,0.09581150114536285,0
0,0.09581150114536285,0
0,0.09581150114536285,0
0,0.09581150114536285,0
0,0.09581150114536285,0
0,0.09581150114536285,0
0,0.09581150114536285,0
0,0.09581150114536285,0
0,0.09581150114536285,0
0,0.09581150114536285,0
0,0.09581150114536285,0
0,0.09581150114536285,0
0,0.09581150114536285,0
0,0.09581150114536285,0
0,0.09581150114536285,0
0,0.09581150114536285,0
0,0.09581150114536285,0
0,0.09581150114536285,0
0,0.09581150114536285,0
0,0.09581150114536285,0
0,0.09581150114536285,0
0,0.09581150114536285,0
0,0.09581150114536285,0
0,0.09581150114536285,0
0,0.09581150114536285,0
0,0.09581150114536285,0
0,0.09581150114536285,0
0,0.09581150114536285,0
0,0.09581150114536285,0
0,0.09581150114536285,0
0,0.09581150114536285,0
0,0.09581150114536285,0
0,0.09581150114536285,0
0,0.09581150114536285,0
0,0.09581150114536285,0
0,0.09581150114536285,0
0,0.09581150114536285,0
0,0.09581150114536285,0
0,0.09581150114536285,0
0,0.09581150114536285,0
0,0.09581150114536285,0
0,0.09581150114536285,0
0,0.09581150114536285,0
0,0.09581150114536285,0
0,0.09581150114536285,0
0,0.09581150114536285,0
0,0.09581150114536285,0
0,0.09581150114536285,0
0,0.09581150114536285,0
0,0.09581150114536285,0
0,0.09581150114536285,0
0,0.09581150114536285,0
0,0.09581150114536285,0
0,0.09581150114536285,0
0,0.09581150114536285,0
0,0.09581150114536285,0
0,0.09581150114536285,0
0,0.09581150114536285,0
0,0.09581150114536285,0
0,0.09581150114536285,0
0,0.09581150114536285,0
0,0.09581150114536285,0
0,0.09581150114536285,0
0,0.09581150114536285,0
0,0.09581150114536285,0
0,0.09581150114536285,0
0,0.09581150114536285,0
0,0.09581150114536285,0
0,0.09581150114536285,0
0,0.09581150114536285,0
0,0.09581150114536285,0
0,0.09581150114536285,0
0,0.09581150114536285,0
0,0.09581150114536285,0
0,0.09581150114536285,0
0,0.09581150114536285,0
0,0.09581150114536285,0
0,0.09581150114536285,0
0,0.09581150114536285,0
0,0.09581150114536285,0
0,0.09581150114536285,0
0,0.09581150114536285,0
0,0.09581150114536285,0
0,0.09581150114536285,0
0,0.09581150114536285,0
0,0.09581150114536285,0
0,0.09581150114536285,0
0,0.09581150114536285,0
0,0.09581150114536285,0
0,0.09581150114536285,0
0,0.09581150114536285,0
0,0.09581150114536285,0
0,0.09581150114536285,0
0,0.09581150114536285,0
0,0.09581150114536285,0
0,0.09581150114536285,0
0,0.09581150114536285,0
0,0.09581150114536285,0
0,0.09581150114536285,0
0,0.09581150114536285,0
0,0.09581150114536285,0
0,0.09581150114536285,0
0,0.09581150114536285,0
0,0.09581150114536285,0
0,0.09581150114536285,0
0,0.09581150114536285,0
0,0.09581150114536285,0
0,0.09581150114536285,0
0,0.09581150114536285,0
0,0.09581150114536285,0
0,0.09581150114536285,0
0,0.09581150114536285,0
0,0.09581150114536285,0
0,0.09581150114536285,0
0,0.09581150114536285,0
0,0.09581150114536285,0
0,0.09581150114536285,0
0,0.09581150114536285,0
0,0.09581150114536285,0
0,0.09581150114536285,0
0,0.09581150114536285,0
0,0.09581150114536285,0
0,0.09581150114536285,0
0,0.09581150114536285,0
0,0.09581150114536285,0
0,0.09581150114536285,0
0,0.09581150114536285,0
0,0.09581150114536285,0
0,0.09581150114536285,0
0,0.09581150114536285,0
0,0.09581150114536285,0
0,0.09581150114536285,0
0,0.09581150114536285,0
0,0.09581150114536285,0
0,0.09581150114536285,0
0,0.09581150114536285,0
0,0.09581150114536285,0
0,0.09581150114536285,0
0,0.09581150114536285,0
0,0.09581150114536285,0
0,0.09581150114536285,0
0,0.09581150114536285,0
0,0.09581150114536285,0
0,0.09581150114536285,0
0,0.09581150114536285,0
0,0.09581150114536285,0
0,0.09581150114536285,0
0,0.09581150114536285,0
0,0.09581150114536285,0
0,0.09581150114536285,0
0,0.09581150114536285,0
0,0.09581150114536285,0
0,0.09581150114536285,0
0,0.09581150114536285,0
0,0.09581150114536285,0
0,0.09581150114536285,0
0,0.09581150114536285,0
0,0.09581150114536285,0
0,0.09581150114536285,0
0,0.09581150114536285,0
0,0.09581150114536285,0
0,0.09581150114536285,0
0,0.09581150114536285,0
0,0.09581150114536285,0
0,0.09581150114536285,0
0,0.09581150114536285,0
0,0.09581150114536285,0
0,0.09581150114536285,0
0,0.09581150114536285,0
0,0.09581150114536285,0
0,0.09581150114536285,0
0,0.09581150114536285,0
0,0.09581150114536285,0
0,0.09581150114536285,0
0,0.09581150114536285,0
0,0.09581150114536285,0
0,0.09581150114536285,0
0,0.09581150114536285,0
0,0.09581150114536285,0
0,0.09581150114536285,0
0,0.09581150114536285,0
0,0.09581150114536285,0
0,0.09581150114536285,0
0,0.09581150114536285,0
0,0.09581150114536285,0
0,0.09581150114536285,0
0,0.09581150114536285,0
0,0.09581150114536285,0
0,0.09581150114536285,0
0,0.09581150114536285,0
0,0.09581150114536285,0
0,0.09581150114536285,0
0,0.09581150114536285,0
0,0.09581150114536285,0
0,0.09581150114536285,0
0,0.09581150114536285,0
0,0.09581150114536285,0
0,0.09581150114536285,0
0,0.09581150114536285,0
0,0.09581150114536285,0
0,0.09581150114536285,0
0,0.09581150114536285,0
0,0.09581150114536285,0
0,0.09581150114536285,0
0,0.09581150114536285,0
0,0.09581150114536285,0
0,0.09581150114536285,0
0,0.09581150114536285,0
0,0.09581150114536285,0
0,0.09581150114536285,0
0,0.09581150114536285,0
0,0.09581150114536285,0
0,0.09581150114536285,0
0,0.09581150114536285,0
0,0.09581150114536285,0
0,0.09581150114536285,0
0,0.09581150114536285,0
0,0.09581150114536285,0
0,0.09581150114536285,0
0,0.09581150114536285,0
0,0.09581150114536285,0
0,0.09581150114536285,0
0,0.09581150114536285,0
0,0.09581150114536285,0
0,0.09581150114536285,0
0,0.09581150114536285,0
0,0.09581150114536285,0
0,0.09581150114536285,0
0,0.09581150114536285,0
0,0.09581150114536285,0
0,0.09581150114536285,0
0,0.09581150114536285,0
0,0.09581150114536285,0
0,0.09581150114536285,0
0,0.09581150114536285,0
0,0.09581150114536285,0
0,0.09581150114536285,0
0,0.09581150114536285,0
0,0.09581150114536285,0
0,0.09581150114536285,0
0,0.09581150114536285,0
0,0.09581150114536285,0
0,0.09581150114536285,0
0,0.09581150114536285,0
0,0.09581150114536285,0
0,0.09581150114536285,0
0,0.09581150114536285,0
0,0.09581150114536285,0
0,0.09581150114536285,0
0,0.09581150114536285,0
0,0.09581150114536285,0
0,0.09581150114536285,0
0,0.09581150114536285,0
0,0.09581150114536285,0
0,0.09581150114536285,0
0,0.09581150114536285,0
0,0.09581150114536285,0
0,0.09581150114536285,0
0,0.09581150114536285,0
0,0.09581150114536285,0
0,0.09581150114536285,0
0,0.09581150114536285,0
0,0.09581150114536285,0
0,0.09581150114536285,0
0,0.09581150114536285,0
0,0.09581150114536285,0
0,0.09581150114536285,0
0,0.09581150114536285,0
0,0.09581150114536285,0
0,0.09581150114536285,0
0,0.09581150114536285,0
0,0.09581150114536285,0
0,0.09581150114536285,0
0,0.09581150114536285,0
0,0.09581150114536285,0
0,0.09581150114536285,0
0,0.09581150114536285,0
0,0.09581150114536285,0
0,0.09581150114536285,0
0,0.09581150114536285,0
0,0.09581150114536285,0
0,0.09581150114536285,0
0,0.09581150114536285,0
0,0.09581150114536285,0
0,0.09581150114536285,0
0,0.09581150114536285,0
0,0.09581150114536285,0
0,0.09581150114536285,0
0,0.09581150114536285,0
0,0.09581150114536285,0
0,0.09581150114536285,0
0,0.09581150114536285,0
0,0.09581150114536285,0
0,0.09581150114536285,0
0,0.09581150114536285,0
0,0.09581150114536285,0
0,0.09581150114536285,0
0,0.09581150114536285,0
0,0.09581150114536285,0
0,0.09581150114536285,0
0,0.09581150114536285,0
0,0.09581150114536285,0
0,0.09581150114536285,0
0,0.09581150114536285,0
0,0.09581150114536285,0
0,0.09581150114536285,0
0,0.09581150114536285,0
0,0.09581150114536285,0
0,0.09581150114536285,0
0,0.09581150114536285,0
0,0.09581150114536285,0
0,0.09581150114536285,0
0,0.09581150114536285,0
0,0.09581150114536285,0
0,0.09581150114536285,0
0,0.09581150114536285,0
0,0.09581150114536285,0
0,0.09581150114536285,0
0,0.09581150114536285,0
0,0.09581150114536285,0
0,0.09581150114536285,0
0,0.09581150114536285,0
0,0.09581150114536285,0
0,0.09581150114536285,0
0,0.09581150114536285,0
0,0.09581150114536285,0
0,0.09581150114536285,0
0,0.09581150114536285,0
0,0.09581150114536285,0
0,0.09581150114536285,0
0,0.09581150114536285,0
0,0.09581150114536285,0
0,0.09581150114536285,0
0,0.09581150114536285,0
0,0.09581150114536285,0
0,0.09581150114536285,0
0,0.09581150114536285,0
0,0.09581150114536285,0
0,0.09581150114536285,0
0,0.09581150114536285,0
0,0.09581150114536285,0
0,0.09581150114536285,0
0,0.09581150114536285,0
0,0.09581150114536285,0
0,0.09581150114536285,0
0,0.9123440980911255,0
0,0.9068618416786194,0
0,0.89919114112854,0
0,0.8999429941177368,0
0,0.9104981422424316,0
0,0.8813309669494629,0
0,0.8911375999450684,0
0,0.8804728388786316,0
0,0.8706247806549072,0
0,0.8598146438598633,0
0,0.7932780385017395,0
0,0.6770144104957581,0
0,0.7196396589279175,0
0,0.7175034880638123,0
0,0.6955389380455017,0
0,0.670813798904419,0
0,0.6545332670211792,0
0,0.6471360921859741,0
0,0.5066333413124084,0
0,0.09581150114536285,0
0,0.09581150114536285,0
0,0.09581150114536285,0
0,0.09581150114536285,0
0,0.09581150114536285,0
0,0.09581150114536285,0
0,0.09581150114536285,0
0,0.09581150114536285,0
0,0.09581150114536285,0
0,0.09581150114536285,0
0,0.09581150114536285,0
0,0.09581150114536285,0
0,0.09581150114536285,0
0,0.09581150114536285,0
0,0.09581150114536285,0
0,0.09581150114536285,0
0,0.09581150114536285,0
0,0.09581150114536285,0
0,0.09581150114536285,0
0,0.09581150114536285,0
0,0.09581150114536285,0
0,0.09581150114536285,0
0,0.09581150114536285,0
0,0.09581150114536285,0
0,0.09581150114536285,0
0,0.09581150114536285,0
0,0.09581150114536285,0
0,0.09581150114536285,0
0,0.09581150114536285,0
0,0.09581150114536285,0
0,0.09581150114536285,0
0,0.09581150114536285,0
0,0.09581150114536285,0
0,0.09581150114536285,0
0,0.09581150114536285,0
0,0.09581150114536285,0
0,0.09581150114536285,0
0,0.09581150114536285,0
0,0.09581150114536285,0
0,0.09581150114536285,0
0,0.09581150114536285,0
1,0.09581150114536285,0
0,0.8923224210739136,0
0,0.8895574808120728,0
0,0.883767306804657,0
0,0.8632813096046448,0
0,0.8468464016914368,0
0,0.8307079672813416,0
0,0.8125883340835571,0
0,0.7851958274841309,0
0,0.7540867328643799,0
0,0.7434166669845581,0
0,0.7469439506530762,0
0,0.7541808485984802,0
0,0.7545438408851624,0
0,0.7282616496086121,0
0,0.6804725527763367,0
0,0.6562877893447876,0
0,0.6852715611457825,0
0,0.7351422905921936,0
0,0.7442667484283447,0
0,0.7101284265518188,0
0,0.6404545903205872,0
0,0.5794359445571899,0
0,0.5981054902076721,0
0,0.6770144104957581,0
0,0.7196396589279175,0
0,0.7175034880638123,0
0,0.6955389380455017,0
0,0.670813798904419,0
0,0.6545332670211792,0
0,0.6471360921859741,0
0,0.5066333413124084,0
0,0.09581150114536285,0
0,0.09581150114536285,0
0,0.09581150114536285,0
0,0.09581150114536285,0
0,0.09581150114536285,0
0,0.09581150114536285,0
0,0.09581150114536285,0
0,0.09581150114536285,0
0,0.09581150114536285,0
0,0.09581150114536285,0
0,0.09581150114536285,0
0,0.09581150114536285,0
0,0.09581150114536285,0
0,0.09581150114536285,0
0,0.09581150114536285,0
0,0.09581150114536285,0
0,0.09581150114536285,0
0,0.09581150114536285,0
0,0.09581150114536285,0
0,0.09581150114536285,0
0,0.09581150114536285,0
0,0.09581150114536285,0
0,0.09581150114536285,0
0,0.09581150114536285,0
0,0.09581150114536285,0
0,0.09581150114536285,0
0,0.09581150114536285,0
0,0.09581150114536285,0
0,0.09581150114536285,0
0,0.09581150114536285,0
0,0.09581150114536285,0
0,0.09581150114536285,0
0,0.09581150114536285,0
0,0.09581150114536285,0
0,0.09581150114536285,0
0,0.09581150114536285,0
0,0.09581150114536285,0
0,0.09581150114536285,0
0,0.09581150114536285,0
0,0.09581150114536285,0
0,0.09581150114536285,0
0,0.09581150114536285,0
0,0.09581150114536285,0
0,0.09581150114536285,0
0,0.09581150114536285,0
0,0.09581150114536285,0
0,0.09581150114536285,0
0,0.09581150114536285,0
0,0.09581150114536285,0
0,0.09581150114536285,0
0,0.09581150114536285,0
0,0.09581150114536285,0
0,0.09581150114536285,0
0,0.09581150114536285,0
0,0.09581150114536285,0
0,0.09581150114536285,0
0,0.09581150114536285,0
0,0.09581150114536285,0
0,0.09581150114536285,0
0,0.09581150114536285,0
0,0.09581150114536285,0
0,0.09581150114536285,0
0,0.09581150114536285,0
0,0.09581150114536285,0
0,0.09581150114536285,0
0,0.09581150114536285,0
0,0.09581150114536285,0
0,0.09581150114536285,0
0,0.09581150114536285,0
0,0.09581150114536285,0
0,0.09581150114536285,0
0,0.09581150114536285,0
0,0.09581150114536285,0
0,0.09581150114536285,0
0,0.09581150114536285,0
0,0.09581150114536285,0
0,0.09581150114536285,0
0,0.09581150114536285,0
0,0.09581150114536285,0
0,0.09581150114536285,0
0,0.09581150114536285,0
0,0.09581150114536285,0
0,0.09581150114536285,0
0,0.09581150114536285,0
0,0.09581150114536285,0
0,0.09581150114536285,0
0,0.09581150114536285,0
0,0.09581150114536285,0
0,0.09581150114536285,0
0,0.09581150114536285,0
0,0.09581150114536285,0
0,0.09581150114536285,0
0,0.09581150114536285,0
0,0.09581150114536285,0
0,0.09581150114536285,0
0,0.09581150114536285,0
0,0.09581150114536285,0
0,0.09581150114536285,0
0,0.09581150114536285,0
0,0.09581150114536285,0
0,0.09581150114536285,0
0,0.09581150114536285,0
0,0.09581150114536285,0
0,0.09581150114536285,0
0,0.09581150114536285,0
0,0.09581150114536285,0
0,0.09581150114536285,0
0,0.09581150114536285,0
0,0.09581150114536285,0
0,0.09581150114536285,0
0,0.09581150114536285,0
0,0.09581150114536285,0
0,0.09581150114536285,0
0,0.09581150114536285,0
0,0.09581150114536285,0
0,0.09581150114536285,0
0,0.09581150114536285,0
0,0.09581150114536285,0
0,0.09581150114536285,0
0,0.09581150114536285,0
0,0.09581150114536285,0
0,0.09581150114536285,0
0,0.09581150114536285,0
0,0.09581150114536285,0
0,0.09581150114536285,0
0,0.09581150114536285,0
0,0.09581150114536285,0
0,0.09581150114536285,0
0,0.09581150114536285,0
0,0.09581150114536285,0
0,0.09581150114536285,0
0,0.09581150114536285,0
0,0.09581150114536285,0
0,0.09581150114536285,0
0,0.09581150114536285,0
0,0.09581150114536285,0
0,0.09581150114536285,0
0,0.09581150114536285,0
0,0.09581150114536285,0
0,0.09581150114536285,0
0,0.09581150114536285,0
0,0.09581150114536285,0
0,0.09581150114536285,0
0,0.09581150114536285,0
0,0.09581150114536285,0
0,0.09581150114536285,0
0,0.09581150114536285,0
0,0.09581150114536285,0
0,0.09581150114536285,0
0,0.09581150114536285,0
0,0.09581150114536285,0
0,0.09581150114536285,0
0,0.09581150114536285,0
0,0.09581150114536285,0
0,0.09581150114536285,0
0,0.09581150114536285,0
0,0.09581150114536285,0
0,0.09581150114536285,0
0,0.09581150114536285,0
0,0.09581150114536285,0
0,0.09581150114536285,0
0,0.09581150114536285,0
0,0.09581150114536285,0
0,0.09581150114536285,0
0,0.09581150114536285,0
0,0.09581150114536285,0
0,0.09581150114536285,0
0,0.09581150114536285,0
0,0.09581150114536285,0
0,0.09581150114536285,0
0,0.09581150114536285,0
0,0.09581150114536285,0
0,0.09581150114536285,0
0,0.09581150114536285,0
0,0.09581150114536285,0
0,0.09581150114536285,0
0,0.09581150114536285,0
0,0.09581150114536285,0
0,0.09581150114536285,0
0,0.09581150114536285,0
0,0.09581150114536285,0
0,0.09581150114536285,0
0,0.09581150114536285,0
0,0.09581150114536285,0
0,0.09581150114536285,0
0,0.09581150114536285,0
0,0.09581150114536285,0
0,0.09581150114536285,0
0,0.09581150114536285,0
0,0.09581150114536285,0
0,0.09581150114536285,0
0,0.09581150114536285,0
0,0.09581150114536285,0
0,0.09581150114536285,0
0,0.09581150114536285,0
0,0.09581150114536285,0
0,0.09581150114536285,0
0,0.09581150114536285,0
0,0.09581150114536285,0
0,0.09581150114536285,0
0,0.09581150114536285,0
0,0.09581150114536285,0
0,0.09581150114536285,0
0,0.09581150114536285,0
0,0.09581150114536285,0
0,0.09581150114536285,0
0,0.09581150114536285,0
0,0.09581150114536285,0
0,0.09581150114536285,0
0,0.09581150114536285,0
0,0.09581150114536285,0
0,0.09581150114536285,0
0,0.09581150114536285,0
0,0.09581150114536285,0
0,0.09581150114536285,0
0,0.09581150114536285,0
0,0.09581150114536285,0
0,0.09581150114536285,0
0,0.09581150114536285,0
0,0.09581150114536285,0
0,0.09581150114536285,0
0,0.09581150114536285,0
0,0.09581150114536285,0
0,0.09581150114536285,0
0,0.09581150114536285,0
0,0.09581150114536285,0
0,0.09581150114536285,0
0,0.09581150114536285,0
0,0.09581150114536285,0
0,0.09581150114536285,0
0,0.09581150114536285,0
0,0.09581150114536285,0
0,0.09581150114536285,0
0,0.09581150114536285,0
0,0.09581150114536285,0
0,0.09581150114536285,0
0,0.09581150114536285,0
0,0.09581150114536285,0
0,0.09581150114536285,0
0,0.09581150114536285,0
0,0.09581150114536285,0
0,0.09581150114536285,0
0,0.09581150114536285,0
0,0.09581150114536285,0
0,0.09581150114536285,0
0,0.09581150114536285,0
0,0.09581150114536285,0
0,0.09581150114536285,0
0,0.09581150114536285,0
0,0.09581150114536285,0
0,0.09581150114536285,0
0,0.09581150114536285,0
0,0.09581150114536285,0
0,0.09581150114536285,0
0,0.09581150114536285,0
0,0.09581150114536285,0
0,0.09581150114536285,0
0,0.09581150114536285,0
0,0.09581150114536285,0
0,0.09581150114536285,0
0,0.09581150114536285,0
0,0.09581150114536285,0
0,0.09581150114536285,0
0,0.09581150114536285,0
0,0.09581150114536285,0
0,0.09581150114536285,0
0,0.09581150114536285,0
0,0.09581150114536285,0
0,0.09581150114536285,0
0,0.09581150114536285,0
0,0.09581150114536285,0
0,0.09581150114536285,0
0,0.09581150114536285,0
0,0.09581150114536285,0
0,0.09581150114536285,0
0,0.09581150114536285,0
0,0.09581150114536285,0
0,0.09581150114536285,0
0,0.09581150114536285,0
0,0.09581150114536285,0
0,0.09581150114536285,0
0,0.09581150114536285,0
0,0.09581150114536285,0
0,0.09581150114536285,0
0,0.09581150114536285,0
0,0.09581150114536285,0
0,0.09581150114536285,0
0,0.09581150114536285,0
0,0.09581150114536285,0
0,0.09581150114536285,0
0,0.09581150114536285,0
0,0.09581150114536285,0
0,0.09581150114536285,0
0,0.09581150114536285,0
0,0.09581150114536285,0
0,0.09581150114536285,0
0,0.09581150114536285,0
0,0.09581150114536285,0
0,0.09581150114536285,0
0,0.09581150114536285,0
0,0.09581150114536285,0
0,0.09581150114536285,0
0,0.09581150114536285,0
0,0.09581150114536285,0
0,0.09581150114536285,0
0,0.09581150114536285,0
0,0.09581150114536285,0
0,0.09581150114536285,0
0,0.09581150114536285,0
0,0.09581150114536285,0
0,0.09581150114536285,0
0,0.09581150114536285,0
0,0.09581150114536285,0
0,0.09581150114536285,0
0,0.09581150114536285,0
0,0.09581150114536285,0
0,0.09581150114536285,0
0,0.09581150114536285,0
0,0.09581150114536285,0
0,0.09581150114536285,0
0,0.09581150114536285,0
0,0.09581150114536285,0
0,0.09581150114536285,0
0,0.09581150114536285,0
0,0.09581150114536285,0
0,0.09581150114536285,0
0,0.09581150114536285,0
0,0.09581150114536285,0
0,0.09581150114536285,0
0,0.09581150114536285,0
0,0.09581150114536285,0
0,0.09581150114536285,0
0,0.09581150114536285,0
0,0.09581150114536285,0
0,0.09581150114536285,0
0,0.09581150114536285,0
0,0.09581150114536285,0
0,0.09581150114536285,0
0,0.09581150114536285,0
0,0.09581150114536285,0
0,0.09581150114536285,0
0,0.09581150114536285,0
0,0.09581150114536285,0
0,0.09581150114536285,0
0,0.09581150114536285,0
0,0.09581150114536285,0
0,0.09581150114536285,0
0,0.09581150114536285,0
0,0.09581150114536285,0
0,0.09581150114536285,0
0,0.09581150114536285,0
0,0.09581150114536285,0
0,0.09581150114536285,0
0,0.09581150114536285,0
0,0.09581150114536285,0
0,0.09581150114536285,0
0,0.09581150114536285,0
0,0.09581150114536285,0
0,0.09581150114536285,0
0,0.09581150114536285,0
0,0.09581150114536285,0
0,0.09581150114536285,0
0,0.09581150114536285,0
0,0.09581150114536285,0
0,0.09581150114536285,0
0,0.09581150114536285,0
0,0.09581150114536285,0
0,0.09581150114536285,0
0,0.09581150114536285,0
0,0.09581150114536285,0
0,0.09581150114536285,0
0,0.09581150114536285,0
0,0.09581150114536285,0
0,0.09581150114536285,0
0,0.09581150114536285,0
0,0.09581150114536285,0
0,0.09581150114536285,0
0,0.09581150114536285,0
0,0.09581150114536285,0
0,0.09581150114536285,0
0,0.09581150114536285,0
0,0.09581150114536285,0
0,0.09581150114536285,0
0,0.09581150114536285,0
0,0.09581150114536285,0
0,0.09581150114536285,0
0,0.09581150114536285,0
0,0.09581150114536285,0
0,0.09581150114536285,0
0,0.09581150114536285,0
0,0.09581150114536285,0
0,0.09581150114536285,0
0,0.09581150114536285,0
0,0.09581150114536285,0
0,0.09581150114536285,0
0,0.09581150114536285,0
0,0.09581150114536285,0
0,0.09581150114536285,0
0,0.09581150114536285,0
0,0.09581150114536285,0
0,0.09581150114536285,0
0,0.09581150114536285,0
0,0.09581150114536285,0
0,0.09581150114536285,0
0,0.09581150114536285,0
0,0.09581150114536285,0
0,0.09581150114536285,0
0,0.09581150114536285,0
0,0.09581150114536285,0
0,0.09581150114536285,0
0,0.09581150114536285,0
0,0.09581150114536285,0
0,0.09581150114536285,0
0,0.09581150114536285,0
0,0.09581150114536285,0
0,0.09581150114536285,0
0,0.09581150114536285,0
0,0.09581150114536285,0
0,0.09581150114536285,0
0,0.09581150114536285,0
0,0.09581150114536285,0
0,0.09581150114536285,0
0,0.09581150114536285,0
0,0.09581150114536285,0
0,0.09581150114536285,0
0,0.09581150114536285,0
0,0.09581150114536285,0
0,0.09581150114536285,0
0,0.09581150114536285,0
0,0.09581150114536285,0
0,0.09581150114536285,0
0,0.09581150114536285,0
0,0.09581150114536285,0
0,0.09581150114536285,0
0,0.09581150114536285,0
0,0.09581150114536285,0
0,0.09581150114536285,0
0,0.09581150114536285,0
0,0.09581150114536285,0
0,0.09581150114536285,0
0,0.09581150114536285,0
0,0.09581150114536285,0
0,0.09581150114536285,0
0,0.09581150114536285,0
0,0.09581150114536285,0
0,0.09581150114536285,0
0,0.09581150114536285,0
0,0.09581150114536285,0
0,0.09581150114536285,0
0,0.09581150114536285,0
0,0.09581150114536285,0
0,0.09581150114536285,0
0,0.09581150114536285,0
0,0.09581150114536285,0
0,0.09581150114536285,0
0,0.09581150114536285,0
0,0.09581150114536285,0
0,0.09581150114536285,0
0,0.09581150114536285,0
0,0.09581150114536285,0
0,0.09581150114536285,0
0,0.09581150114536285,0
0,0.09581150114536285,0
0,0.09581150114536285,0
0,0.09581150114536285,0
0,0.09581150114536285,0
0,0.09581150114536285,0
0,0.09581150114536285,0
0,0.09581150114536285,0
0,0.09581150114536285,0
0,0.09581150114536285,0
0,0.09581150114536285,0
0,0.09581150114536285,0
0,0.09581150114536285,0
0,0.09581150114536285,0
0,0.09581150114536285,0
0,0.09581150114536285,0
0,0.09581150114536285,0
0,0.09581150114536285,0
0,0.09581150114536285,0
0,0.09581150114536285,0
0,0.09581150114536285,0
0,0.09581150114536285,0
0,0.09581150114536285,0
0,0.09581150114536285,0
0,0.09581150114536285,0
0,0.09581150114536285,0
0,0.09581150114536285,0
0,0.09581150114536285,0
0,0.09581150114536285,0
0,0.09581150114536285,0
0,0.09581150114536285,0
0,0.09581150114536285,0
0,0.09581150114536285,0
0,0.09581150114536285,0
0,0.09581150114536285,0
0,0.09581150114536285,0
0,0.09581150114536285,0
0,0.09581150114536285,0
0,0.09581150114536285,0
0,0.09581150114536285,0
0,0.09581150114536285,0
0,0.09581150114536285,0
0,0.09581150114536285,0
0,0.09581150114536285,0
0,0.09581150114536285,0
0,0.09581150114536285,0
0,0.09581150114536285,0
0,0.09581150114536285,0
0,0.09581150114536285,0
0,0.09581150114536285,0
0,0.09581150114536285,0
0,0.09581150114536285,0
0,0.09581150114536285,0
0,0.09581150114536285,0
0,0.09581150114536285,0
0,0.09581150114536285,0
0,0.09581150114536285,0
0,0.09581150114536285,0
0,0.09581150114536285,0
0,0.09581150114536285,0
0,0.09581150114536285,0
0,0.09581150114536285,0
0,0.09581150114536285,0
0,0.09581150114536285,0
0,0.09581150114536285,0
0,0.09581150114536285,0
0,0.09581150114536285,0
0,0.09581150114536285,0
0,0.09581150114536285,0
0,0.09581150114536285,0
0,0.09581150114536285,0
0,0.09581150114536285,0
0,0.09581150114536285,0
0,0.09581150114536285,0
0,0.09581150114536285,0
0,0.09581150114536285,0
0,0.09581150114536285,0
0,0.09581150114536285,0
0,0.09581150114536285,0
0,0.09581150114536285,0
0,0.09581150114536285,0
0,0.09581150114536285,0
0,0.09581150114536285,0
0,0.09581150114536285,0
0,0.09581150114536285,0
0,0.09581150114536285,0
0,0.09581150114536285,0
0,0.09581150114536285,0
0,0.09581150114536285,0
0,0.09581150114536285,0
0,0.09581150114536285,0
0,0.09581150114536285,0
0,0.09581150114536285,0
0,0.09581150114536285,0
0,0.09581150114536285,0
0,0.09581150114536285,0
0,0.09581150114536285,0
0,0.09581150114536285,0
0,0.09581150114536285,0
0,0.09581150114536285,0
0,0.09581150114536285,0
0,0.09581150114536285,0
0,0.09581150114536285,0
0,0.09581150114536285,0
0,0.09581150114536285,0
0,0.09581150114536285,0
0,0.09581150114536285,0
0,0.09581150114536285,0
0,0.09581150114536285,0
0,0.09581150114536285,0
0,0.09581150114536285,0
0,0.09581150114536285,0
0,0.09581150114536285,0
0,0.09581150114536285,0
0,0.09581150114536285,0
0,0.09581150114536285,0
0,0.09581150114536285,0
0,0.09581150114536285,0
0,0.09581150114536285,0
0,0.09581150114536285,0
0,0.09581150114536285,0
0,0.09581150114536285,0
0,0.09581150114536285,0
0,0.09581150114536285,0
0,0.09581150114536285,0
0,0.09581150114536285,0
0,0.09581150114536285,0
0,0.09581150114536285,0
0,0.09581150114536285,0
0,0.09581150114536285,0
0,0.09581150114536285,0
0,0.09581150114536285,0
0,0.09581150114536285,0
0,0.09581150114536285,0
0,0.09581150114536285,0
0,0.09581150114536285,0
0,0.09581150114536285,0
0,0.09581150114536285,0
0,0.09581150114536285,0
0,0.09581150114536285,0
0,0.09581150114536285,0
0,0.09581150114536285,0
0,0.09581150114536285,0
0,0.09581150114536285,0
0,0.09581150114536285,0
0,0.09581150114536285,0
0,0.09581150114536285,0
0,0.09581150114536285,0
0,0.09581150114536285,0
0,0.09581150114536285,0
0,0.09581150114536285,0
0,0.09581150114536285,0
0,0.09581150114536285,0
0,0.09581150114536285,0
0,0.09581150114536285,0
0,0.09581150114536285,0
0,0.09581150114536285,0
0,0.09581150114536285,0
0,0.09581150114536285,0
0,0.09581150114536285,0
0,0.09581150114536285,0
0,0.09581150114536285,0
0,0.09581150114536285,0
0,0.09581150114536285,0
0,0.09581150114536285,0
0,0.09581150114536285,0
0,0.09581150114536285,0
0,0.09581150114536285,0
0,0.09581150114536285,0
0,0.09581150114536285,0
0,0.09581150114536285,0
0,0.09581150114536285,0
0,0.09581150114536285,0
0,0.09581150114536285,0
0,0.09581150114536285,0
0,0.09581150114536285,0
0,0.09581150114536285,0
0,0.09581150114536285,0
0,0.09581150114536285,0
0,0.09581150114536285,0
0,0.09581150114536285,0
0,0.09581150114536285,0
0,0.09581150114536285,0
0,0.09581150114536285,0
0,0.09581150114536285,0
0,0.09581150114536285,0
0,0.09581150114536285,0
0,0.09581150114536285,0
0,0.09581150114536285,0
0,0.09581150114536285,0
0,0.09581150114536285,0
0,0.09581150114536285,0
0,0.09581150114536285,0
0,0.09581150114536285,0
0,0.09581150114536285,0
0,0.09581150114536285,0
0,0.09581150114536285,0
0,0.09581150114536285,0
0,0.09581150114536285,0
0,0.09581150114536285,0
0,0.09581150114536285,0
0,0.09581150114536285,0
0,0.09581150114536285,0
0,0.09581150114536285,0
0,0.09581150114536285,0
0,0.09581150114536285,0
0,0.09581150114536285,0
0,0.09581150114536285,0
0,0.09581150114536285,0
0,0.09581150114536285,0
0,0.09581150114536285,0
0,0.09581150114536285,0
0,0.09581150114536285,0
0,0.09581150114536285,0
0,0.09581150114536285,0
0,0.09581150114536285,0
0,0.09581150114536285,0
0,0.09581150114536285,0
0,0.09581150114536285,0
0,0.09581150114536285,0
0,0.09581150114536285,0
0,0.09581150114536285,0
0,0.09581150114536285,0
0,0.09581150114536285,0
0,0.09581150114536285,0
0,0.09581150114536285,0
0,0.09581150114536285,0
0,0.09581150114536285,0
0,0.09581150114536285,0
0,0.09581150114536285,0
0,0.09581150114536285,0
0,0.09581150114536285,0
0,0.09581150114536285,0
0,0.09581150114536285,0
0,0.09581150114536285,0
0,0.09581150114536285,0
0,0.09581150114536285,0
0,0.09581150114536285,0
0,0.09581150114536285,0
0,0.09581150114536285,0
0,0.09581150114536285,0
0,0.09581150114536285,0
0,0.09581150114536285,0
0,0.09581150114536285,0
0,0.09581150114536285,0
0,0.09581150114536285,0
0,0.09581150114536285,0
0,0.09581150114536285,0
0,0.09581150114536285,0
0,0.09581150114536285,0
0,0.09581150114536285,0
0,0.09581150114536285,0
0,0.09581150114536285,0
0,0.09581150114536285,0
0,0.09581150114536285,0
0,0.09581150114536285,0
0,0.09581150114536285,0
0,0.09581150114536285,0
0,0.09581150114536285,0
0,0.09581150114536285,0
0,0.09581150114536285,0
0,0.09581150114536285,0
0,0.09581150114536285,0
0,0.09581150114536285,0
0,0.09581150114536285,0
0,0.09581150114536285,0
0,0.09581150114536285,0
0,0.09581150114536285,0
0,0.09581150114536285,0
0,0.09581150114536285,0
0,0.09581150114536285,0
0,0.09581150114536285,0
0,0.09581150114536285,0
0,0.09581150114536285,0
0,0.09581150114536285,0
0,0.09581150114536285,0
0,0.09581150114536285,0
0,0.09581150114536285,0
0,0.09581150114536285,0
0,0.09581150114536285,0
0,0.09581150114536285,0
0,0.09581150114536285,0
0,0.09581150114536285,0
0,0.09581150114536285,0
0,0.09581150114536285,0
0,0.09581150114536285,0
0,0.09581150114536285,0
0,0.09581150114536285,0
0,0.09581150114536285,0
0,0.09581150114536285,0
0,0.09581150114536285,0
0,0.09581150114536285,0
0,0.09581150114536285,0
0,0.09581150114536285,0
0,0.09581150114536285,0
0,0.09581150114536285,0
0,0.09581150114536285,0
0,0.09581150114536285,0
0,0.09581150114536285,0
0,0.09581150114536285,0
0,0.09581150114536285,0
0,0.09581150114536285,0
0,0.09581150114536285,0
0,0.09581150114536285,0
0,0.09581150114536285,0
0,0.09581150114536285,0
0,0.09581150114536285,0
0,0.09581150114536285,0
0,0.09581150114536285,0
0,0.09581150114536285,0
0,0.09581150114536285,0
0,0.09581150114536285,0
0,0.09581150114536285,0
0,0.09581150114536285,0
0,0.09581150114536285,0
0,0.09581150114536285,0
0,0.09581150114536285,0
0,0.09581150114536285,0
0,0.09581150114536285,0
0,0.09581150114536285,0
0,0.09581150114536285,0
0,0.09581150114536285,0
0,0.09581150114536285,0
0,0.09581150114536285,0
0,0.09581150114536285,0
0,0.09581150114536285,0
0,0.09581150114536285,0
0,0.09581150114536285,0
0,0.09581150114536285,0
0,0.09581150114536285,0
0,0.09581150114536285,0
0,0.09581150114536285,0
0,0.09581150114536285,0
0,0.09581150114536285,0
0,0.09581150114536285,0
0,0.09581150114536285,0
0,0.09581150114536285,0
0,0.09581150114536285,0
0,0.09581150114536285,0
0,0.09581150114536285,0
0,0.09581150114536285,0
0,0.09581150114536285,0
0,0.09581150114536285,0
0,0.09581150114536285,0
0,0.09581150114536285,0
0,0.09581150114536285,0
0,0.09581150114536285,0
0,0.09581150114536285,0
0,0.09581150114536285,0
0,0.09581150114536285,0
0,0.09581150114536285,0
0,0.09581150114536285,0
0,0.09581150114536285,0
0,0.09581150114536285,0
0,0.09581150114536285,0
0,0.09581150114536285,0
0,0.09581150114536285,0
0,0.09581150114536285,0
0,0.09581150114536285,0
0,0.09581150114536285,0
0,0.09581150114536285,0
0,0.09581150114536285,0
0,0.09581150114536285,0
0,0.09581150114536285,0
0,0.09581150114536285,0
0,0.09581150114536285,0
0,0.09581150114536285,0
0,0.09581150114536285,0
0,0.09581150114536285,0
0,0.09581150114536285,0
0,0.09581150114536285,0
0,0.09581150114536285,0
0,0.09581150114536285,0
0,0.09581150114536285,0
0,0.09581150114536285,0
0,0.09581150114536285,0
0,0.09581150114536285,0
0,0.09581150114536285,0
0,0.09581150114536285,0
0,0.09581150114536285,0
0,0.09581150114536285,0
0,0.09581150114536285,0
0,0.09581150114536285,0
0,0.09581150114536285,0
0,0.09581150114536285,0
0,0.09581150114536285,0
0,0.09581150114536285,0
0,0.09581150114536285,0
0,0.09581150114536285,0
0,0.09581150114536285,0
0,0.09581150114536285,0
0,0.09581150114536285,0
0,0.09581150114536285,0
0,0.09581150114536285,0
0,0.09581150114536285,0
0,0.09581150114536285,0
0,0.09581150114536285,0
0,0.09581150114536285,0
0,0.09581150114536285,0
0,0.09581150114536285,0
0,0.09581150114536285,0
0,0.09581150114536285,0
0,0.09581150114536285,0
0,0.09581150114536285,0
0,0.09581150114536285,0
0,0.09581150114536285,0
0,0.09581150114536285,0
0,0.09581150114536285,0
0,0.09581150114536285,0
0,0.09581150114536285,0
0,0.09581150114536285,0
0,0.09581150114536285,0
0,0.09581150114536285,0
0,0.09581150114536285,0
0,0.09581150114536285,0
0,0.09581150114536285,0
0,0.09581150114536285,0
0,0.09581150114536285,0
0,0.09581150114536285,0
0,0.09581150114536285,0
0,0.09581150114536285,0
0,0.09581150114536285,0
0,0.09581150114536285,0
0,0.09581150114536285,0
0,0.09581150114536285,0
0,0.09581150114536285,0
0,0.09581150114536285,0
0,0.09581150114536285,0
0,0.09581150114536285,0
0,0.09581150114536285,0
0,0.09581150114536285,0
0,0.09581150114536285,0
0,0.09581150114536285,0
0,0.09581150114536285,0
0,0.09581150114536285,0
0,0.09581150114536285,0
0,0.09581150114536285,0
0,0.09581150114536285,0
0,0.09581150114536285,0
0,0.09581150114536285,0
0,0.09581150114536285,0
0,0.09581150114536285,0
0,0.09581150114536285,0
0,0.09581150114536285,0
0,0.09581150114536285,0
0,0.09581150114536285,0
0,0.09581150114536285,0
0,0.09581150114536285,0
0,0.09581150114536285,0
0,0.09581150114536285,0
0,0.09581150114536285,0
0,0.09581150114536285,0
0,0.09581150114536285,0
0,0.09581150114536285,0
0,0.09581150114536285,0
0,0.09581150114536285,0
0,0.09581150114536285,0
0,0.09581150114536285,0
0,0.09581150114536285,0
0,0.09581150114536285,0
0,0.09581150114536285,0
0,0.09581150114536285,0
0,0.09581150114536285,0
0,0.09581150114536285,0
0,0.09581150114536285,0
0,0.09581150114536285,0
0,0.09581150114536285,0
0,0.09581150114536285,0
0,0.09581150114536285,0
0,0.09581150114536285,0
0,0.09581150114536285,0
0,0.09581150114536285,0
0,0.09581150114536285,0
0,0.09581150114536285,0
0,0.09581150114536285,0
0,0.09581150114536285,0
0,0.09581150114536285,0
0,0.09581150114536285,0
0,0.09581150114536285,0
0,0.09581150114536285,0
0,0.09581150114536285,0
0,0.09581150114536285,0
0,0.09581150114536285,0
0,0.09581150114536285,0
0,0.09581150114536285,0
0,0.09581150114536285,0
0,0.09581150114536285,0
0,0.09581150114536285,0
0,0.09581150114536285,0
0,0.09581150114536285,0
0,0.09581150114536285,0
0,0.09581150114536285,0
0,0.09581150114536285,0
0,0.09581150114536285,0
0,0.09581150114536285,0
0,0.09581150114536285,0
0,0.09581150114536285,0
0,0.09581150114536285,0
0,0.09581150114536285,0
0,0.09581150114536285,0
0,0.09581150114536285,0
0,0.09581150114536285,0
0,0.09581150114536285,0
0,0.09581150114536285,0
0,0.09581150114536285,0
0,0.09581150114536285,0
0,0.09581150114536285,0
0,0.09581150114536285,0
0,0.09581150114536285,0
0,0.09581150114536285,0
0,0.09581150114536285,0
0,0.09581150114536285,0
0,0.09581150114536285,0
0,0.09581150114536285,0
0,0.09581150114536285,0
0,0.09581150114536285,0
0,0.09581150114536285,0
0,0.09581150114536285,0
0,0.09581150114536285,0
0,0.09581150114536285,0
0,0.09581150114536285,0
0,0.09581150114536285,0
0,0.09581150114536285,0
0,0.09581150114536285,0
0,0.09581150114536285,0
0,0.09581150114536285,0
0,0.09581150114536285,0
0,0.09581150114536285,0
0,0.09581150114536285,0
0,0.09581150114536285,0
0,0.09581150114536285,0
0,0.09581150114536285,0
0,0.09581150114536285,0
0,0.09581150114536285,0
0,0.09581150114536285,0
0,0.09581150114536285,0
0,0.09581150114536285,0
0,0.09581150114536285,0
0,0.09581150114536285,0
0,0.09581150114536285,0
0,0.09581150114536285,0
0,0.09581150114536285,0
0,0.09581150114536285,0
0,0.09581150114536285,0
0,0.09581150114536285,0
0,0.09581150114536285,0
0,0.09581150114536285,0
0,0.09581150114536285,0
0,0.09581150114536285,0
0,0.09581150114536285,0
0,0.09581150114536285,0
0,0.09581150114536285,0
0,0.09581150114536285,0
0,0.09581150114536285,0
0,0.09581150114536285,0
0,0.09581150114536285,0
0,0.09581150114536285,0
0,0.09581150114536285,0
0,0.09581150114536285,0
0,0.09581150114536285,0
0,0.09581150114536285,0
0,0.09581150114536285,0
0,0.09581150114536285,0
0,0.09581150114536285,0
0,0.09581150114536285,0
0,0.09581150114536285,0
0,0.09581150114536285,0
0,0.09581150114536285,0
0,0.09581150114536285,0
0,0.09581150114536285,0
0,0.09581150114536285,0
0,0.09581150114536285,0
0,0.09581150114536285,0
0,0.09581150114536285,0
0,0.09581150114536285,0
0,0.09581150114536285,0
0,0.09581150114536285,0
0,0.09581150114536285,0
0,0.09581150114536285,0
0,0.09581150114536285,0
0,0.09581150114536285,0
0,0.09581150114536285,0
0,0.09581150114536285,0
0,0.09581150114536285,0
0,0.09581150114536285,0
0,0.09581150114536285,0
0,0.09581150114536285,0
0,0.09581150114536285,0
0,0.09581150114536285,0
0,0.09581150114536285,0
0,0.09581150114536285,0
0,0.09581150114536285,0
0,0.09581150114536285,0
0,0.09581150114536285,0
0,0.09581150114536285,0
0,0.09581150114536285,0
0,0.09581150114536285,0
0,0.09581150114536285,0
0,0.09581150114536285,0
0,0.09581150114536285,0
0,0.09581150114536285,0
0,0.09581150114536285,0
0,0.09581150114536285,0
0,0.09581150114536285,0
0,0.09581150114536285,0
0,0.09581150114536285,0
0,0.09581150114536285,0
0,0.09581150114536285,0
0,0.09581150114536285,0
0,0.09581150114536285,0
0,0.09581150114536285,0
0,0.09581150114536285,0
0,0.09581150114536285,0
0,0.09581150114536285,0
0,0.09581150114536285,0
0,0.09581150114536285,0
0,0.09581150114536285,0
0,0.09581150114536285,0
0,0.09581150114536285,0
0,0.09581150114536285,0
0,0.09581150114536285,0
0,0.09581150114536285,0
0,0.09581150114536285,0
0,0.09581150114536285,0
0,0.09581150114536285,0
0,0.09581150114536285,0
0,0.09581150114536285,0
0,0.09581150114536285,0
0,0.09581150114536285,0
0,0.09581150114536285,0
0,0.09581150114536285,0
0,0.09581150114536285,0
0,0.09581150114536285,0
0,0.09581150114536285,0
0,0.09581150114536285,0
0,0.09581150114536285,0
0,0.09581150114536285,0
0,0.09581150114536285,0
0,0.09581150114536285,0
0,0.09581150114536285,0
0,0.09581150114536285,0
0,0.09581150114536285,0
0,0.09581150114536285,0
0,0.09581150114536285,0
0,0.09581150114536285,0
0,0.09581150114536285,0
0,0.09581150114536285,0
0,0.09581150114536285,0
0,0.09581150114536285,0
0,0.09581150114536285,0
0,0.09581150114536285,0
0,0.09581150114536285,0
0,0.09581150114536285,0
0,0.09581150114536285,0
0,0.09581150114536285,0
0,0.09581150114536285,0
0,0.09581150114536285,0
0,0.09581150114536285,0
0,0.09581150114536285,0
0,0.09581150114536285,0
0,0.09581150114536285,0
0,0.09581150114536285,0
0,0.09581150114536285,0
0,0.09581150114536285,0
0,0.09581150114536285,0
0,0.09581150114536285,0
0,0.09581150114536285,0
0,0.09581150114536285,0
0,0.09581150114536285,0
0,0.09581150114536285,0
0,0.09581150114536285,0
0,0.09581150114536285,0
0,0.09581150114536285,0
0,0.09581150114536285,0
0,0.09581150114536285,0
0,0.09581150114536285,0
0,0.09581150114536285,0
0,0.09581150114536285,0
0,0.09581150114536285,0
0,0.09581150114536285,0
0,0.09581150114536285,0
0,0.09581150114536285,0
0,0.09581150114536285,0
0,0.09581150114536285,0
0,0.09581150114536285,0
0,0.09581150114536285,0
0,0.09581150114536285,0
0,0.09581150114536285,0
0,0.09581150114536285,0
0,0.09581150114536285,0
0,0.09581150114536285,0
0,0.09581150114536285,0
0,0.09581150114536285,0
0,0.09581150114536285,0
0,0.09581150114536285,0
0,0.09581150114536285,0
0,0.09581150114536285,0
0,0.09581150114536285,0
0,0.09581150114536285,0
0,0.09581150114536285,0
0,0.8938562870025635,0
0,0.9009683132171631,0
0,0.8854565620422363,0
1,0.8438224792480469,0
0,0.937800407409668,0
0,0.933023989200592,0
0,0.9049597978591919,0
0,0.8916125893592834,0
0,0.8828338980674744,0
0,0.8757734298706055,0
0,0.8664048314094543,0
0,0.8599828481674194,0
0,0.8641847968101501,0
0,0.8900101184844971,0
0,0.7469439506530762,0
1,0.7541808485984802,0
0,0.9786469340324402,1
0,0.9590744376182556,0
0,0.9458582997322083,0
0,0.9294136762619019,0
0,0.9153303503990173,0
1,0.9090896248817444,0
1,0.9755385518074036,0
0,0.9862968921661377,1
1,0.976758599281311,1
0,0.9914669990539551,1
1,0.9817265868186951,1
1,0.9870138764381409,1
1,0.9919644594192505,1
0,0.9971573352813721,1
0,0.9865158796310425,1
1,0.9835765957832336,1
1,0.9855964183807373,1
0,0.991289496421814,1
0,0.986564040184021,1
0,0.9888823628425598,1
0,0.985526442527771,1
0,0.9796943068504333,1
0,0.9720216393470764,0
0,0.9634443521499634,0
0,0.9590862989425659,0
0,0.9558720588684082,0
0,0.9480476379394531,0
0,0.9385338425636292,0
0,0.9296363592147827,0
0,0.9210174679756165,0
0,0.9281929731369019,0
0,0.8763310313224792,0
1,0.8635808229446411,0
0,0.9585398435592651,0
0,0.9688265323638916,0
0,0.9736388921737671,0
0,0.973954975605011,0
0,0.967085063457489,0
0,0.9480894207954407,0
0,0.9568623304367065,0
0,0.9360227584838867,0
0,0.957277238368988,0
0,0.9600070714950562,0
0,0.9437317848205566,0
0,0.8918845057487488,0
0,0.8804555535316467,0
0,0.8688996434211731,0
0,0.8254561424255371,0
0,0.6562877893447876,0
0,0.6852715611457825,0
0,0.7351422905921936,0
0,0.7442667484283447,0
0,0.7101284265518188,0
0,0.6404545903205872,0
0,0.5794359445571899,0
0,0.5981054902076721,0
0,0.6770144104957581,0
0,0.7196396589279175,0
0,0.7175034880638123,0
0,0.6955389380455017,0
0,0.670813798904419,0
0,0.6545332670211792,0
1,0.6471360921859741,0
0,0.9171726703643799,0
0,0.8895574808120728,0
0,0.883767306804657,0
0,0.8632813096046448,0
0,0.8468464016914368,0
0,0.8307079672813416,0
0,0.8125883340835571,0
0,0.7851958274841309,0
0,0.7540867328643799,0
0,0.7434166669845581,0
0,0.7469439506530762,0
0,0.7541808485984802,0
0,0.7545438408851624,0
0,0.7282616496086121,0
0,0.6804725527763367,0
0,0.6562877893447876,0
0,0.6852715611457825,0
0,0.7351422905921936,0
0,0.7442667484283447,0
0,0.7101284265518188,0
0,0.6404545903205872,0
0,0.5794359445571899,0
0,0.5981054902076721,0
0,0.6770144104957581,0
0,0.7196396589279175,0
0,0.7175034880638123,0
0,0.6955389380455017,0
0,0.670813798904419,0
0,0.6545332670211792,0
0,0.6471360921859741,0
0,0.5066333413124084,0
0,0.09581150114536285,0
0,0.09581150114536285,0
0,0.09581150114536285,0
0,0.09581150114536285,0
0,0.09581150114536285,0
0,0.09581150114536285,0
0,0.09581150114536285,0
0,0.09581150114536285,0
0,0.09581150114536285,0
0,0.09581150114536285,0
0,0.09581150114536285,0
0,0.09581150114536285,0
0,0.09581150114536285,0
0,0.09581150114536285,0
0,0.09581150114536285,0
1,0.09581150114536285,0
0,0.8923224210739136,0
0,0.8895574808120728,0
0,0.883767306804657,0
0,0.8632813096046448,0
0,0.8468464016914368,0
0,0.8307079672813416,0
0,0.8125883340835571,0
0,0.7851958274841309,0
0,0.7540867328643799,0
0,0.7434166669845581,0
0,0.7469439506530762,0
0,0.7541808485984802,0
0,0.7545438408851624,0
0,0.7282616496086121,0
0,0.6804725527763367,0
0,0.6562877893447876,0
0,0.6852715611457825,0
0,0.7351422905921936,0
0,0.7442667484283447,0
1,0.7101284265518188,0
0,0.8347859382629395,0
0,0.8719147443771362,0
0,0.8940266966819763,0
0,0.8881310224533081,0
0,0.8832200169563293,0
0,0.8754094243049622,0
0,0.8657752275466919,0
0,0.8599126935005188,0
0,0.8622812032699585,0
0,0.872373104095459,0
0,0.9005981683731079,0
0,0.7541808485984802,0
0,0.7545438408851624,0
0,0.7282616496086121,0
0,0.6804725527763367,0
0,0.6562877893447876,0
0,0.6852715611457825,0
0,0.7351422905921936,0
0,0.7442667484283447,0
0,0.7101284265518188,0
0,0.6404545903205872,0
0,0.5794359445571899,0
0,0.5981054902076721,0
0,0.6770144104957581,0
0,0.7196396589279175,0
0,0.7175034880638123,0
0,0.6955389380455017,0
0,0.670813798904419,0
0,0.6545332670211792,0
0,0.6471360921859741,0
0,0.5066333413124084,0
0,0.09581150114536285,0
0,0.09581150114536285,0
0,0.09581150114536285,0
0,0.09581150114536285,0
0,0.09581150114536285,0
0,0.09581150114536285,0
0,0.09581150114536285,0
0,0.09581150114536285,0
0,0.09581150114536285,0
0,0.09581150114536285,0
0,0.09581150114536285,0
0,0.09581150114536285,0
0,0.09581150114536285,0
0,0.09581150114536285,0
0,0.09581150114536285,0
0,0.09581150114536285,0
0,0.09581150114536285,0
0,0.09581150114536285,0
0,0.09581150114536285,0
0,0.09581150114536285,0
0,0.09581150114536285,0
0,0.09581150114536285,0
0,0.09581150114536285,0
0,0.09581150114536285,0
0,0.09581150114536285,0
0,0.09581150114536285,0
0,0.09581150114536285,0
0,0.09581150114536285,0
0,0.09581150114536285,0
0,0.09581150114536285,0
0,0.09581150114536285,0
0,0.09581150114536285,0
0,0.09581150114536285,0
0,0.09581150114536285,0
0,0.09581150114536285,0
0,0.09581150114536285,0
0,0.09581150114536285,0
0,0.09581150114536285,0
0,0.09581150114536285,0
0,0.09581150114536285,0
0,0.09581150114536285,0
0,0.09581150114536285,0
0,0.09581150114536285,0
0,0.09581150114536285,0
0,0.09581150114536285,0
0,0.09581150114536285,0
0,0.09581150114536285,0
0,0.09581150114536285,0
0,0.09581150114536285,0
0,0.09581150114536285,0
0,0.09581150114536285,0
0,0.09581150114536285,0
0,0.09581150114536285,0
0,0.09581150114536285,0
0,0.09581150114536285,0
0,0.09581150114536285,0
0,0.09581150114536285,0
0,0.09581150114536285,0
0,0.09581150114536285,0
0,0.09581150114536285,0
0,0.09581150114536285,0
0,0.09581150114536285,0
0,0.09581150114536285,0
0,0.09581150114536285,0
0,0.09581150114536285,0
0,0.09581150114536285,0
0,0.09581150114536285,0
0,0.09581150114536285,0
0,0.09581150114536285,0
0,0.09581150114536285,0
0,0.09581150114536285,0
0,0.09581150114536285,0
0,0.09581150114536285,0
0,0.09581150114536285,0
0,0.09581150114536285,0
0,0.09581150114536285,0
0,0.09581150114536285,0
0,0.09581150114536285,0
0,0.09581150114536285,0
0,0.09581150114536285,0
0,0.09581150114536285,0
0,0.09581150114536285,0
0,0.09581150114536285,0
0,0.09581150114536285,0
0,0.09581150114536285,0
0,0.09581150114536285,0
0,0.09581150114536285,0
0,0.09581150114536285,0
0,0.09581150114536285,0
0,0.09581150114536285,0
0,0.09581150114536285,0
0,0.09581150114536285,0
0,0.09581150114536285,0
0,0.09581150114536285,0
0,0.09581150114536285,0
0,0.09581150114536285,0
0,0.09581150114536285,0
0,0.09581150114536285,0
0,0.09581150114536285,0
0,0.09581150114536285,0
0,0.09581150114536285,0
0,0.09581150114536285,0
0,0.09581150114536285,0
0,0.09581150114536285,0
0,0.09581150114536285,0
0,0.09581150114536285,0
0,0.09581150114536285,0
0,0.09581150114536285,0
0,0.09581150114536285,0
0,0.09581150114536285,0
0,0.09581150114536285,0
0,0.09581150114536285,0
0,0.09581150114536285,0
0,0.09581150114536285,0
0,0.09581150114536285,0
0,0.09581150114536285,0
0,0.09581150114536285,0
0,0.09581150114536285,0
0,0.09581150114536285,0
0,0.09581150114536285,0
0,0.09581150114536285,0
0,0.09581150114536285,0
0,0.09581150114536285,0
0,0.09581150114536285,0
0,0.09581150114536285,0
0,0.09581150114536285,0
0,0.09581150114536285,0
0,0.09581150114536285,0
0,0.09581150114536285,0
0,0.09581150114536285,0
0,0.09581150114536285,0
0,0.09581150114536285,0
0,0.09581150114536285,0
0,0.09581150114536285,0
0,0.09581150114536285,0
0,0.09581150114536285,0
0,0.09581150114536285,0
0,0.09581150114536285,0
0,0.09581150114536285,0
0,0.09581150114536285,0
0,0.09581150114536285,0
0,0.09581150114536285,0
0,0.09581150114536285,0
0,0.09581150114536285,0
0,0.09581150114536285,0
0,0.09581150114536285,0
0,0.09581150114536285,0
0,0.09581150114536285,0
0,0.09581150114536285,0
0,0.09581150114536285,0
0,0.09581150114536285,0
0,0.09581150114536285,0
0,0.09581150114536285,0
0,0.09581150114536285,0
0,0.09581150114536285,0
0,0.09581150114536285,0
0,0.09581150114536285,0
0,0.09581150114536285,0
0,0.09581150114536285,0
0,0.09581150114536285,0
0,0.09581150114536285,0
0,0.09581150114536285,0
0,0.09581150114536285,0
0,0.09581150114536285,0
0,0.09581150114536285,0
0,0.09581150114536285,0
0,0.09581150114536285,0
0,0.09581150114536285,0
0,0.09581150114536285,0
0,0.09581150114536285,0
0,0.09581150114536285,0
0,0.09581150114536285,0
0,0.09581150114536285,0
0,0.09581150114536285,0
0,0.09581150114536285,0
0,0.09581150114536285,0
0,0.09581150114536285,0
0,0.09581150114536285,0
0,0.09581150114536285,0
0,0.09581150114536285,0
0,0.09581150114536285,0
0,0.09581150114536285,0
0,0.09581150114536285,0
0,0.09581150114536285,0
0,0.09581150114536285,0
0,0.09581150114536285,0
0,0.09581150114536285,0
0,0.09581150114536285,0
0,0.09581150114536285,0
0,0.09581150114536285,0
0,0.09581150114536285,0
0,0.09581150114536285,0
0,0.09581150114536285,0
0,0.09581150114536285,0
0,0.09581150114536285,0
0,0.09581150114536285,0
0,0.09581150114536285,0
0,0.09581150114536285,0
0,0.09581150114536285,0
0,0.09581150114536285,0
0,0.09581150114536285,0
0,0.09581150114536285,0
0,0.09581150114536285,0
0,0.09581150114536285,0
0,0.09581150114536285,0
0,0.09581150114536285,0
0,0.09581150114536285,0
0,0.09581150114536285,0
0,0.09581150114536285,0
0,0.09581150114536285,0
0,0.09581150114536285,0
0,0.09581150114536285,0
0,0.09581150114536285,0
0,0.09581150114536285,0
0,0.09581150114536285,0
0,0.09581150114536285,0
0,0.09581150114536285,0
0,0.09581150114536285,0
0,0.09581150114536285,0
0,0.09581150114536285,0
0,0.09581150114536285,0
0,0.09581150114536285,0
0,0.09581150114536285,0
0,0.09581150114536285,0
0,0.09581150114536285,0
0,0.09581150114536285,0
0,0.09581150114536285,0
0,0.09581150114536285,0
0,0.09581150114536285,0
0,0.09581150114536285,0
0,0.09581150114536285,0
0,0.09581150114536285,0
0,0.09581150114536285,0
0,0.09581150114536285,0
0,0.09581150114536285,0
0,0.09581150114536285,0
0,0.09581150114536285,0
0,0.09581150114536285,0
0,0.09581150114536285,0
0,0.09581150114536285,0
0,0.09581150114536285,0
0,0.09581150114536285,0
0,0.09581150114536285,0
0,0.09581150114536285,0
0,0.09581150114536285,0
0,0.09581150114536285,0
0,0.09581150114536285,0
0,0.09581150114536285,0
0,0.09581150114536285,0
0,0.09581150114536285,0
0,0.09581150114536285,0
0,0.09581150114536285,0
0,0.09581150114536285,0
0,0.09581150114536285,0
0,0.09581150114536285,0
0,0.09581150114536285,0
0,0.09581150114536285,0
0,0.09581150114536285,0
0,0.09581150114536285,0
0,0.09581150114536285,0
0,0.09581150114536285,0
0,0.09581150114536285,0
0,0.09581150114536285,0
0,0.09581150114536285,0
0,0.09581150114536285,0
0,0.09581150114536285,0
0,0.09581150114536285,0
0,0.09581150114536285,0
0,0.09581150114536285,0
0,0.09581150114536285,0
0,0.09581150114536285,0
0,0.09581150114536285,0
0,0.09581150114536285,0
0,0.09581150114536285,0
0,0.09581150114536285,0
0,0.09581150114536285,0
0,0.09581150114536285,0
0,0.09581150114536285,0
0,0.09581150114536285,0
0,0.09581150114536285,0
0,0.09581150114536285,0
0,0.09581150114536285,0
0,0.09581150114536285,0
0,0.09581150114536285,0
0,0.09581150114536285,0
0,0.09581150114536285,0
0,0.09581150114536285,0
0,0.09581150114536285,0
0,0.09581150114536285,0
0,0.09581150114536285,0
0,0.09581150114536285,0
0,0.09581150114536285,0
0,0.09581150114536285,0
0,0.09581150114536285,0
0,0.09581150114536285,0
0,0.09581150114536285,0
0,0.09581150114536285,0
0,0.09581150114536285,0
0,0.09581150114536285,0
0,0.09581150114536285,0
0,0.09581150114536285,0
0,0.09581150114536285,0
0,0.09581150114536285,0
0,0.09581150114536285,0
0,0.09581150114536285,0
0,0.09581150114536285,0
0,0.09581150114536285,0
0,0.09581150114536285,0
0,0.09581150114536285,0
0,0.09581150114536285,0
0,0.09581150114536285,0
0,0.09581150114536285,0
0,0.09581150114536285,0
0,0.09581150114536285,0
0,0.09581150114536285,0
0,0.09581150114536285,0
0,0.09581150114536285,0
0,0.09581150114536285,0
0,0.09581150114536285,0
0,0.09581150114536285,0
0,0.09581150114536285,0
0,0.09581150114536285,0
0,0.09581150114536285,0
0,0.09581150114536285,0
0,0.09581150114536285,0
0,0.09581150114536285,0
0,0.09581150114536285,0
0,0.09581150114536285,0
0,0.09581150114536285,0
0,0.09581150114536285,0
0,0.09581150114536285,0
0,0.09581150114536285,0
0,0.09581150114536285,0
0,0.09581150114536285,0
0,0.09581150114536285,0
0,0.09581150114536285,0
0,0.09581150114536285,0
0,0.09581150114536285,0
0,0.09581150114536285,0
0,0.09581150114536285,0
0,0.09581150114536285,0
0,0.09581150114536285,0
0,0.09581150114536285,0
0,0.09581150114536285,0
0,0.09581150114536285,0
0,0.09581150114536285,0
0,0.09581150114536285,0
0,0.09581150114536285,0
0,0.09581150114536285,0
0,0.09581150114536285,0
0,0.09581150114536285,0
0,0.09581150114536285,0
0,0.09581150114536285,0
0,0.09581150114536285,0
0,0.09581150114536285,0
0,0.09581150114536285,0
0,0.09581150114536285,0
0,0.09581150114536285,0
0,0.09581150114536285,0
0,0.09581150114536285,0
0,0.09581150114536285,0
0,0.09581150114536285,0
0,0.09581150114536285,0
0,0.09581150114536285,0
0,0.09581150114536285,0
0,0.09581150114536285,0
0,0.09581150114536285,0
0,0.09581150114536285,0
0,0.09581150114536285,0
0,0.09581150114536285,0
0,0.09581150114536285,0
0,0.09581150114536285,0
0,0.09581150114536285,0
0,0.09581150114536285,0
0,0.09581150114536285,0
0,0.09581150114536285,0
0,0.09581150114536285,0
0,0.09581150114536285,0
0,0.09581150114536285,0
0,0.09581150114536285,0
0,0.09581150114536285,0
0,0.09581150114536285,0
0,0.09581150114536285,0
0,0.09581150114536285,0
0,0.09581150114536285,0
0,0.09581150114536285,0
0,0.09581150114536285,0
0,0.09581150114536285,0
0,0.09581150114536285,0
0,0.09581150114536285,0
0,0.09581150114536285,0
0,0.09581150114536285,0
0,0.09581150114536285,0
0,0.09581150114536285,0
0,0.09581150114536285,0
0,0.09581150114536285,0
0,0.09581150114536285,0
0,0.09581150114536285,0
0,0.09581150114536285,0
0,0.09581150114536285,0
0,0.09581150114536285,0
0,0.09581150114536285,0
0,0.09581150114536285,0
0,0.09581150114536285,0
0,0.09581150114536285,0
0,0.09581150114536285,0
0,0.09581150114536285,0
0,0.09581150114536285,0
0,0.09581150114536285,0
0,0.09581150114536285,0
0,0.09581150114536285,0
0,0.09581150114536285,0
0,0.09581150114536285,0
0,0.09581150114536285,0
0,0.09581150114536285,0
0,0.09581150114536285,0
0,0.09581150114536285,0
0,0.09581150114536285,0
0,0.09581150114536285,0
0,0.09581150114536285,0
0,0.09581150114536285,0
0,0.09581150114536285,0
0,0.09581150114536285,0
0,0.09581150114536285,0
0,0.09581150114536285,0
0,0.09581150114536285,0
0,0.09581150114536285,0
0,0.09581150114536285,0
0,0.09581150114536285,0
0,0.09581150114536285,0
0,0.09581150114536285,0
0,0.09581150114536285,0
0,0.09581150114536285,0
0,0.09581150114536285,0
0,0.09581150114536285,0
0,0.09581150114536285,0
0,0.09581150114536285,0
0,0.09581150114536285,0
0,0.09581150114536285,0
0,0.09581150114536285,0
0,0.09581150114536285,0
0,0.09581150114536285,0
0,0.09581150114536285,0
0,0.09581150114536285,0
0,0.09581150114536285,0
0,0.09581150114536285,0
0,0.09581150114536285,0
0,0.09581150114536285,0
0,0.09581150114536285,0
0,0.09581150114536285,0
0,0.09581150114536285,0
0,0.09581150114536285,0
0,0.09581150114536285,0
0,0.09581150114536285,0
0,0.09581150114536285,0
0,0.09581150114536285,0
0,0.09581150114536285,0
0,0.09581150114536285,0
0,0.09581150114536285,0
0,0.09581150114536285,0
0,0.09581150114536285,0
0,0.09581150114536285,0
0,0.09581150114536285,0
0,0.09581150114536285,0
0,0.09581150114536285,0
0,0.09581150114536285,0
0,0.09581150114536285,0
0,0.09581150114536285,0
0,0.09581150114536285,0
0,0.09581150114536285,0
0,0.09581150114536285,0
0,0.09581150114536285,0
0,0.09581150114536285,0
0,0.09581150114536285,0
0,0.09581150114536285,0
0,0.09581150114536285,0
0,0.09581150114536285,0
0,0.09581150114536285,0
0,0.09581150114536285,0
0,0.09581150114536285,0
0,0.09581150114536285,0
0,0.09581150114536285,0
0,0.09581150114536285,0
0,0.09581150114536285,0
0,0.09581150114536285,0
0,0.09581150114536285,0
0,0.09581150114536285,0
0,0.09581150114536285,0
0,0.09581150114536285,0
0,0.09581150114536285,0
0,0.09581150114536285,0
0,0.09581150114536285,0
0,0.09581150114536285,0
0,0.09581150114536285,0
0,0.09581150114536285,0
0,0.09581150114536285,0
0,0.09581150114536285,0
0,0.09581150114536285,0
0,0.09581150114536285,0
0,0.09581150114536285,0
0,0.09581150114536285,0
0,0.09581150114536285,0
0,0.09581150114536285,0
0,0.09581150114536285,0
0,0.09581150114536285,0
0,0.09581150114536285,0
0,0.09581150114536285,0
0,0.09581150114536285,0
0,0.09581150114536285,0
0,0.09581150114536285,0
0,0.09581150114536285,0
0,0.09581150114536285,0
0,0.09581150114536285,0
0,0.09581150114536285,0
0,0.09581150114536285,0
0,0.09581150114536285,0
0,0.09581150114536285,0
0,0.09581150114536285,0
0,0.09581150114536285,0
0,0.09581150114536285,0
0,0.09581150114536285,0
0,0.09581150114536285,0
0,0.09581150114536285,0
0,0.09581150114536285,0
0,0.09581150114536285,0
0,0.09581150114536285,0
0,0.09581150114536285,0
0,0.09581150114536285,0
0,0.09581150114536285,0
0,0.09581150114536285,0
0,0.09581150114536285,0
0,0.09581150114536285,0
0,0.09581150114536285,0
0,0.09581150114536285,0
0,0.09581150114536285,0
0,0.09581150114536285,0
0,0.09581150114536285,0
0,0.09581150114536285,0
0,0.09581150114536285,0
0,0.7196396589279175,0
0,0.7175034880638123,0
0,0.6955389380455017,0
0,0.670813798904419,0
0,0.6545332670211792,0
0,0.6471360921859741,0
0,0.5066333413124084,0
0,0.09581150114536285,0
0,0.09581150114536285,0
0,0.09581150114536285,0
0,0.09581150114536285,0
0,0.09581150114536285,0
0,0.09581150114536285,0
0,0.09581150114536285,0
0,0.09581150114536285,0
0,0.09581150114536285,0
0,0.09581150114536285,0
0,0.09581150114536285,0
0,0.09581150114536285,0
0,0.09581150114536285,0
0,0.09581150114536285,0
0,0.09581150114536285,0
0,0.09581150114536285,0
0,0.09581150114536285,0
0,0.09581150114536285,0
0,0.09581150114536285,0
0,0.09581150114536285,0
0,0.09581150114536285,0
0,0.09581150114536285,0
0,0.09581150114536285,0
0,0.09581150114536285,0
0,0.09581150114536285,0
0,0.09581150114536285,0
0,0.09581150114536285,0
0,0.09581150114536285,0
0,0.09581150114536285,0
0,0.09581150114536285,0
0,0.09581150114536285,0
0,0.09581150114536285,0
0,0.09581150114536285,0
0,0.09581150114536285,0
0,0.09581150114536285,0
0,0.09581150114536285,0
0,0.09581150114536285,0
0,0.09581150114536285,0
0,0.09581150114536285,0
0,0.09581150114536285,0
0,0.09581150114536285,0
0,0.09581150114536285,0
0,0.09581150114536285,0
0,0.09581150114536285,0
0,0.09581150114536285,0
0,0.09581150114536285,0
0,0.09581150114536285,0
0,0.09581150114536285,0
0,0.09581150114536285,0
0,0.09581150114536285,0
0,0.09581150114536285,0
0,0.09581150114536285,0
0,0.09581150114536285,0
0,0.09581150114536285,0
0,0.09581150114536285,0
0,0.09581150114536285,0
0,0.09581150114536285,0
0,0.09581150114536285,0
0,0.09581150114536285,0
0,0.09581150114536285,0
0,0.09581150114536285,0
0,0.09581150114536285,0
0,0.09581150114536285,0
0,0.09581150114536285,0
0,0.09581150114536285,0
0,0.09581150114536285,0
0,0.09581150114536285,0
0,0.09581150114536285,0
0,0.09581150114536285,0
0,0.09581150114536285,0
0,0.09581150114536285,0
0,0.09581150114536285,0
0,0.09581150114536285,0
0,0.09581150114536285,0
0,0.09581150114536285,0
0,0.09581150114536285,0
0,0.09581150114536285,0
0,0.09581150114536285,0
0,0.09581150114536285,0
0,0.09581150114536285,0
0,0.09581150114536285,0
0,0.09581150114536285,0
0,0.09581150114536285,0
0,0.09581150114536285,0
0,0.09581150114536285,0
0,0.09581150114536285,0
0,0.09581150114536285,0
0,0.09581150114536285,0
0,0.09581150114536285,0
0,0.09581150114536285,0
0,0.09581150114536285,0
0,0.09581150114536285,0
0,0.09581150114536285,0
0,0.09581150114536285,0
0,0.09581150114536285,0
0,0.09581150114536285,0
0,0.09581150114536285,0
0,0.09581150114536285,0
0,0.09581150114536285,0
0,0.09581150114536285,0
0,0.09581150114536285,0
0,0.09581150114536285,0
0,0.09581150114536285,0
0,0.09581150114536285,0
0,0.09581150114536285,0
0,0.09581150114536285,0
0,0.09581150114536285,0
0,0.09581150114536285,0
0,0.09581150114536285,0
0,0.09581150114536285,0
0,0.09581150114536285,0
0,0.09581150114536285,0
0,0.09581150114536285,0
0,0.09581150114536285,0
0,0.09581150114536285,0
0,0.09581150114536285,0
0,0.09581150114536285,0
0,0.09581150114536285,0
0,0.09581150114536285,0
0,0.09581150114536285,0
0,0.09581150114536285,0
0,0.09581150114536285,0
0,0.09581150114536285,0
0,0.09581150114536285,0
0,0.09581150114536285,0
0,0.09581150114536285,0
0,0.09581150114536285,0
0,0.09581150114536285,0
0,0.09581150114536285,0
0,0.09581150114536285,0
0,0.09581150114536285,0
0,0.09581150114536285,0
0,0.09581150114536285,0
0,0.09581150114536285,0
0,0.09581150114536285,0
0,0.09581150114536285,0
0,0.09581150114536285,0
0,0.09581150114536285,0
0,0.09581150114536285,0
0,0.09581150114536285,0
0,0.09581150114536285,0
0,0.09581150114536285,0
0,0.09581150114536285,0
0,0.09581150114536285,0
0,0.09581150114536285,0
0,0.09581150114536285,0
0,0.09581150114536285,0
0,0.09581150114536285,0
0,0.09581150114536285,0
0,0.09581150114536285,0
0,0.09581150114536285,0
0,0.09581150114536285,0
0,0.09581150114536285,0
0,0.09581150114536285,0
0,0.09581150114536285,0
0,0.09581150114536285,0
0,0.09581150114536285,0
0,0.09581150114536285,0
0,0.09581150114536285,0
0,0.09581150114536285,0
0,0.09581150114536285,0
0,0.09581150114536285,0
0,0.09581150114536285,0
0,0.09581150114536285,0
0,0.09581150114536285,0
0,0.09581150114536285,0
0,0.09581150114536285,0
0,0.09581150114536285,0
0,0.09581150114536285,0
0,0.09581150114536285,0
0,0.09581150114536285,0
0,0.09581150114536285,0
0,0.8401020765304565,0
0,0.8419271111488342,0
0,0.8418846726417542,0
0,0.8403074145317078,0
0,0.8300317525863647,0
0,0.8154699206352234,0
0,0.7959349155426025,0
0,0.7707132697105408,0
0,0.750429093837738,0
0,0.7438109517097473,0
0,0.7462750673294067,0
0,0.7485607266426086,0
0,0.7456722259521484,0
0,0.738806962966919,0
0,0.7327935099601746,0
0,0.734096884727478,0
0,0.7424793839454651,0
0,0.7475677132606506,0
0,0.7451146245002747,0
0,0.7383602261543274,0
0,0.7310771942138672,0
0,0.7233232855796814,0
0,0.7138867974281311,0
0,0.6609793901443481,0
0,0.09581150114536285,0
0,0.09581150114536285,0
0,0.09581150114536285,0
0,0.09581150114536285,0
0,0.09581150114536285,0
0,0.09581150114536285,0
0,0.09581150114536285,0
0,0.09581150114536285,0
0,0.09581150114536285,0
0,0.09581150114536285,0
0,0.09581150114536285,0
0,0.09581150114536285,0
0,0.09581150114536285,0
0,0.09581150114536285,0
0,0.09581150114536285,0
0,0.09581150114536285,0
0,0.09581150114536285,0
0,0.09581150114536285,0
0,0.09581150114536285,0
0,0.09581150114536285,0
0,0.09581150114536285,0
0,0.09581150114536285,0
0,0.09581150114536285,0
0,0.09581150114536285,0
0,0.09581150114536285,0
0,0.09581150114536285,0
0,0.09581150114536285,0
0,0.09581150114536285,0
0,0.09581150114536285,0
0,0.09581150114536285,0
0,0.09581150114536285,0
0,0.09581150114536285,0
0,0.09581150114536285,0
0,0.09581150114536285,0
0,0.09581150114536285,0
0,0.09581150114536285,0
0,0.09581150114536285,0
0,0.09581150114536285,0
0,0.09581150114536285,0
0,0.09581150114536285,0
0,0.09581150114536285,0
0,0.09581150114536285,0
0,0.09581150114536285,0
0,0.09581150114536285,0
0,0.09581150114536285,0
0,0.09581150114536285,0
0,0.09581150114536285,0
0,0.09581150114536285,0
0,0.09581150114536285,0
0,0.09581150114536285,0
0,0.09581150114536285,0
0,0.09581150114536285,0
0,0.09581150114536285,0
0,0.09581150114536285,0
0,0.09581150114536285,0
0,0.09581150114536285,0
0,0.09581150114536285,0
0,0.09581150114536285,0
0,0.09581150114536285,0
0,0.09581150114536285,0
0,0.09581150114536285,0
0,0.09581150114536285,0
0,0.09581150114536285,0
0,0.09581150114536285,0
0,0.09581150114536285,0
0,0.09581150114536285,0
0,0.09581150114536285,0
0,0.09581150114536285,0
0,0.09581150114536285,0
0,0.09581150114536285,0
0,0.09581150114536285,0
0,0.09581150114536285,0
0,0.09581150114536285,0
0,0.09581150114536285,0
0,0.09581150114536285,0
0,0.09581150114536285,0
0,0.09581150114536285,0
0,0.09581150114536285,0
0,0.09581150114536285,0
0,0.09581150114536285,0
0,0.09581150114536285,0
0,0.09581150114536285,0
0,0.09581150114536285,0
0,0.09581150114536285,0
0,0.09581150114536285,0
0,0.09581150114536285,0
0,0.09581150114536285,0
0,0.09581150114536285,0
0,0.09581150114536285,0
0,0.09581150114536285,0
0,0.09581150114536285,0
0,0.09581150114536285,0
0,0.09581150114536285,0
0,0.09581150114536285,0
0,0.09581150114536285,0
0,0.09581150114536285,0
0,0.09581150114536285,0
0,0.09581150114536285,0
0,0.09581150114536285,0
0,0.09581150114536285,0
0,0.09581150114536285,0
0,0.09581150114536285,0
0,0.09581150114536285,0
0,0.09581150114536285,0
0,0.09581150114536285,0
0,0.09581150114536285,0
0,0.09581150114536285,0
0,0.09581150114536285,0
0,0.09581150114536285,0
0,0.09581150114536285,0
0,0.09581150114536285,0
0,0.09581150114536285,0
0,0.09581150114536285,0
0,0.09581150114536285,0
0,0.09581150114536285,0
0,0.09581150114536285,0
0,0.09581150114536285,0
0,0.09581150114536285,0
0,0.09581150114536285,0
0,0.09581150114536285,0
0,0.09581150114536285,0
0,0.09581150114536285,0
0,0.09581150114536285,0
0,0.09581150114536285,0
0,0.09581150114536285,0
0,0.09581150114536285,0
0,0.09581150114536285,0
0,0.09581150114536285,0
0,0.09581150114536285,0
0,0.09581150114536285,0
0,0.09581150114536285,0
0,0.09581150114536285,0
0,0.09581150114536285,0
0,0.09581150114536285,0
0,0.09581150114536285,0
0,0.09581150114536285,0
0,0.09581150114536285,0
0,0.09581150114536285,0
0,0.09581150114536285,0
0,0.09581150114536285,0
0,0.09581150114536285,0
0,0.09581150114536285,0
0,0.09581150114536285,0
0,0.09581150114536285,0
0,0.09581150114536285,0
0,0.09581150114536285,0
0,0.09581150114536285,0
0,0.09581150114536285,0
0,0.09581150114536285,0
0,0.09581150114536285,0
0,0.09581150114536285,0
0,0.09581150114536285,0
0,0.09581150114536285,0
0,0.09581150114536285,0
0,0.09581150114536285,0
0,0.9288008809089661,0
0,0.9257529973983765,0
0,0.9276614785194397,0
1,0.9322040677070618,0
1,0.9625522494316101,0
1,0.9710643291473389,0
1,0.98841792345047,1
1,0.9913812279701233,1
1,0.9977219700813293,1
1,0.9978253841400146,1
1,0.9975577592849731,1
1,0.9977208971977234,1
1,0.9977986216545105,1
0,0.9974492192268372,1
0,0.9773949980735779,1
1,0.9793186187744141,1
0,0.9841814041137695,1
0,0.9702651500701904,0
0,0.9589117765426636,0
0,0.9109552502632141,0
0,0.8752317428588867,0
0,0.8797970414161682,0
0,0.8976176977157593,0
0,0.9060951471328735,0
0,0.9175109267234802,0
0,0.9274252653121948,0
0,0.9352965354919434,0
0,0.8795760273933411,0
0,0.855161726474762,0
0,0.8295770287513733,0
1,0.8052775859832764,0
0,0.9423936605453491,0
0,0.941503643989563,0
0,0.9512474536895752,0
0,0.9550067186355591,0
0,0.9505475759506226,0
0,0.9456165432929993,0
0,0.9375474452972412,0
1,0.9065554738044739,0
0,0.9574322700500488,0
0,0.9636618494987488,0
0,0.9686604142189026,0
0,0.9622425436973572,0
0,0.9568946361541748,0
0,0.9256411194801331,0
0,0.9037126898765564,0
0,0.9013807773590088,0
0,0.8126319646835327,0
0,0.8337299227714539,0
0,0.8660703897476196,0
0,0.8901848793029785,0
0,0.8811993598937988,0
0,0.8403883576393127,0
0,0.7832936644554138,0
0,0.7563088536262512,0
0,0.7858086824417114,0
0,0.83440762758255,0
0,0.862261176109314,0
0,0.8468497395515442,0
0,0.7908004522323608,0
0,0.7442753314971924,0
0,0.7932780385017395,0
0,0.6770144104957581,0
0,0.7196396589279175,0
0,0.7175034880638123,0
0,0.6955389380455017,0
0,0.670813798904419,0
0,0.6545332670211792,0
0,0.6471360921859741,0
0,0.5066333413124084,0
0,0.09581150114536285,0
0,0.09581150114536285,0
0,0.09581150114536285,0
0,0.09581150114536285,0
0,0.09581150114536285,0
0,0.09581150114536285,0
0,0.09581150114536285,0
0,0.09581150114536285,0
0,0.09581150114536285,0
0,0.09581150114536285,0
0,0.09581150114536285,0
0,0.09581150114536285,0
0,0.09581150114536285,0
0,0.09581150114536285,0
0,0.09581150114536285,0
0,0.09581150114536285,0
0,0.09581150114536285,0
0,0.09581150114536285,0
0,0.09581150114536285,0
1,0.09581150114536285,0
0,0.8923224210739136,0
0,0.8895574808120728,0
1,0.883767306804657,0
1,0.9598137736320496,0
0,0.9827228784561157,1
0,0.9639233946800232,0
0,0.956242561340332,0
0,0.9444592595100403,0
0,0.9416354894638062,0
0,0.9390260577201843,0
0,0.9326851963996887,0
0,0.9226993918418884,0
0,0.9095736145973206,0
0,0.8894654512405396,0
1,0.8634489178657532,0
0,0.9511513710021973,0
0,0.938866913318634,0
0,0.942499041557312,0
0,0.9258844256401062,0
0,0.9143039584159851,0
1,0.9117528200149536,0
0,0.939399242401123,0
0,0.9475325345993042,0
0,0.951102077960968,0
0,0.9367636442184448,0
0,0.9285935759544373,0
0,0.9339045286178589,0
0,0.9371819496154785,0
0,0.9366183876991272,0
0,0.9354317784309387,0
1,0.9387617707252502,0
0,0.9438163638114929,0
0,0.9466112852096558,0
0,0.9634310007095337,0
1,0.953403651714325,0
0,0.9551844000816345,0
0,0.9408174753189087,0
1,0.926545262336731,0
0,0.9472130537033081,0
0,0.9454736113548279,0
0,0.9499592185020447,0
0,0.9411283135414124,0
0,0.9383493661880493,0
0,0.9423583149909973,0
0,0.9393857717514038,0
0,0.9405822157859802,0
0,0.9031190872192383,0
0,0.9093543291091919,0
0,0.9212837219238281,0
0,0.9217449426651001,0
0,0.9043687582015991,0
1,0.89886075258255,0
1,0.9436353445053101,0
1,0.9643422961235046,0
0,0.9857865571975708,1
0,0.9523741602897644,0
0,0.9570369720458984,0
0,0.9491726160049438,0
0,0.9424365758895874,0
0,0.9400808811187744,0
0,0.9406781196594238,0
1,0.9461162090301514,0
0,0.9638453125953674,0
0,0.9662097692489624,0
0,0.969872772693634,0
0,0.9648017883300781,0
0,0.9419746398925781,0
0,0.9320456981658936,0
0,0.9219812750816345,0
0,0.8682756423950195,0
0,0.8709401488304138,0
0,0.8811604380607605,0
0,0.8940239548683167,0
0,0.9092824459075928,0
0,0.9009698033332825,0
0,0.8576397895812988,0
0,0.7927054166793823,0
0,0.7701382040977478,0
0,0.8007516860961914,0
0,0.8516789674758911,0
0,0.8678820133209229,0
0,0.8397441506385803,0
0,0.8438224792480469,0
0,0.802366316318512,0
0,0.7932780385017395,0
0,0.6770144104957581,0
0,0.7196396589279175,0
0,0.7175034880638123,0
0,0.6955389380455017,0
0,0.9966965913772583,1
0,0.990853488445282,1
0,0.9898882508277893,1
1,0.9868489503860474,1
0,0.9935790300369263,1
0,0.9884241223335266,1
0,0.9865278601646423,1
1,0.9854363799095154,1
0,0.9875268340110779,1
0,0.9894376993179321,1
1,0.9896429777145386,1
1,0.9929317235946655,1
0,0.994785726070404,1
0,0.9891329407691956,1
0,0.9880962371826172,1
0,0.9872555732727051,1
1,0.984133243560791,1
1,0.9774972796440125,1
0,0.9933165311813354,1
0,0.9888849258422852,1
0,0.9876028895378113,1
0,0.9864341020584106,1
0,0.9831365942955017,1
0,0.9580796360969543,0
1,0.9480214715003967,0
1,0.9767548441886902,1
0,0.9844492077827454,1
0,0.9752286672592163,0
0,0.9741132259368896,0
0,0.9658852219581604,0
0,0.9634706974029541,0
0,0.9523379802703857,0
0,0.9424515962600708,0
0,0.9385319352149963,0
0,0.9445353150367737,0
1,0.9375495314598083,0
0,0.9686170220375061,0
0,0.9711645841598511,0
0,0.9742510914802551,0
0,0.9538134336471558,0
0,0.9386321306228638,0
1,0.9376768469810486,0
1,0.9649475812911987,0
0,0.9646649956703186,0
0,0.9613252878189087,0
0,0.9660133719444275,0
0,0.9562565684318542,0
0,0.9557819962501526,0
0,0.9529173970222473,0
0,0.922076940536499,0
0,0.895733118057251,0
0,0.8866481184959412,0
0,0.8961252570152283,0
0,0.9173057675361633,0
0,0.924915611743927,0
0,0.9182848930358887,0
1,0.8875181078910828,0
0,0.9431747794151306,0
0,0.9223719835281372,0
0,0.9252583980560303,0
0,0.9190188050270081,0
0,0.9184256792068481,0
0,0.9180985689163208,0
0,0.9126923084259033,0
0,0.9071030616760254,0
1,0.9146819114685059,0
0,0.9608238339424133,0
0,0.9350662231445312,0
0,0.9411162734031677,0
0,0.9341795444488525,0
0,0.9250922799110413,0
0,0.9074663519859314,0
0,0.9122746586799622,0
0,0.9011915326118469,0
0,0.8344765305519104,0
0,0.8543011546134949,0
0,0.872093677520752,0
0,0.8889124393463135,0
0,0.8733218908309937,0
0,0.8316881656646729,0
0,0.7728245854377747,0
0,0.7582597732543945,0
0,0.787498950958252,0
0,0.8461257219314575,0
1,0.8726335763931274,0
0,0.9194800853729248,0
0,0.9246636629104614,0
1,0.9408344626426697,0
0,0.9402161836624146,0
0,0.9342923164367676,0
0,0.92962646484375,0
0,0.9090908765792847,0
0,0.8976298570632935,0
0,0.8960102796554565,0
0,0.9043198823928833,0
0,0.9125810861587524,0
0,0.9306102395057678,0
1,0.8933264017105103,0
0,0.946100115776062,0
0,0.9382301568984985,0
0,0.9385688304901123,0
0,0.9200097918510437,0
1,0.9068635702133179,0
0,0.9418364763259888,0
0,0.9344620704650879,0
0,0.9386641979217529,0
1,0.9299885034561157,0
0,0.950525164604187,0
0,0.9568194150924683,0
0,0.9562115669250488,0
0,0.9470316171646118,0
1,0.9388614892959595,0
0,0.9646647572517395,0
0,0.9677854180335999,0
0,0.9685433506965637,0
0,0.9621059894561768,0
0,0.9451157450675964,0
0,0.9383357167243958,0
0,0.939421534538269,0
0,0.9257217049598694,0
0,0.926249086856842,0
0,0.9185938239097595,0
0,0.908068835735321,0
0,0.9026088118553162,0
0,0.9017139673233032,0
0,0.9013110995292664,0
0,0.8796692490577698,0
0,0.8659241199493408,0
0,0.8992519378662109,0
0,0.8717221021652222,0
0,0.8917548656463623,0
0,0.8786108493804932,0
0,0.8543325662612915,0
0,0.8616868853569031,0
0,0.7532836198806763,0
0,0.797614574432373,0
0,0.8283282518386841,0
0,0.8516644835472107,0
0,0.6955389380455017,0
0,0.670813798904419,0
0,0.6545332670211792,0
0,0.6471360921859741,0
0,0.5066333413124084,0
0,0.09581150114536285,0
0,0.09581150114536285,0
0,0.09581150114536285,0
1,0.09581150114536285,0
0,0.8923224210739136,0
0,0.8895574808120728,0
0,0.883767306804657,0
0,0.8632813096046448,0
0,0.8468464016914368,0
0,0.8307079672813416,0
0,0.8125883340835571,0
0,0.7851958274841309,0
0,0.7540867328643799,0
0,0.7434166669845581,0
0,0.7469439506530762,0
0,0.7541808485984802,0
0,0.7545438408851624,0
0,0.7282616496086121,0
1,0.6804725527763367,0
0,0.9057474136352539,0
0,0.8757534027099609,0
0,0.8921953439712524,0
0,0.8779047131538391,0
0,0.8715158104896545,0
0,0.8602198958396912,0
0,0.8401085138320923,0
0,0.8349289298057556,0
1,0.8519920706748962,0
0,0.9184589385986328,0
0,0.931427538394928,0
0,0.9396039247512817,0
0,0.9370357990264893,0
1,0.9286412000656128,0
0,0.972703754901886,0
0,0.974341094493866,0
0,0.9465726017951965,0
0,0.09581150114536285,0
0,0.09581150114536285,0
0,0.09581150114536285,0
0,0.09581150114536285,0
0,0.09581150114536285,0
0,0.09581150114536285,0
0,0.09581150114536285,0
0,0.09581150114536285,0
0,0.09581150114536285,0
0,0.09581150114536285,0
0,0.09581150114536285,0
0,0.09581150114536285,0
0,0.09581150114536285,0
0,0.09581150114536285,0
0,0.09581150114536285,0
0,0.09581150114536285,0
0,0.09581150114536285,0
0,0.09581150114536285,0
0,0.09581150114536285,0
0,0.09581150114536285,0
0,0.09581150114536285,0
0,0.09581150114536285,0
0,0.09581150114536285,0
0,0.09581150114536285,0
0,0.09581150114536285,0
0,0.09581150114536285,0
0,0.09581150114536285,0
0,0.09581150114536285,0
0,0.09581150114536285,0
0,0.09581150114536285,0
0,0.09581150114536285,0
0,0.09581150114536285,0
0,0.09581150114536285,0
0,0.09581150114536285,0
0,0.09581150114536285,0
0,0.09581150114536285,0
0,0.09581150114536285,0
0,0.09581150114536285,0
0,0.09581150114536285,0
0,0.09581150114536285,0
0,0.09581150114536285,0
0,0.09581150114536285,0
0,0.09581150114536285,0
0,0.09581150114536285,0
0,0.09581150114536285,0
0,0.09581150114536285,0
0,0.09581150114536285,0
0,0.09581150114536285,0
0,0.09581150114536285,0
0,0.09581150114536285,0
0,0.09581150114536285,0
0,0.09581150114536285,0
0,0.09581150114536285,0
0,0.09581150114536285,0
0,0.09581150114536285,0
0,0.09581150114536285,0
0,0.09581150114536285,0
0,0.09581150114536285,0
0,0.09581150114536285,0
0,0.09581150114536285,0
0,0.09581150114536285,0
0,0.09581150114536285,0
0,0.09581150114536285,0
0,0.09581150114536285,0
0,0.09581150114536285,0
0,0.09581150114536285,0
0,0.09581150114536285,0
0,0.09581150114536285,0
0,0.09581150114536285,0
0,0.09581150114536285,0
0,0.09581150114536285,0
0,0.09581150114536285,0
0,0.09581150114536285,0
0,0.09581150114536285,0
0,0.09581150114536285,0
0,0.09581150114536285,0
0,0.09581150114536285,0
0,0.09581150114536285,0
0,0.09581150114536285,0
0,0.09581150114536285,0
0,0.09581150114536285,0
0,0.09581150114536285,0
0,0.09581150114536285,0
0,0.09581150114536285,0
0,0.09581150114536285,0
0,0.09581150114536285,0
0,0.09581150114536285,0
0,0.09581150114536285,0
0,0.09581150114536285,0
0,0.09581150114536285,0
0,0.09581150114536285,0
0,0.09581150114536285,0
0,0.09581150114536285,0
0,0.09581150114536285,0
0,0.09581150114536285,0
0,0.09581150114536285,0
0,0.09581150114536285,0
0,0.09581150114536285,0
0,0.09581150114536285,0
1,0.09581150114536285,0
0,0.8923224210739136,0
0,0.8895574808120728,0
0,0.883767306804657,0
0,0.8632813096046448,0
0,0.8468464016914368,0
0,0.8307079672813416,0
0,0.8125883340835571,0
0,0.7851958274841309,0
0,0.7540867328643799,0
0,0.7434166669845581,0
0,0.7469439506530762,0
0,0.7541808485984802,0
0,0.7545438408851624,0
1,0.7282616496086121,0
0,0.9216642379760742,0
1,0.8802832365036011,0
0,0.9816693663597107,1
0,0.9564254879951477,0
0,0.9485337734222412,0
0,0.9406223297119141,0
0,0.9331243634223938,0
1,0.9304905533790588,0
1,0.96142578125,0
0,0.9821250438690186,1
0,0.9686160087585449,0
0,0.9698747992515564,0
0,0.9682108759880066,0
0,0.9636672735214233,0
0,0.9599586129188538,0
0,0.9556649327278137,0
0,0.9581266045570374,0
0,0.9449975490570068,0
0,0.9413365721702576,0
0,0.9388146996498108,0
0,0.9330634474754333,0
0,0.9219444990158081,0
0,0.8996176719665527,0
0,0.8837406039237976,0
0,0.8870342969894409,0
0,0.8989694118499756,0
0,0.9047439694404602,0
0,0.89959716796875,0
0,0.8871240615844727,0
1,0.8759612441062927,0
1,0.9720506072044373,0
0,0.9805225729942322,1
0,0.9816527962684631,1
0,0.9351438879966736,0
0,0.9161238670349121,0
0,0.9028754830360413,0
0,0.8954523205757141,0
0,0.8886910676956177,0
0,0.9072742462158203,0
0,0.9068470597267151,0
0,0.7532873749732971,0
0,0.7538947463035583,0
0,0.7542856335639954,0
0,0.7431461215019226,0
0,0.7132699489593506,0
0,0.6852289438247681,0
0,0.7061834335327148,0
0,0.7460248470306396,0
0,0.76247638463974,0
0,0.7510955929756165,0
0,0.7142133712768555,0
0,0.6613062024116516,0
0,0.6431778073310852,0
0,0.6908496022224426,0
0,0.7320390343666077,0
0,0.735016405582428,0
0,0.7165073156356812,0
0,0.6932235360145569,0
0,0.6733537912368774,0
0,0.6551180481910706,0
0,0.5379312634468079,0
0,0.5066333413124084,0
0,0.09581150114536285,0
0,0.09581150114536285,0
0,0.09581150114536285,0
0,0.9486112594604492,0
0,0.9503830075263977,0
0,0.9429292678833008,0
0,0.9358482956886292,0
0,0.9073797464370728,0
1,0.9180614352226257,0
0,0.9632207751274109,0
0,0.9783676266670227,1
0,0.9756726622581482,0
0,0.958704948425293,0
0,0.9512803554534912,0
0,0.9470570683479309,0
1,0.9568818211555481,0
0,0.9692460894584656,0
0,0.9738315343856812,0
0,0.9795958995819092,1
0,0.9209339022636414,0
0,0.9260268807411194,0
0,0.9407787322998047,0
1,0.9064906239509583,0
0,0.9349055290222168,0
0,0.9041261672973633,0
0,0.9082157015800476,0
0,0.9065548777580261,0
0,0.9241352081298828,0
0,0.9342045187950134,0
0,0.9290226101875305,0
0,0.9070960879325867,0
0,0.8773343563079834,0
1,0.8681102395057678,0
0,0.9342229962348938,0
0,0.9436326026916504,0
0,0.9550530314445496,0
0,0.9472059011459351,0
0,0.9318761825561523,0
1,0.9168868660926819,0
0,0.9569514989852905,0
0,0.9242646098136902,0
0,0.9336944818496704,0
0,0.9297769069671631,0
0,0.9276869297027588,0
0,0.9289937019348145,0
0,0.9329033493995667,0
0,0.9367671012878418,0
0,0.8806014657020569,0
0,0.866988480091095,0
0,0.8763360977172852,0
0,0.9002957344055176,0
0,0.9076931476593018,0
0,0.8865876793861389,0
0,0.8725888133049011,0
0,0.7814332246780396,0
0,0.8045287132263184,0
0,0.8401205539703369,0
0,0.8531808257102966,0
0,0.8308587074279785,0
0,0.7805494666099548,0
0,0.7440207600593567,0
0,0.7545043230056763,0
0,0.8002261519432068,0
0,0.8534634113311768,0
0,0.7175034880638123,0
0,0.6955389380455017,0
0,0.670813798904419,0
1,0.6545332670211792,0
0,0.8892595171928406,0
0,0.9137447476387024,0
0,0.883767306804657,0
0,0.8632813096046448,0
0,0.8468464016914368,0
0,0.8307079672813416,0
0,0.8125883340835571,0
0,0.7851958274841309,0
0,0.7540867328643799,0
0,0.7434166669845581,0
0,0.7469439506530762,0
0,0.7541808485984802,0
0,0.7545438408851624,0
0,0.7282616496086121,0
0,0.6804725527763367,0
0,0.6562877893447876,0
0,0.6852715611457825,0
0,0.7351422905921936,0
0,0.7442667484283447,0
0,0.7101284265518188,0
0,0.6404545903205872,0
0,0.5794359445571899,0
0,0.5981054902076721,0
0,0.6770144104957581,0
0,0.7196396589279175,0
0,0.7175034880638123,0
0,0.6955389380455017,0
0,0.670813798904419,0
0,0.6545332670211792,0
0,0.6471360921859741,0
0,0.5066333413124084,0
0,0.09581150114536285,0
0,0.09581150114536285,0
0,0.09581150114536285,0
0,0.09581150114536285,0
0,0.09581150114536285,0
0,0.09581150114536285,0
1,0.09581150114536285,0
0,0.8923224210739136,0
0,0.8895574808120728,0
0,0.883767306804657,0
0,0.8632813096046448,0
0,0.8468464016914368,0
0,0.8307079672813416,0
0,0.8125883340835571,0
0,0.7851958274841309,0
0,0.7540867328643799,0
1,0.7434166669845581,0
0,0.9409173130989075,0
0,0.927946150302887,0
0,0.9309198260307312,0
0,0.9124179482460022,0
0,0.8901505470275879,0
0,0.8687310814857483,0
0,0.8494057655334473,0
0,0.8458266258239746,0
0,0.8524900078773499,0
0,0.8591539263725281,0
0,0.8680338263511658,0
0,0.8824993371963501,0
0,0.8655224442481995,0
0,0.8232917189598083,0
0,0.7687654495239258,0
0,0.757072389125824,0
0,0.7986847162246704,0
1,0.8606710433959961,0
0,0.9214584827423096,0
1,0.9308803677558899,0
0,0.9634316563606262,0
0,0.9316167831420898,0
0,0.9273563623428345,0
0,0.9094769358634949,0
0,0.8990617990493774,0
0,0.891528844833374,0
0,0.8902764916419983,0
0,0.8969486951828003,0
0,0.905724823474884,0
0,0.9139087796211243,0
0,0.9301671981811523,0
0,0.8728995323181152,0
0,0.8344225287437439,0
0,0.78655606508255,0
0,0.7622362971305847,0
0,0.7780576348304749,0
0,0.8000957369804382,0
0,0.8344822525978088,0
1,0.8423783183097839,0
0,0.9083583950996399,0
0,0.9222496151924133,0
0,0.9257994890213013,0
0,0.9132004380226135,0
0,0.9139406681060791,0
0,0.9185771346092224,0
0,0.9179084300994873,0
0,0.9199857711791992,0
0,0.9274208545684814,0
0,0.935916543006897,0
0,0.8818504810333252,0
0,0.9039397835731506,0
0,0.7545438408851624,0
0,0.7282616496086121,0
0,0.6804725527763367,0
0,0.6562877893447876,0
0,0.6852715611457825,0
0,0.7351422905921936,0
0,0.7442667484283447,0
0,0.7101284265518188,0
0,0.6404545903205872,0
0,0.5794359445571899,0
0,0.5981054902076721,0
0,0.6770144104957581,0
0,0.7196396589279175,0
0,0.7175034880638123,0
0,0.6955389380455017,0
0,0.7797272205352783,0
0,0.7951969504356384,0
0,0.8039727807044983,0
0,0.7900991439819336,0
0,0.7786898016929626,0
0,0.7802621126174927,0
0,0.8108029365539551,0
0,0.6471360921859741,0
0,0.5066333413124084,0
0,0.09581150114536285,0
0,0.09581150114536285,0
0,0.09581150114536285,0
0,0.09581150114536285,0
0,0.09581150114536285,0
0,0.09581150114536285,0
0,0.09581150114536285,0
0,0.09581150114536285,0
0,0.09581150114536285,0
0,0.09581150114536285,0
0,0.09581150114536285,0
0,0.09581150114536285,0
0,0.09581150114536285,0
0,0.09581150114536285,0
0,0.09581150114536285,0
0,0.09581150114536285,0
0,0.09581150114536285,0
0,0.09581150114536285,0
0,0.09581150114536285,0
0,0.09581150114536285,0
0,0.09581150114536285,0
0,0.09581150114536285,0
0,0.09581150114536285,0
0,0.09581150114536285,0
0,0.09581150114536285,0
0,0.09581150114536285,0
0,0.09581150114536285,0
0,0.09581150114536285,0
0,0.09581150114536285,0
0,0.09581150114536285,0
0,0.09581150114536285,0
0,0.09581150114536285,0
0,0.09581150114536285,0
0,0.09581150114536285,0
0,0.09581150114536285,0
0,0.09581150114536285,0
0,0.09581150114536285,0
0,0.09581150114536285,0
0,0.09581150114536285,0
0,0.09581150114536285,0
0,0.09581150114536285,0
0,0.09581150114536285,0
0,0.09581150114536285,0
0,0.09581150114536285,0
0,0.09581150114536285,0
0,0.09581150114536285,0
0,0.09581150114536285,0
0,0.09581150114536285,0
0,0.09581150114536285,0
0,0.09581150114536285,0
0,0.09581150114536285,0
0,0.09581150114536285,0
0,0.09581150114536285,0
0,0.09581150114536285,0
0,0.09581150114536285,0
0,0.09581150114536285,0
0,0.09581150114536285,0
0,0.09581150114536285,0
0,0.09581150114536285,0
0,0.09581150114536285,0
0,0.09581150114536285,0
0,0.09581150114536285,0
0,0.09581150114536285,0
0,0.09581150114536285,0
0,0.09581150114536285,0
0,0.09581150114536285,0
0,0.09581150114536285,0
0,0.09581150114536285,0
0,0.09581150114536285,0
0,0.09581150114536285,0
0,0.09581150114536285,0
0,0.09581150114536285,0
0,0.09581150114536285,0
0,0.09581150114536285,0
0,0.09581150114536285,0
0,0.09581150114536285,0
0,0.09581150114536285,0
0,0.09581150114536285,0
0,0.09581150114536285,0
0,0.09581150114536285,0
0,0.09581150114536285,0
0,0.09581150114536285,0
0,0.09581150114536285,0
0,0.09581150114536285,0
0,0.09581150114536285,0
0,0.09581150114536285,0
0,0.09581150114536285,0
0,0.09581150114536285,0
0,0.09581150114536285,0
0,0.09581150114536285,0
0,0.09581150114536285,0
0,0.09581150114536285,0
0,0.09581150114536285,0
0,0.09581150114536285,0
0,0.09581150114536285,0
0,0.09581150114536285,0
0,0.09581150114536285,0
0,0.09581150114536285,0
0,0.09581150114536285,0
0,0.09581150114536285,0
0,0.09581150114536285,0
0,0.09581150114536285,0
0,0.09581150114536285,0
0,0.09581150114536285,0
0,0.09581150114536285,0
0,0.09581150114536285,0
0,0.09581150114536285,0
0,0.09581150114536285,0
0,0.09581150114536285,0
0,0.09581150114536285,0
0,0.09581150114536285,0
0,0.09581150114536285,0
0,0.09581150114536285,0
0,0.09581150114536285,0
0,0.09581150114536285,0
0,0.09581150114536285,0
0,0.09581150114536285,0
0,0.09581150114536285,0
0,0.09581150114536285,0
0,0.09581150114536285,0
0,0.09581150114536285,0
0,0.09581150114536285,0
0,0.09581150114536285,0
0,0.09581150114536285,0
0,0.09581150114536285,0
0,0.09581150114536285,0
0,0.09581150114536285,0
0,0.09581150114536285,0
0,0.09581150114536285,0
0,0.09581150114536285,0
0,0.09581150114536285,0
0,0.09581150114536285,0
0,0.09581150114536285,0
0,0.09581150114536285,0
0,0.09581150114536285,0
0,0.09581150114536285,0
0,0.09581150114536285,0
0,0.09581150114536285,0
0,0.09581150114536285,0
0,0.09581150114536285,0
0,0.09581150114536285,0
0,0.09581150114536285,0
0,0.09581150114536285,0
0,0.09581150114536285,0
0,0.09581150114536285,0
0,0.09581150114536285,0
0,0.09581150114536285,0
0,0.09581150114536285,0
0,0.09581150114536285,0
0,0.09581150114536285,0
0,0.09581150114536285,0
0,0.09581150114536285,0
0,0.09581150114536285,0
0,0.09581150114536285,0
0,0.09581150114536285,0
0,0.09581150114536285,0
0,0.09581150114536285,0
0,0.09581150114536285,0
0,0.09581150114536285,0
0,0.09581150114536285,0
0,0.09581150114536285,0
0,0.09581150114536285,0
0,0.09581150114536285,0
0,0.09581150114536285,0
0,0.09581150114536285,0
0,0.09581150114536285,0
0,0.09581150114536285,0
0,0.09581150114536285,0
0,0.09581150114536285,0
0,0.09581150114536285,0
0,0.09581150114536285,0
0,0.09581150114536285,0
0,0.09581150114536285,0
0,0.09581150114536285,0
0,0.09581150114536285,0
0,0.09581150114536285,0
0,0.09581150114536285,0
0,0.09581150114536285,0
0,0.09581150114536285,0
0,0.09581150114536285,0
0,0.09581150114536285,0
0,0.09581150114536285,0
0,0.09581150114536285,0
0,0.09581150114536285,0
0,0.09581150114536285,0
0,0.09581150114536285,0
0,0.09581150114536285,0
0,0.09581150114536285,0
0,0.09581150114536285,0
0,0.09581150114536285,0
0,0.09581150114536285,0
0,0.09581150114536285,0
0,0.09581150114536285,0
0,0.09581150114536285,0
0,0.09581150114536285,0
0,0.09581150114536285,0
0,0.09581150114536285,0
0,0.09581150114536285,0
0,0.09581150114536285,0
0,0.09581150114536285,0
0,0.09581150114536285,0
0,0.09581150114536285,0
0,0.09581150114536285,0
0,0.09581150114536285,0
0,0.09581150114536285,0
0,0.09581150114536285,0
0,0.09581150114536285,0
0,0.09581150114536285,0
0,0.09581150114536285,0
0,0.09581150114536285,0
0,0.09581150114536285,0
0,0.09581150114536285,0
0,0.09581150114536285,0
0,0.09581150114536285,0
0,0.09581150114536285,0
0,0.09581150114536285,0
0,0.09581150114536285,0
0,0.09581150114536285,0
0,0.09581150114536285,0
0,0.09581150114536285,0
0,0.09581150114536285,0
0,0.09581150114536285,0
0,0.09581150114536285,0
0,0.09581150114536285,0
0,0.09581150114536285,0
0,0.09581150114536285,0
0,0.09581150114536285,0
0,0.09581150114536285,0
0,0.09581150114536285,0
0,0.09581150114536285,0
0,0.09581150114536285,0
0,0.09581150114536285,0
0,0.09581150114536285,0
0,0.09581150114536285,0
0,0.09581150114536285,0
0,0.09581150114536285,0
0,0.09581150114536285,0
0,0.09581150114536285,0
0,0.09581150114536285,0
0,0.09581150114536285,0
0,0.09581150114536285,0
0,0.09581150114536285,0
0,0.09581150114536285,0
0,0.09581150114536285,0
0,0.09581150114536285,0
0,0.09581150114536285,0
0,0.09581150114536285,0
0,0.09581150114536285,0
0,0.09581150114536285,0
0,0.09581150114536285,0
0,0.09581150114536285,0
0,0.09581150114536285,0
0,0.09581150114536285,0
0,0.09581150114536285,0
0,0.09581150114536285,0
0,0.09581150114536285,0
0,0.09581150114536285,0
0,0.09581150114536285,0
0,0.09581150114536285,0
0,0.09581150114536285,0
0,0.09581150114536285,0
0,0.09581150114536285,0
0,0.09581150114536285,0
0,0.09581150114536285,0
0,0.09581150114536285,0
0,0.09581150114536285,0
0,0.09581150114536285,0
0,0.09581150114536285,0
0,0.09581150114536285,0
0,0.09581150114536285,0
0,0.09581150114536285,0
0,0.09581150114536285,0
0,0.09581150114536285,0
0,0.09581150114536285,0
0,0.09581150114536285,0
0,0.09581150114536285,0
0,0.09581150114536285,0
0,0.09581150114536285,0
0,0.09581150114536285,0
0,0.09581150114536285,0
0,0.09581150114536285,0
0,0.09581150114536285,0
0,0.09581150114536285,0
0,0.09581150114536285,0
0,0.09581150114536285,0
0,0.09581150114536285,0
0,0.09581150114536285,0
0,0.09581150114536285,0
0,0.09581150114536285,0
0,0.09581150114536285,0
0,0.09581150114536285,0
0,0.09581150114536285,0
0,0.09581150114536285,0
0,0.09581150114536285,0
0,0.09581150114536285,0
0,0.09581150114536285,0
0,0.09581150114536285,0
0,0.09581150114536285,0
0,0.09581150114536285,0
0,0.09581150114536285,0
0,0.09581150114536285,0
0,0.09581150114536285,0
0,0.09581150114536285,0
0,0.09581150114536285,0
0,0.09581150114536285,0
0,0.09581150114536285,0
0,0.09581150114536285,0
0,0.09581150114536285,0
0,0.09581150114536285,0
0,0.09581150114536285,0
0,0.09581150114536285,0
0,0.09581150114536285,0
0,0.09581150114536285,0
0,0.09581150114536285,0
0,0.09581150114536285,0
0,0.09581150114536285,0
0,0.09581150114536285,0
0,0.09581150114536285,0
0,0.09581150114536285,0
0,0.09581150114536285,0
0,0.09581150114536285,0
0,0.09581150114536285,0
0,0.09581150114536285,0
0,0.09581150114536285,0
0,0.09581150114536285,0
0,0.09581150114536285,0
0,0.09581150114536285,0
0,0.09581150114536285,0
0,0.09581150114536285,0
0,0.09581150114536285,0
0,0.09581150114536285,0
0,0.09581150114536285,0
0,0.09581150114536285,0
0,0.09581150114536285,0
0,0.09581150114536285,0
0,0.09581150114536285,0
0,0.09581150114536285,0
0,0.09581150114536285,0
0,0.09581150114536285,0
0,0.09581150114536285,0
0,0.09581150114536285,0
0,0.09581150114536285,0
0,0.09581150114536285,0
0,0.09581150114536285,0
0,0.09581150114536285,0
0,0.09581150114536285,0
0,0.09581150114536285,0
0,0.09581150114536285,0
0,0.09581150114536285,0
0,0.6545332670211792,0
0,0.6471360921859741,0
0,0.5066333413124084,0
0,0.09581150114536285,0
0,0.09581150114536285,0
0,0.09581150114536285,0
0,0.09581150114536285,0
0,0.09581150114536285,0
0,0.09581150114536285,0
0,0.09581150114536285,0
0,0.09581150114536285,0
0,0.09581150114536285,0
0,0.09581150114536285,0
0,0.09581150114536285,0
0,0.09581150114536285,0
0,0.09581150114536285,0
0,0.09581150114536285,0
0,0.09581150114536285,0
0,0.09581150114536285,0
0,0.09581150114536285,0
0,0.09581150114536285,0
0,0.09581150114536285,0
0,0.09581150114536285,0
0,0.09581150114536285,0
0,0.09581150114536285,0
0,0.09581150114536285,0
0,0.09581150114536285,0
0,0.09581150114536285,0
0,0.09581150114536285,0
0,0.09581150114536285,0
0,0.09581150114536285,0
0,0.09581150114536285,0
0,0.09581150114536285,0
0,0.09581150114536285,0
0,0.09581150114536285,0
0,0.09581150114536285,0
0,0.09581150114536285,0
0,0.09581150114536285,0
0,0.09581150114536285,0
0,0.09581150114536285,0
0,0.09581150114536285,0
0,0.09581150114536285,0
0,0.09581150114536285,0
0,0.09581150114536285,0
0,0.09581150114536285,0
0,0.09581150114536285,0
0,0.09581150114536285,0
0,0.09581150114536285,0
0,0.09581150114536285,0
0,0.09581150114536285,0
0,0.09581150114536285,0
0,0.09581150114536285,0
0,0.09581150114536285,0
0,0.09581150114536285,0
0,0.09581150114536285,0
0,0.09581150114536285,0
0,0.09581150114536285,0
0,0.09581150114536285,0
0,0.09581150114536285,0
0,0.09581150114536285,0
0,0.09581150114536285,0
0,0.09581150114536285,0
0,0.09581150114536285,0
0,0.09581150114536285,0
0,0.09581150114536285,0
0,0.09581150114536285,0
0,0.09581150114536285,0
0,0.09581150114536285,0
0,0.09581150114536285,0
0,0.09581150114536285,0
0,0.09581150114536285,0
0,0.09581150114536285,0
0,0.09581150114536285,0
0,0.09581150114536285,0
0,0.09581150114536285,0
0,0.09581150114536285,0
0,0.09581150114536285,0
0,0.09581150114536285,0
0,0.09581150114536285,0
0,0.09581150114536285,0
0,0.09581150114536285,0
0,0.09581150114536285,0
0,0.09581150114536285,0
0,0.09581150114536285,0
0,0.09581150114536285,0
0,0.09581150114536285,0
0,0.09581150114536285,0
0,0.09581150114536285,0
0,0.09581150114536285,0
0,0.09581150114536285,0
0,0.09581150114536285,0
0,0.09581150114536285,0
0,0.09581150114536285,0
0,0.09581150114536285,0
0,0.09581150114536285,0
0,0.09581150114536285,0
0,0.09581150114536285,0
0,0.09581150114536285,0
0,0.09581150114536285,0
0,0.09581150114536285,0
0,0.09581150114536285,0
0,0.09581150114536285,0
0,0.09581150114536285,0
0,0.09581150114536285,0
0,0.09581150114536285,0
0,0.09581150114536285,0
0,0.09581150114536285,0
0,0.09581150114536285,0
0,0.09581150114536285,0
0,0.09581150114536285,0
0,0.09581150114536285,0
0,0.09581150114536285,0
0,0.09581150114536285,0
0,0.09581150114536285,0
0,0.09581150114536285,0
0,0.09581150114536285,0
0,0.09581150114536285,0
0,0.09581150114536285,0
0,0.09581150114536285,0
0,0.09581150114536285,0
0,0.09581150114536285,0
0,0.09581150114536285,0
0,0.09581150114536285,0
0,0.09581150114536285,0
0,0.09581150114536285,0
0,0.09581150114536285,0
0,0.09581150114536285,0
0,0.09581150114536285,0
0,0.09581150114536285,0
0,0.09581150114536285,0
0,0.09581150114536285,0
0,0.09581150114536285,0
0,0.09581150114536285,0
0,0.09581150114536285,0
0,0.09581150114536285,0
0,0.09581150114536285,0
0,0.09581150114536285,0
0,0.09581150114536285,0
0,0.09581150114536285,0
0,0.09581150114536285,0
0,0.09581150114536285,0
0,0.09581150114536285,0
1,0.09581150114536285,0
0,0.8923224210739136,0
0,0.8895574808120728,0
0,0.883767306804657,0
0,0.8632813096046448,0
0,0.8468464016914368,0
0,0.8307079672813416,0
0,0.8125883340835571,0
0,0.7851958274841309,0
0,0.7540867328643799,0
0,0.7434166669845581,0
0,0.7469439506530762,0
0,0.7541808485984802,0
0,0.7545438408851624,0
0,0.7282616496086121,0
0,0.6804725527763367,0
0,0.6562877893447876,0
0,0.6852715611457825,0
0,0.7351422905921936,0
0,0.7442667484283447,0
0,0.7101284265518188,0
0,0.6404545903205872,0
0,0.5794359445571899,0
0,0.5981054902076721,0
0,0.6770144104957581,0
0,0.7196396589279175,0
0,0.7175034880638123,0
0,0.6955389380455017,0
0,0.670813798904419,0
0,0.6545332670211792,0
0,0.6471360921859741,0
0,0.5066333413124084,0
0,0.09581150114536285,0
0,0.09581150114536285,0
0,0.09581150114536285,0
0,0.09581150114536285,0
1,0.09581150114536285,0
0,0.09581150114536285,0
0,0.09581150114536285,0
0,0.09581150114536285,0
0,0.09581150114536285,0
0,0.09581150114536285,0
0,0.09581150114536285,0
0,0.09581150114536285,0
0,0.09581150114536285,0
0,0.09581150114536285,0
0,0.09581150114536285,0
0,0.09581150114536285,0
0,0.09581150114536285,0
0,0.09581150114536285,0
0,0.09581150114536285,0
0,0.09581150114536285,0
0,0.09581150114536285,0
0,0.09581150114536285,0
0,0.09581150114536285,0
0,0.09581150114536285,0
0,0.09581150114536285,0
0,0.09581150114536285,0
0,0.09581150114536285,0
0,0.09581150114536285,0
0,0.09581150114536285,0
0,0.09581150114536285,0
0,0.09581150114536285,0
0,0.09581150114536285,0
0,0.09581150114536285,0
0,0.09581150114536285,0
0,0.09581150114536285,0
0,0.09581150114536285,0
0,0.09581150114536285,0
0,0.09581150114536285,0
0,0.09581150114536285,0
0,0.09581150114536285,0
0,0.09581150114536285,0
0,0.09581150114536285,0
0,0.09581150114536285,0
0,0.09581150114536285,0
0,0.09581150114536285,0
0,0.09581150114536285,0
0,0.09581150114536285,0
0,0.09581150114536285,0
0,0.09581150114536285,0
0,0.09581150114536285,0
0,0.09581150114536285,0
0,0.09581150114536285,0
0,0.09581150114536285,0
0,0.09581150114536285,0
0,0.09581150114536285,0
0,0.09581150114536285,0
0,0.09581150114536285,0
0,0.09581150114536285,0
0,0.09581150114536285,0
0,0.09581150114536285,0
0,0.09581150114536285,0
0,0.09581150114536285,0
0,0.09581150114536285,0
0,0.09581150114536285,0
0,0.09581150114536285,0
0,0.09581150114536285,0
0,0.09581150114536285,0
0,0.09581150114536285,0
0,0.09581150114536285,0
0,0.09581150114536285,0
0,0.09581150114536285,0
0,0.09581150114536285,0
0,0.09581150114536285,0
0,0.09581150114536285,0
0,0.09581150114536285,0
0,0.09581150114536285,0
0,0.09581150114536285,0
0,0.09581150114536285,0
0,0.09581150114536285,0
0,0.09581150114536285,0
0,0.09581150114536285,0
0,0.09581150114536285,0
0,0.09581150114536285,0
0,0.09581150114536285,0
0,0.09581150114536285,0
0,0.09581150114536285,0
0,0.09581150114536285,0
0,0.09581150114536285,0
0,0.09581150114536285,0
0,0.09581150114536285,0
0,0.09581150114536285,0
0,0.09581150114536285,0
0,0.09581150114536285,0
0,0.09581150114536285,0
0,0.09581150114536285,0
0,0.09581150114536285,0
0,0.09581150114536285,0
0,0.09581150114536285,0
0,0.09581150114536285,0
0,0.09581150114536285,0
0,0.09581150114536285,0
0,0.09581150114536285,0
0,0.09581150114536285,0
0,0.09581150114536285,0
0,0.09581150114536285,0
0,0.09581150114536285,0
0,0.09581150114536285,0
0,0.09581150114536285,0
0,0.09581150114536285,0
0,0.09581150114536285,0
0,0.09581150114536285,0
0,0.09581150114536285,0
0,0.09581150114536285,0
0,0.09581150114536285,0
0,0.09581150114536285,0
0,0.09581150114536285,0
0,0.09581150114536285,0
0,0.09581150114536285,0
0,0.09581150114536285,0
0,0.09581150114536285,0
0,0.09581150114536285,0
0,0.09581150114536285,0
0,0.09581150114536285,0
0,0.09581150114536285,0
0,0.09581150114536285,0
0,0.09581150114536285,0
0,0.09581150114536285,0
0,0.09581150114536285,0
0,0.09581150114536285,0
0,0.09581150114536285,0
0,0.09581150114536285,0
0,0.09581150114536285,0
0,0.09581150114536285,0
0,0.09581150114536285,0
0,0.09581150114536285,0
0,0.09581150114536285,0
0,0.09581150114536285,0
0,0.09581150114536285,0
0,0.09581150114536285,0
0,0.09581150114536285,0
0,0.09581150114536285,0
0,0.09581150114536285,0
0,0.09581150114536285,0
0,0.09581150114536285,0
0,0.09581150114536285,0
0,0.09581150114536285,0
0,0.09581150114536285,0
0,0.09581150114536285,0
0,0.09581150114536285,0
0,0.09581150114536285,0
0,0.09581150114536285,0
0,0.09581150114536285,0
0,0.09581150114536285,0
0,0.09581150114536285,0
0,0.09581150114536285,0
0,0.09581150114536285,0
0,0.09581150114536285,0
0,0.09581150114536285,0
0,0.09581150114536285,0
0,0.09581150114536285,0
0,0.09581150114536285,0
0,0.09581150114536285,0
0,0.09581150114536285,0
0,0.09581150114536285,0
0,0.09581150114536285,0
0,0.09581150114536285,0
0,0.09581150114536285,0
0,0.09581150114536285,0
0,0.09581150114536285,0
0,0.09581150114536285,0
0,0.09581150114536285,0
0,0.09581150114536285,0
0,0.09581150114536285,0
0,0.09581150114536285,0
0,0.09581150114536285,0
0,0.09581150114536285,0
0,0.09581150114536285,0
0,0.09581150114536285,0
0,0.09581150114536285,0
0,0.09581150114536285,0
0,0.09581150114536285,0
0,0.09581150114536285,0
0,0.09581150114536285,0
0,0.09581150114536285,0
0,0.09581150114536285,0
0,0.09581150114536285,0
0,0.09581150114536285,0
0,0.09581150114536285,0
0,0.09581150114536285,0
0,0.09581150114536285,0
0,0.09581150114536285,0
0,0.09581150114536285,0
0,0.09581150114536285,0
0,0.09581150114536285,0
0,0.09581150114536285,0
0,0.09581150114536285,0
0,0.09581150114536285,0
0,0.09581150114536285,0
0,0.09581150114536285,0
0,0.09581150114536285,0
0,0.09581150114536285,0
0,0.09581150114536285,0
0,0.09581150114536285,0
0,0.09581150114536285,0
0,0.09581150114536285,0
0,0.09581150114536285,0
0,0.09581150114536285,0
0,0.09581150114536285,0
0,0.09581150114536285,0
0,0.09581150114536285,0
0,0.09581150114536285,0
0,0.09581150114536285,0
0,0.09581150114536285,0
0,0.09581150114536285,0
0,0.09581150114536285,0
0,0.09581150114536285,0
0,0.09581150114536285,0
0,0.09581150114536285,0
0,0.09581150114536285,0
0,0.09581150114536285,0
0,0.09581150114536285,0
0,0.09581150114536285,0
0,0.09581150114536285,0
0,0.09581150114536285,0
0,0.09581150114536285,0
0,0.09581150114536285,0
0,0.09581150114536285,0
0,0.09581150114536285,0
0,0.09581150114536285,0
0,0.09581150114536285,0
0,0.09581150114536285,0
0,0.09581150114536285,0
0,0.09581150114536285,0
0,0.09581150114536285,0
0,0.09581150114536285,0
0,0.09581150114536285,0
0,0.09581150114536285,0
0,0.09581150114536285,0
0,0.09581150114536285,0
0,0.09581150114536285,0
0,0.09581150114536285,0
0,0.09581150114536285,0
0,0.09581150114536285,0
0,0.09581150114536285,0
0,0.09581150114536285,0
0,0.09581150114536285,0
0,0.09581150114536285,0
0,0.09581150114536285,0
0,0.09581150114536285,0
0,0.09581150114536285,0
0,0.09581150114536285,0
0,0.09581150114536285,0
0,0.09581150114536285,0
0,0.09581150114536285,0
0,0.09581150114536285,0
0,0.09581150114536285,0
0,0.09581150114536285,0
0,0.09581150114536285,0
0,0.09581150114536285,0
0,0.09581150114536285,0
0,0.09581150114536285,0
0,0.09581150114536285,0
0,0.09581150114536285,0
0,0.09581150114536285,0
0,0.09581150114536285,0
0,0.09581150114536285,0
0,0.09581150114536285,0
0,0.09581150114536285,0
0,0.09581150114536285,0
0,0.09581150114536285,0
0,0.09581150114536285,0
0,0.09581150114536285,0
0,0.09581150114536285,0
0,0.09581150114536285,0
0,0.09581150114536285,0
0,0.09581150114536285,0
0,0.09581150114536285,0
0,0.09581150114536285,0
0,0.09581150114536285,0
0,0.09581150114536285,0
0,0.09581150114536285,0
0,0.09581150114536285,0
0,0.09581150114536285,0
0,0.09581150114536285,0
0,0.09581150114536285,0
0,0.09581150114536285,0
0,0.09581150114536285,0
0,0.09581150114536285,0
0,0.09581150114536285,0
0,0.09581150114536285,0
0,0.09581150114536285,0
0,0.09581150114536285,0
0,0.09581150114536285,0
0,0.09581150114536285,0
0,0.09581150114536285,0
0,0.09581150114536285,0
0,0.09581150114536285,0
0,0.09581150114536285,0
0,0.09581150114536285,0
0,0.09581150114536285,0
0,0.09581150114536285,0
0,0.09581150114536285,0
0,0.09581150114536285,0
0,0.09581150114536285,0
0,0.09581150114536285,0
0,0.09581150114536285,0
0,0.09581150114536285,0
0,0.09581150114536285,0
0,0.09581150114536285,0
0,0.09581150114536285,0
0,0.09581150114536285,0
0,0.09581150114536285,0
0,0.09581150114536285,0
0,0.09581150114536285,0
0,0.09581150114536285,0
0,0.09581150114536285,0
0,0.09581150114536285,0
0,0.09581150114536285,0
0,0.09581150114536285,0
0,0.09581150114536285,0
0,0.09581150114536285,0
0,0.09581150114536285,0
0,0.09581150114536285,0
0,0.09581150114536285,0
0,0.09581150114536285,0
0,0.09581150114536285,0
0,0.09581150114536285,0
0,0.09581150114536285,0
0,0.09581150114536285,0
0,0.09581150114536285,0
0,0.09581150114536285,0
0,0.09581150114536285,0
0,0.09581150114536285,0
0,0.09581150114536285,0
0,0.09581150114536285,0
0,0.09581150114536285,0
0,0.09581150114536285,0
0,0.09581150114536285,0
0,0.09581150114536285,0
0,0.09581150114536285,0
0,0.09581150114536285,0
0,0.09581150114536285,0
0,0.09581150114536285,0
0,0.09581150114536285,0
0,0.09581150114536285,0
0,0.09581150114536285,0
0,0.09581150114536285,0
0,0.09581150114536285,0
0,0.09581150114536285,0
0,0.09581150114536285,0
0,0.09581150114536285,0
0,0.09581150114536285,0
0,0.09581150114536285,0
0,0.09581150114536285,0
0,0.09581150114536285,0
0,0.09581150114536285,0
0,0.09581150114536285,0
0,0.09581150114536285,0
0,0.09581150114536285,0
0,0.09581150114536285,0
0,0.09581150114536285,0
0,0.09581150114536285,0
0,0.09581150114536285,0
0,0.09581150114536285,0
0,0.09581150114536285,0
0,0.09581150114536285,0
0,0.09581150114536285,0
0,0.09581150114536285,0
0,0.09581150114536285,0
0,0.09581150114536285,0
0,0.09581150114536285,0
0,0.09581150114536285,0
0,0.09581150114536285,0
0,0.09581150114536285,0
0,0.09581150114536285,0
0,0.09581150114536285,0
0,0.09581150114536285,0
0,0.09581150114536285,0
0,0.09581150114536285,0
0,0.09581150114536285,0
0,0.09581150114536285,0
0,0.09581150114536285,0
0,0.09581150114536285,0
0,0.09581150114536285,0
0,0.09581150114536285,0
0,0.09581150114536285,0
0,0.09581150114536285,0
0,0.09581150114536285,0
0,0.09581150114536285,0
0,0.09581150114536285,0
0,0.09581150114536285,0
0,0.09581150114536285,0
0,0.09581150114536285,0
0,0.09581150114536285,0
0,0.09581150114536285,0
0,0.09581150114536285,0
0,0.09581150114536285,0
0,0.09581150114536285,0
0,0.09581150114536285,0
0,0.09581150114536285,0
0,0.09581150114536285,0
0,0.09581150114536285,0
0,0.09581150114536285,0
0,0.09581150114536285,0
0,0.09581150114536285,0
0,0.09581150114536285,0
0,0.09581150114536285,0
0,0.09581150114536285,0
0,0.09581150114536285,0
0,0.09581150114536285,0
0,0.09581150114536285,0
0,0.09581150114536285,0
0,0.09581150114536285,0
0,0.09581150114536285,0
0,0.09581150114536285,0
0,0.09581150114536285,0
0,0.09581150114536285,0
0,0.09581150114536285,0
0,0.09581150114536285,0
0,0.09581150114536285,0
0,0.09581150114536285,0
0,0.09581150114536285,0
0,0.09581150114536285,0
0,0.09581150114536285,0
0,0.09581150114536285,0
0,0.09581150114536285,0
0,0.09581150114536285,0
0,0.09581150114536285,0
0,0.09581150114536285,0
0,0.09581150114536285,0
0,0.09581150114536285,0
0,0.09581150114536285,0
0,0.09581150114536285,0
0,0.09581150114536285,0
0,0.09581150114536285,0
0,0.09581150114536285,0
0,0.09581150114536285,0
0,0.09581150114536285,0
0,0.09581150114536285,0
0,0.09581150114536285,0
0,0.09581150114536285,0
0,0.09581150114536285,0
0,0.09581150114536285,0
0,0.09581150114536285,0
0,0.09581150114536285,0
0,0.09581150114536285,0
0,0.09581150114536285,0
0,0.09581150114536285,0
0,0.09581150114536285,0
0,0.09581150114536285,0
0,0.09581150114536285,0
0,0.09581150114536285,0
0,0.09581150114536285,0
0,0.09581150114536285,0
0,0.09581150114536285,0
0,0.09581150114536285,0
0,0.09581150114536285,0
0,0.09581150114536285,0
0,0.09581150114536285,0
0,0.09581150114536285,0
0,0.09581150114536285,0
0,0.09581150114536285,0
0,0.09581150114536285,0
0,0.09581150114536285,0
0,0.09581150114536285,0
0,0.09581150114536285,0
0,0.09581150114536285,0
0,0.09581150114536285,0
0,0.09581150114536285,0
0,0.09581150114536285,0
0,0.09581150114536285,0
0,0.09581150114536285,0
0,0.09581150114536285,0
0,0.09581150114536285,0
0,0.09581150114536285,0
0,0.09581150114536285,0
0,0.09581150114536285,0
0,0.09581150114536285,0
0,0.09581150114536285,0
0,0.09581150114536285,0
0,0.09581150114536285,0
0,0.09581150114536285,0
0,0.09581150114536285,0
0,0.09581150114536285,0
0,0.09581150114536285,0
0,0.09581150114536285,0
0,0.09581150114536285,0
0,0.09581150114536285,0
0,0.09581150114536285,0
0,0.09581150114536285,0
0,0.09581150114536285,0
0,0.09581150114536285,0
0,0.09581150114536285,0
0,0.09581150114536285,0
0,0.09581150114536285,0
0,0.09581150114536285,0
0,0.09581150114536285,0
0,0.09581150114536285,0
0,0.09581150114536285,0
0,0.09581150114536285,0
0,0.09581150114536285,0
0,0.09581150114536285,0
0,0.09581150114536285,0
0,0.09581150114536285,0
0,0.09581150114536285,0
0,0.09581150114536285,0
0,0.09581150114536285,0
0,0.09581150114536285,0
0,0.09581150114536285,0
0,0.09581150114536285,0
0,0.09581150114536285,0
0,0.09581150114536285,0
0,0.09581150114536285,0
0,0.09581150114536285,0
0,0.09581150114536285,0
0,0.09581150114536285,0
0,0.09581150114536285,0
0,0.09581150114536285,0
0,0.09581150114536285,0
0,0.09581150114536285,0
0,0.09581150114536285,0
0,0.09581150114536285,0
0,0.09581150114536285,0
0,0.09581150114536285,0
0,0.09581150114536285,0
0,0.09581150114536285,0
0,0.09581150114536285,0
0,0.09581150114536285,0
0,0.09581150114536285,0
0,0.09581150114536285,0
0,0.09581150114536285,0
0,0.09581150114536285,0
0,0.09581150114536285,0
0,0.09581150114536285,0
0,0.09581150114536285,0
0,0.09581150114536285,0
0,0.09581150114536285,0
0,0.09581150114536285,0
0,0.09581150114536285,0
0,0.09581150114536285,0
0,0.09581150114536285,0
0,0.09581150114536285,0
0,0.09581150114536285,0
0,0.09581150114536285,0
0,0.09581150114536285,0
0,0.09581150114536285,0
0,0.09581150114536285,0
0,0.09581150114536285,0
0,0.09581150114536285,0
0,0.09581150114536285,0
0,0.09581150114536285,0
0,0.09581150114536285,0
0,0.09581150114536285,0
0,0.09581150114536285,0
0,0.09581150114536285,0
0,0.09581150114536285,0
0,0.09581150114536285,0
0,0.09581150114536285,0
0,0.09581150114536285,0
0,0.09581150114536285,0
0,0.09581150114536285,0
0,0.09581150114536285,0
0,0.09581150114536285,0
0,0.09581150114536285,0
0,0.09581150114536285,0
0,0.09581150114536285,0
0,0.09581150114536285,0
0,0.09581150114536285,0
0,0.09581150114536285,0
0,0.09581150114536285,0
0,0.09581150114536285,0
0,0.09581150114536285,0
0,0.09581150114536285,0
0,0.09581150114536285,0
0,0.09581150114536285,0
0,0.09581150114536285,0
0,0.09581150114536285,0
0,0.09581150114536285,0
0,0.09581150114536285,0
0,0.09581150114536285,0
0,0.09581150114536285,0
0,0.09581150114536285,0
0,0.09581150114536285,0
0,0.09581150114536285,0
0,0.09581150114536285,0
0,0.09581150114536285,0
0,0.09581150114536285,0
0,0.09581150114536285,0
0,0.09581150114536285,0
0,0.09581150114536285,0
0,0.09581150114536285,0
0,0.09581150114536285,0
0,0.09581150114536285,0
0,0.09581150114536285,0
0,0.09581150114536285,0
0,0.09581150114536285,0
0,0.09581150114536285,0
0,0.09581150114536285,0
0,0.09581150114536285,0
0,0.09581150114536285,0
0,0.09581150114536285,0
0,0.09581150114536285,0
0,0.09581150114536285,0
0,0.09581150114536285,0
0,0.09581150114536285,0
0,0.09581150114536285,0
0,0.09581150114536285,0
0,0.09581150114536285,0
0,0.09581150114536285,0
0,0.09581150114536285,0
0,0.09581150114536285,0
0,0.09581150114536285,0
0,0.09581150114536285,0
0,0.09581150114536285,0
0,0.09581150114536285,0
0,0.09581150114536285,0
0,0.09581150114536285,0
0,0.09581150114536285,0
0,0.09581150114536285,0
0,0.09581150114536285,0
0,0.09581150114536285,0
0,0.09581150114536285,0
0,0.09581150114536285,0
0,0.09581150114536285,0
0,0.09581150114536285,0
0,0.09581150114536285,0
0,0.09581150114536285,0
0,0.09581150114536285,0
0,0.09581150114536285,0
0,0.09581150114536285,0
0,0.09581150114536285,0
0,0.09581150114536285,0
0,0.09581150114536285,0
0,0.09581150114536285,0
0,0.09581150114536285,0
0,0.09581150114536285,0
0,0.09581150114536285,0
0,0.09581150114536285,0
0,0.09581150114536285,0
0,0.09581150114536285,0
0,0.09581150114536285,0
0,0.09581150114536285,0
0,0.09581150114536285,0
0,0.09581150114536285,0
0,0.09581150114536285,0
0,0.09581150114536285,0
0,0.09581150114536285,0
0,0.09581150114536285,0
0,0.09581150114536285,0
0,0.09581150114536285,0
0,0.09581150114536285,0
0,0.09581150114536285,0
0,0.09581150114536285,0
0,0.09581150114536285,0
0,0.09581150114536285,0
0,0.09581150114536285,0
0,0.09581150114536285,0
0,0.09581150114536285,0
0,0.09581150114536285,0
0,0.09581150114536285,0
0,0.09581150114536285,0
0,0.09581150114536285,0
0,0.09581150114536285,0
0,0.09581150114536285,0
0,0.09581150114536285,0
0,0.09581150114536285,0
0,0.09581150114536285,0
0,0.09581150114536285,0
0,0.09581150114536285,0
0,0.09581150114536285,0
0,0.09581150114536285,0
0,0.09581150114536285,0
0,0.09581150114536285,0
0,0.09581150114536285,0
0,0.09581150114536285,0
0,0.09581150114536285,0
0,0.09581150114536285,0
0,0.09581150114536285,0
0,0.09581150114536285,0
0,0.09581150114536285,0
0,0.09581150114536285,0
0,0.09581150114536285,0
0,0.09581150114536285,0
0,0.09581150114536285,0
0,0.09581150114536285,0
0,0.09581150114536285,0
0,0.09581150114536285,0
0,0.09581150114536285,0
0,0.09581150114536285,0
0,0.09581150114536285,0
0,0.09581150114536285,0
0,0.09581150114536285,0
0,0.09581150114536285,0
0,0.09581150114536285,0
0,0.09581150114536285,0
0,0.09581150114536285,0
0,0.09581150114536285,0
0,0.09581150114536285,0
0,0.09581150114536285,0
0,0.09581150114536285,0
0,0.09581150114536285,0
0,0.09581150114536285,0
0,0.09581150114536285,0
0,0.09581150114536285,0
0,0.09581150114536285,0
0,0.09581150114536285,0
0,0.09581150114536285,0
0,0.09581150114536285,0
0,0.09581150114536285,0
0,0.09581150114536285,0
0,0.09581150114536285,0
0,0.09581150114536285,0
0,0.09581150114536285,0
0,0.09581150114536285,0
0,0.09581150114536285,0
0,0.09581150114536285,0
0,0.09581150114536285,0
0,0.09581150114536285,0
0,0.09581150114536285,0
0,0.09581150114536285,0
0,0.09581150114536285,0
0,0.09581150114536285,0
0,0.09581150114536285,0
0,0.09581150114536285,0
0,0.09581150114536285,0
0,0.09581150114536285,0
0,0.09581150114536285,0
0,0.09581150114536285,0
0,0.09581150114536285,0
0,0.09581150114536285,0
0,0.09581150114536285,0
0,0.09581150114536285,0
0,0.09581150114536285,0
0,0.09581150114536285,0
0,0.09581150114536285,0
0,0.09581150114536285,0
0,0.09581150114536285,0
0,0.09581150114536285,0
0,0.09581150114536285,0
0,0.09581150114536285,0
0,0.09581150114536285,0
0,0.09581150114536285,0
0,0.09581150114536285,0
0,0.09581150114536285,0
0,0.09581150114536285,0
0,0.09581150114536285,0
0,0.09581150114536285,0
0,0.09581150114536285,0
0,0.09581150114536285,0
0,0.09581150114536285,0
0,0.09581150114536285,0
0,0.09581150114536285,0
0,0.09581150114536285,0
0,0.09581150114536285,0
0,0.09581150114536285,0
0,0.09581150114536285,0
0,0.09581150114536285,0
0,0.09581150114536285,0
0,0.09581150114536285,0
0,0.09581150114536285,0
0,0.09581150114536285,0
0,0.09581150114536285,0
0,0.09581150114536285,0
0,0.09581150114536285,0
0,0.09581150114536285,0
0,0.09581150114536285,0
0,0.09581150114536285,0
0,0.09581150114536285,0
0,0.09581150114536285,0
0,0.09581150114536285,0
0,0.09581150114536285,0
0,0.09581150114536285,0
0,0.09581150114536285,0
0,0.09581150114536285,0
0,0.09581150114536285,0
0,0.09581150114536285,0
0,0.09581150114536285,0
0,0.09581150114536285,0
0,0.09581150114536285,0
0,0.09581150114536285,0
0,0.09581150114536285,0
0,0.09581150114536285,0
0,0.09581150114536285,0
0,0.09581150114536285,0
0,0.09581150114536285,0
0,0.09581150114536285,0
0,0.09581150114536285,0
0,0.09581150114536285,0
0,0.09581150114536285,0
0,0.09581150114536285,0
0,0.09581150114536285,0
0,0.09581150114536285,0
0,0.09581150114536285,0
0,0.09581150114536285,0
0,0.09581150114536285,0
0,0.09581150114536285,0
0,0.09581150114536285,0
0,0.09581150114536285,0
0,0.09581150114536285,0
0,0.09581150114536285,0
0,0.09581150114536285,0
0,0.09581150114536285,0
0,0.09581150114536285,0
0,0.09581150114536285,0
0,0.09581150114536285,0
0,0.09581150114536285,0
0,0.09581150114536285,0
0,0.09581150114536285,0
0,0.09581150114536285,0
0,0.09581150114536285,0
0,0.09581150114536285,0
0,0.09581150114536285,0
0,0.09581150114536285,0
0,0.09581150114536285,0
0,0.09581150114536285,0
0,0.09581150114536285,0
0,0.09581150114536285,0
0,0.09581150114536285,0
0,0.09581150114536285,0
0,0.09581150114536285,0
0,0.09581150114536285,0
0,0.09581150114536285,0
0,0.09581150114536285,0
0,0.09581150114536285,0
0,0.09581150114536285,0
0,0.09581150114536285,0
0,0.09581150114536285,0
0,0.09581150114536285,0
0,0.09581150114536285,0
0,0.09581150114536285,0
0,0.09581150114536285,0
0,0.09581150114536285,0
0,0.09581150114536285,0
0,0.09581150114536285,0
0,0.09581150114536285,0
0,0.09581150114536285,0
0,0.09581150114536285,0
0,0.09581150114536285,0
0,0.09581150114536285,0
0,0.09581150114536285,0
0,0.09581150114536285,0
0,0.09581150114536285,0
0,0.09581150114536285,0
0,0.09581150114536285,0
0,0.09581150114536285,0
0,0.09581150114536285,0
0,0.09581150114536285,0
0,0.09581150114536285,0
0,0.09581150114536285,0
0,0.09581150114536285,0
0,0.09581150114536285,0
0,0.09581150114536285,0
0,0.09581150114536285,0
0,0.09581150114536285,0
0,0.09581150114536285,0
0,0.09581150114536285,0
0,0.09581150114536285,0
0,0.09581150114536285,0
0,0.09581150114536285,0
0,0.09581150114536285,0
0,0.09581150114536285,0
0,0.09581150114536285,0
0,0.09581150114536285,0
0,0.09581150114536285,0
0,0.09581150114536285,0
0,0.09581150114536285,0
0,0.09581150114536285,0
0,0.09581150114536285,0
0,0.09581150114536285,0
0,0.09581150114536285,0
0,0.09581150114536285,0
0,0.09581150114536285,0
0,0.09581150114536285,0
0,0.09581150114536285,0
0,0.09581150114536285,0
0,0.09581150114536285,0
0,0.09581150114536285,0
0,0.09581150114536285,0
0,0.09581150114536285,0
0,0.09581150114536285,0
0,0.09581150114536285,0
0,0.09581150114536285,0
0,0.09581150114536285,0
0,0.09581150114536285,0
0,0.09581150114536285,0
0,0.09581150114536285,0
0,0.09581150114536285,0
0,0.09581150114536285,0
0,0.09581150114536285,0
0,0.09581150114536285,0
0,0.09581150114536285,0
0,0.09581150114536285,0
0,0.09581150114536285,0
0,0.09581150114536285,0
0,0.09581150114536285,0
0,0.09581150114536285,0
0,0.09581150114536285,0
0,0.09581150114536285,0
0,0.09581150114536285,0
0,0.09581150114536285,0
0,0.7165073156356812,0
0,0.6932235360145569,0
0,0.6733537912368774,0
0,0.6551180481910706,0
0,0.5379312634468079,0
0,0.5066333413124084,0
0,0.09581150114536285,0
0,0.09581150114536285,0
0,0.09581150114536285,0
0,0.09581150114536285,0
0,0.09581150114536285,0
0,0.09581150114536285,0
0,0.09581150114536285,0
0,0.09581150114536285,0
0,0.09581150114536285,0
0,0.09581150114536285,0
0,0.09581150114536285,0
0,0.09581150114536285,0
0,0.09581150114536285,0
0,0.09581150114536285,0
0,0.09581150114536285,0
0,0.09581150114536285,0
0,0.09581150114536285,0
0,0.09581150114536285,0
0,0.09581150114536285,0
0,0.09581150114536285,0
0,0.09581150114536285,0
0,0.09581150114536285,0
0,0.09581150114536285,0
0,0.09581150114536285,0
0,0.09581150114536285,0
0,0.09581150114536285,0
0,0.09581150114536285,0
0,0.09581150114536285,0
0,0.09581150114536285,0
0,0.09581150114536285,0
0,0.09581150114536285,0
0,0.09581150114536285,0
0,0.09581150114536285,0
0,0.09581150114536285,0
0,0.09581150114536285,0
0,0.09581150114536285,0
0,0.09581150114536285,0
0,0.09581150114536285,0
0,0.09581150114536285,0
0,0.09581150114536285,0
0,0.09581150114536285,0
0,0.09581150114536285,0
0,0.09581150114536285,0
0,0.09581150114536285,0
0,0.09581150114536285,0
0,0.09581150114536285,0
0,0.09581150114536285,0
0,0.09581150114536285,0
0,0.09581150114536285,0
0,0.09581150114536285,0
0,0.09581150114536285,0
0,0.09581150114536285,0
0,0.09581150114536285,0
0,0.09581150114536285,0
0,0.09581150114536285,0
0,0.09581150114536285,0
0,0.09581150114536285,0
0,0.09581150114536285,0
0,0.09581150114536285,0
0,0.09581150114536285,0
0,0.09581150114536285,0
0,0.09581150114536285,0
0,0.09581150114536285,0
0,0.09581150114536285,0
0,0.09581150114536285,0
0,0.09581150114536285,0
0,0.09581150114536285,0
0,0.09581150114536285,0
0,0.09581150114536285,0
0,0.09581150114536285,0
0,0.09581150114536285,0
0,0.09581150114536285,0
0,0.09581150114536285,0
0,0.09581150114536285,0
0,0.09581150114536285,0
0,0.09581150114536285,0
0,0.09581150114536285,0
0,0.09581150114536285,0
0,0.09581150114536285,0
0,0.09581150114536285,0
0,0.09581150114536285,0
0,0.09581150114536285,0
0,0.09581150114536285,0
0,0.09581150114536285,0
0,0.09581150114536285,0
0,0.09581150114536285,0
0,0.09581150114536285,0
0,0.09581150114536285,0
0,0.09581150114536285,0
0,0.09581150114536285,0
0,0.09581150114536285,0
0,0.09581150114536285,0
0,0.09581150114536285,0
0,0.09581150114536285,0
0,0.09581150114536285,0
0,0.09581150114536285,0
0,0.09581150114536285,0
0,0.09581150114536285,0
0,0.09581150114536285,0
0,0.09581150114536285,0
0,0.09581150114536285,0
0,0.09581150114536285,0
0,0.09581150114536285,0
0,0.09581150114536285,0
0,0.09581150114536285,0
0,0.09581150114536285,0
0,0.09581150114536285,0
0,0.09581150114536285,0
0,0.09581150114536285,0
0,0.09581150114536285,0
0,0.09581150114536285,0
0,0.09581150114536285,0
0,0.09581150114536285,0
0,0.09581150114536285,0
0,0.09581150114536285,0
0,0.09581150114536285,0
0,0.09581150114536285,0
0,0.09581150114536285,0
0,0.09581150114536285,0
0,0.09581150114536285,0
0,0.09581150114536285,0
0,0.09581150114536285,0
0,0.09581150114536285,0
0,0.09581150114536285,0
0,0.09581150114536285,0
0,0.09581150114536285,0
0,0.09581150114536285,0
0,0.09581150114536285,0
0,0.09581150114536285,0
0,0.09581150114536285,0
0,0.09581150114536285,0
0,0.09581150114536285,0
0,0.09581150114536285,0
0,0.09581150114536285,0
0,0.09581150114536285,0
0,0.09581150114536285,0
0,0.09581150114536285,0
0,0.09581150114536285,0
0,0.09581150114536285,0
0,0.09581150114536285,0
0,0.09581150114536285,0
0,0.09581150114536285,0
0,0.09581150114536285,0
0,0.09581150114536285,0
0,0.09581150114536285,0
0,0.09581150114536285,0
0,0.09581150114536285,0
0,0.09581150114536285,0
0,0.09581150114536285,0
0,0.09581150114536285,0
0,0.09581150114536285,0
0,0.09581150114536285,0
0,0.09581150114536285,0
0,0.09581150114536285,0
0,0.09581150114536285,0
0,0.09581150114536285,0
0,0.09581150114536285,0
0,0.09581150114536285,0
0,0.09581150114536285,0
0,0.09581150114536285,0
0,0.09581150114536285,0
0,0.09581150114536285,0
0,0.09581150114536285,0
0,0.09581150114536285,0
0,0.09581150114536285,0
0,0.09581150114536285,0
0,0.09581150114536285,0
0,0.09581150114536285,0
0,0.09581150114536285,0
0,0.09581150114536285,0
0,0.09581150114536285,0
0,0.09581150114536285,0
0,0.09581150114536285,0
0,0.6955389380455017,0
0,0.670813798904419,0
0,0.6545332670211792,0
0,0.6471360921859741,0
0,0.5066333413124084,0
0,0.09581150114536285,0
0,0.09581150114536285,0
0,0.09581150114536285,0
0,0.09581150114536285,0
0,0.09581150114536285,0
0,0.09581150114536285,0
0,0.09581150114536285,0
0,0.09581150114536285,0
0,0.09581150114536285,0
0,0.09581150114536285,0
0,0.09581150114536285,0
0,0.09581150114536285,0
0,0.09581150114536285,0
0,0.09581150114536285,0
0,0.09581150114536285,0
0,0.09581150114536285,0
0,0.09581150114536285,0
0,0.09581150114536285,0
0,0.09581150114536285,0
0,0.09581150114536285,0
0,0.09581150114536285,0
0,0.09581150114536285,0
0,0.09581150114536285,0
0,0.09581150114536285,0
0,0.09581150114536285,0
0,0.09581150114536285,0
0,0.09581150114536285,0
0,0.09581150114536285,0
0,0.09581150114536285,0
0,0.09581150114536285,0
0,0.09581150114536285,0
0,0.09581150114536285,0
0,0.09581150114536285,0
0,0.09581150114536285,0
0,0.09581150114536285,0
0,0.09581150114536285,0
0,0.09581150114536285,0
0,0.09581150114536285,0
0,0.09581150114536285,0
0,0.09581150114536285,0
0,0.09581150114536285,0
0,0.09581150114536285,0
0,0.09581150114536285,0
0,0.09581150114536285,0
0,0.09581150114536285,0
0,0.09581150114536285,0
0,0.09581150114536285,0
0,0.09581150114536285,0
0,0.09581150114536285,0
0,0.09581150114536285,0
0,0.09581150114536285,0
0,0.09581150114536285,0
0,0.09581150114536285,0
0,0.09581150114536285,0
0,0.09581150114536285,0
0,0.09581150114536285,0
0,0.09581150114536285,0
0,0.09581150114536285,0
0,0.09581150114536285,0
0,0.09581150114536285,0
0,0.09581150114536285,0
0,0.09581150114536285,0
0,0.09581150114536285,0
0,0.09581150114536285,0
0,0.09581150114536285,0
0,0.09581150114536285,0
0,0.09581150114536285,0
0,0.09581150114536285,0
0,0.09581150114536285,0
0,0.09581150114536285,0
0,0.09581150114536285,0
0,0.09581150114536285,0
0,0.09581150114536285,0
0,0.09581150114536285,0
0,0.09581150114536285,0
0,0.09581150114536285,0
0,0.09581150114536285,0
0,0.09581150114536285,0
0,0.09581150114536285,0
0,0.09581150114536285,0
0,0.09581150114536285,0
0,0.09581150114536285,0
0,0.09581150114536285,0
0,0.09581150114536285,0
0,0.09581150114536285,0
0,0.09581150114536285,0
0,0.09581150114536285,0
0,0.09581150114536285,0
0,0.09581150114536285,0
0,0.09581150114536285,0
0,0.09581150114536285,0
0,0.09581150114536285,0
0,0.09581150114536285,0
0,0.09581150114536285,0
0,0.09581150114536285,0
0,0.09581150114536285,0
0,0.09581150114536285,0
0,0.09581150114536285,0
0,0.09581150114536285,0
0,0.09581150114536285,0
0,0.09581150114536285,0
0,0.09581150114536285,0
0,0.09581150114536285,0
0,0.09581150114536285,0
0,0.09581150114536285,0
0,0.09581150114536285,0
0,0.09581150114536285,0
0,0.09581150114536285,0
0,0.09581150114536285,0
0,0.09581150114536285,0
0,0.09581150114536285,0
0,0.09581150114536285,0
0,0.09581150114536285,0
0,0.09581150114536285,0
0,0.09581150114536285,0
0,0.09581150114536285,0
0,0.09581150114536285,0
0,0.09581150114536285,0
0,0.09581150114536285,0
0,0.09581150114536285,0
0,0.09581150114536285,0
0,0.09581150114536285,0
0,0.09581150114536285,0
0,0.09581150114536285,0
0,0.09581150114536285,0
0,0.09581150114536285,0
0,0.09581150114536285,0
0,0.09581150114536285,0
0,0.09581150114536285,0
0,0.09581150114536285,0
0,0.09581150114536285,0
0,0.09581150114536285,0
0,0.09581150114536285,0
0,0.09581150114536285,0
0,0.09581150114536285,0
0,0.09581150114536285,0
0,0.09581150114536285,0
0,0.09581150114536285,0
0,0.09581150114536285,0
0,0.09581150114536285,0
0,0.09581150114536285,0
0,0.09581150114536285,0
0,0.09581150114536285,0
0,0.09581150114536285,0
0,0.09581150114536285,0
0,0.09581150114536285,0
0,0.09581150114536285,0
0,0.09581150114536285,0
0,0.09581150114536285,0
0,0.09581150114536285,0
0,0.09581150114536285,0
0,0.09581150114536285,0
0,0.09581150114536285,0
0,0.09581150114536285,0
0,0.09581150114536285,0
0,0.09581150114536285,0
0,0.09581150114536285,0
0,0.09581150114536285,0
0,0.09581150114536285,0
0,0.09581150114536285,0
0,0.09581150114536285,0
0,0.09581150114536285,0
0,0.09581150114536285,0
0,0.09581150114536285,0
0,0.09581150114536285,0
0,0.09581150114536285,0
0,0.09581150114536285,0
0,0.09581150114536285,0
0,0.09581150114536285,0
0,0.09581150114536285,0
0,0.09581150114536285,0
0,0.09581150114536285,0
0,0.09581150114536285,0
0,0.09581150114536285,0
0,0.09581150114536285,0
0,0.09581150114536285,0
0,0.09581150114536285,0
0,0.09581150114536285,0
0,0.09581150114536285,0
0,0.09581150114536285,0
0,0.09581150114536285,0
0,0.09581150114536285,0
0,0.09581150114536285,0
0,0.09581150114536285,0
0,0.09581150114536285,0
0,0.09581150114536285,0
0,0.09581150114536285,0
0,0.09581150114536285,0
0,0.09581150114536285,0
0,0.09581150114536285,0
0,0.09581150114536285,0
0,0.09581150114536285,0
0,0.09581150114536285,0
0,0.09581150114536285,0
0,0.09581150114536285,0
0,0.09581150114536285,0
0,0.09581150114536285,0
0,0.09581150114536285,0
0,0.09581150114536285,0
0,0.09581150114536285,0
0,0.09581150114536285,0
0,0.09581150114536285,0
0,0.09581150114536285,0
0,0.09581150114536285,0
0,0.09581150114536285,0
0,0.09581150114536285,0
0,0.09581150114536285,0
0,0.09581150114536285,0
0,0.09581150114536285,0
0,0.09581150114536285,0
0,0.09581150114536285,0
0,0.09581150114536285,0
0,0.09581150114536285,0
0,0.09581150114536285,0
0,0.09581150114536285,0
0,0.09581150114536285,0
0,0.09581150114536285,0
0,0.09581150114536285,0
0,0.09581150114536285,0
0,0.09581150114536285,0
0,0.09581150114536285,0
0,0.09581150114536285,0
0,0.09581150114536285,0
0,0.09581150114536285,0
0,0.09581150114536285,0
0,0.09581150114536285,0
0,0.09581150114536285,0
0,0.09581150114536285,0
0,0.09581150114536285,0
0,0.09581150114536285,0
0,0.09581150114536285,0
0,0.09581150114536285,0
0,0.09581150114536285,0
0,0.09581150114536285,0
0,0.09581150114536285,0
0,0.09581150114536285,0
0,0.09581150114536285,0
0,0.09581150114536285,0
0,0.09581150114536285,0
0,0.09581150114536285,0
0,0.09581150114536285,0
0,0.09581150114536285,0
0,0.09581150114536285,0
0,0.09581150114536285,0
0,0.09581150114536285,0
0,0.09581150114536285,0
0,0.09581150114536285,0
0,0.09581150114536285,0
0,0.09581150114536285,0
0,0.09581150114536285,0
0,0.09581150114536285,0
0,0.09581150114536285,0
0,0.09581150114536285,0
0,0.09581150114536285,0
0,0.09581150114536285,0
0,0.09581150114536285,0
0,0.09581150114536285,0
0,0.09581150114536285,0
0,0.09581150114536285,0
0,0.09581150114536285,0
0,0.09581150114536285,0
0,0.09581150114536285,0
0,0.09581150114536285,0
0,0.09581150114536285,0
0,0.09581150114536285,0
0,0.09581150114536285,0
0,0.09581150114536285,0
0,0.09581150114536285,0
0,0.09581150114536285,0
0,0.09581150114536285,0
0,0.09581150114536285,0
0,0.09581150114536285,0
0,0.09581150114536285,0
0,0.09581150114536285,0
0,0.09581150114536285,0
0,0.09581150114536285,0
0,0.09581150114536285,0
0,0.09581150114536285,0
0,0.09581150114536285,0
0,0.09581150114536285,0
0,0.09581150114536285,0
0,0.09581150114536285,0
0,0.09581150114536285,0
0,0.09581150114536285,0
0,0.09581150114536285,0
0,0.09581150114536285,0
0,0.09581150114536285,0
0,0.09581150114536285,0
0,0.09581150114536285,0
0,0.09581150114536285,0
0,0.09581150114536285,0
0,0.09581150114536285,0
0,0.09581150114536285,0
0,0.09581150114536285,0
0,0.09581150114536285,0
0,0.09581150114536285,0
0,0.09581150114536285,0
0,0.09581150114536285,0
0,0.09581150114536285,0
0,0.09581150114536285,0
0,0.09581150114536285,0
0,0.09581150114536285,0
0,0.09581150114536285,0
0,0.09581150114536285,0
0,0.09581150114536285,0
0,0.09581150114536285,0
0,0.09581150114536285,0
0,0.09581150114536285,0
0,0.09581150114536285,0
0,0.09581150114536285,0
0,0.09581150114536285,0
0,0.09581150114536285,0
0,0.09581150114536285,0
0,0.09581150114536285,0
0,0.09581150114536285,0
0,0.09581150114536285,0
0,0.09581150114536285,0
0,0.09581150114536285,0
0,0.09581150114536285,0
0,0.09581150114536285,0
0,0.09581150114536285,0
0,0.09581150114536285,0
0,0.09581150114536285,0
0,0.09581150114536285,0
0,0.09581150114536285,0
0,0.09581150114536285,0
0,0.09581150114536285,0
0,0.09581150114536285,0
0,0.09581150114536285,0
0,0.09581150114536285,0
0,0.09581150114536285,0
0,0.09581150114536285,0
0,0.09581150114536285,0
0,0.09581150114536285,0
0,0.09581150114536285,0
0,0.09581150114536285,0
0,0.09581150114536285,0
0,0.09581150114536285,0
0,0.09581150114536285,0
0,0.09581150114536285,0
0,0.09581150114536285,0
0,0.09581150114536285,0
0,0.09581150114536285,0
0,0.09581150114536285,0
0,0.09581150114536285,0
0,0.09581150114536285,0
0,0.09581150114536285,0
0,0.09581150114536285,0
0,0.09581150114536285,0
0,0.09581150114536285,0
0,0.09581150114536285,0
0,0.09581150114536285,0
0,0.09581150114536285,0
0,0.09581150114536285,0
0,0.09581150114536285,0
0,0.09581150114536285,0
0,0.09581150114536285,0
0,0.09581150114536285,0
0,0.09581150114536285,0
0,0.09581150114536285,0
0,0.09581150114536285,0
0,0.09581150114536285,0
0,0.09581150114536285,0
0,0.09581150114536285,0
0,0.09581150114536285,0
0,0.09581150114536285,0
0,0.09581150114536285,0
0,0.09581150114536285,0
0,0.09581150114536285,0
0,0.09581150114536285,0
0,0.09581150114536285,0
0,0.09581150114536285,0
0,0.09581150114536285,0
0,0.09581150114536285,0
0,0.09581150114536285,0
0,0.09581150114536285,0
0,0.09581150114536285,0
0,0.09581150114536285,0
0,0.09581150114536285,0
0,0.09581150114536285,0
0,0.09581150114536285,0
0,0.09581150114536285,0
0,0.09581150114536285,0
0,0.09581150114536285,0
0,0.09581150114536285,0
0,0.09581150114536285,0
0,0.09581150114536285,0
0,0.09581150114536285,0
0,0.09581150114536285,0
0,0.09581150114536285,0
0,0.09581150114536285,0
0,0.09581150114536285,0
0,0.09581150114536285,0
0,0.09581150114536285,0
0,0.09581150114536285,0
0,0.09581150114536285,0
0,0.09581150114536285,0
0,0.09581150114536285,0
0,0.09581150114536285,0
0,0.09581150114536285,0
0,0.09581150114536285,0
0,0.09581150114536285,0
0,0.09581150114536285,0
0,0.09581150114536285,0
0,0.09581150114536285,0
0,0.09581150114536285,0
0,0.09581150114536285,0
0,0.09581150114536285,0
0,0.09581150114536285,0
0,0.09581150114536285,0
0,0.09581150114536285,0
0,0.09581150114536285,0
0,0.09581150114536285,0
0,0.09581150114536285,0
0,0.09581150114536285,0
0,0.09581150114536285,0
0,0.09581150114536285,0
0,0.09581150114536285,0
0,0.09581150114536285,0
0,0.09581150114536285,0
0,0.09581150114536285,0
0,0.09581150114536285,0
0,0.09581150114536285,0
0,0.09581150114536285,0
0,0.09581150114536285,0
0,0.09581150114536285,0
0,0.09581150114536285,0
0,0.09581150114536285,0
0,0.09581150114536285,0
0,0.09581150114536285,0
0,0.09581150114536285,0
0,0.09581150114536285,0
0,0.09581150114536285,0
0,0.09581150114536285,0
0,0.09581150114536285,0
0,0.09581150114536285,0
0,0.09581150114536285,0
0,0.09581150114536285,0
0,0.09581150114536285,0
0,0.09581150114536285,0
0,0.09581150114536285,0
0,0.09581150114536285,0
0,0.09581150114536285,0
0,0.09581150114536285,0
0,0.09581150114536285,0
0,0.09581150114536285,0
0,0.09581150114536285,0
0,0.09581150114536285,0
0,0.09581150114536285,0
0,0.09581150114536285,0
0,0.09581150114536285,0
0,0.09581150114536285,0
0,0.09581150114536285,0
0,0.09581150114536285,0
0,0.09581150114536285,0
0,0.09581150114536285,0
0,0.09581150114536285,0
0,0.09581150114536285,0
0,0.09581150114536285,0
0,0.09581150114536285,0
0,0.09581150114536285,0
0,0.09581150114536285,0
0,0.09581150114536285,0
0,0.09581150114536285,0
0,0.09581150114536285,0
0,0.09581150114536285,0
0,0.09581150114536285,0
0,0.09581150114536285,0
0,0.09581150114536285,0
0,0.09581150114536285,0
0,0.09581150114536285,0
0,0.09581150114536285,0
0,0.09581150114536285,0
0,0.09581150114536285,0
0,0.09581150114536285,0
0,0.09581150114536285,0
0,0.09581150114536285,0
0,0.09581150114536285,0
0,0.09581150114536285,0
0,0.09581150114536285,0
0,0.09581150114536285,0
0,0.09581150114536285,0
0,0.09581150114536285,0
0,0.09581150114536285,0
0,0.09581150114536285,0
0,0.09581150114536285,0
0,0.09581150114536285,0
0,0.09581150114536285,0
0,0.09581150114536285,0
0,0.09581150114536285,0
0,0.09581150114536285,0
0,0.09581150114536285,0
0,0.09581150114536285,0
0,0.09581150114536285,0
0,0.09581150114536285,0
0,0.09581150114536285,0
0,0.09581150114536285,0
0,0.09581150114536285,0
0,0.09581150114536285,0
0,0.09581150114536285,0
0,0.09581150114536285,0
0,0.09581150114536285,0
0,0.09581150114536285,0
0,0.09581150114536285,0
0,0.09581150114536285,0
0,0.09581150114536285,0
0,0.09581150114536285,0
0,0.09581150114536285,0
0,0.09581150114536285,0
0,0.09581150114536285,0
0,0.09581150114536285,0
0,0.09581150114536285,0
0,0.09581150114536285,0
0,0.09581150114536285,0
0,0.09581150114536285,0
0,0.09581150114536285,0
0,0.09581150114536285,0
0,0.09581150114536285,0
0,0.09581150114536285,0
0,0.09581150114536285,0
0,0.09581150114536285,0
0,0.09581150114536285,0
0,0.09581150114536285,0
0,0.09581150114536285,0
0,0.09581150114536285,0
0,0.09581150114536285,0
0,0.09581150114536285,0
0,0.09581150114536285,0
0,0.09581150114536285,0
0,0.09581150114536285,0
0,0.09581150114536285,0
0,0.09581150114536285,0
0,0.670813798904419,0
0,0.6545332670211792,0
0,0.6471360921859741,0
0,0.5066333413124084,0
0,0.09581150114536285,0
0,0.09581150114536285,0
0,0.09581150114536285,0
0,0.09581150114536285,0
0,0.09581150114536285,0
0,0.09581150114536285,0
0,0.09581150114536285,0
0,0.09581150114536285,0
0,0.09581150114536285,0
0,0.09581150114536285,0
0,0.09581150114536285,0
0,0.09581150114536285,0
0,0.09581150114536285,0
0,0.09581150114536285,0
0,0.09581150114536285,0
0,0.09581150114536285,0
0,0.09581150114536285,0
0,0.09581150114536285,0
0,0.09581150114536285,0
0,0.09581150114536285,0
0,0.09581150114536285,0
0,0.09581150114536285,0
0,0.09581150114536285,0
0,0.09581150114536285,0
0,0.09581150114536285,0
0,0.09581150114536285,0
0,0.09581150114536285,0
0,0.09581150114536285,0
0,0.09581150114536285,0
0,0.09581150114536285,0
0,0.09581150114536285,0
0,0.09581150114536285,0
0,0.09581150114536285,0
0,0.09581150114536285,0
0,0.09581150114536285,0
0,0.09581150114536285,0
0,0.09581150114536285,0
0,0.09581150114536285,0
0,0.09581150114536285,0
0,0.09581150114536285,0
0,0.09581150114536285,0
0,0.09581150114536285,0
0,0.09581150114536285,0
0,0.09581150114536285,0
0,0.09581150114536285,0
0,0.09581150114536285,0
0,0.09581150114536285,0
0,0.09581150114536285,0
0,0.09581150114536285,0
0,0.09581150114536285,0
0,0.09581150114536285,0
0,0.09581150114536285,0
0,0.09581150114536285,0
0,0.09581150114536285,0
0,0.09581150114536285,0
0,0.09581150114536285,0
0,0.09581150114536285,0
0,0.09581150114536285,0
0,0.09581150114536285,0
0,0.09581150114536285,0
0,0.09581150114536285,0
0,0.09581150114536285,0
0,0.09581150114536285,0
0,0.09581150114536285,0
0,0.09581150114536285,0
0,0.09581150114536285,0
0,0.09581150114536285,0
0,0.09581150114536285,0
0,0.09581150114536285,0
0,0.09581150114536285,0
0,0.09581150114536285,0
0,0.09581150114536285,0
0,0.09581150114536285,0
0,0.09581150114536285,0
0,0.09581150114536285,0
0,0.09581150114536285,0
0,0.09581150114536285,0
0,0.09581150114536285,0
0,0.09581150114536285,0
0,0.09581150114536285,0
0,0.09581150114536285,0
0,0.09581150114536285,0
0,0.09581150114536285,0
0,0.09581150114536285,0
0,0.09581150114536285,0
0,0.09581150114536285,0
0,0.09581150114536285,0
0,0.09581150114536285,0
0,0.09581150114536285,0
0,0.09581150114536285,0
0,0.09581150114536285,0
0,0.09581150114536285,0
0,0.09581150114536285,0
0,0.09581150114536285,0
0,0.09581150114536285,0
0,0.09581150114536285,0
0,0.09581150114536285,0
0,0.09581150114536285,0
0,0.09581150114536285,0
0,0.09581150114536285,0
0,0.09581150114536285,0
0,0.09581150114536285,0
0,0.09581150114536285,0
0,0.09581150114536285,0
0,0.09581150114536285,0
0,0.09581150114536285,0
0,0.09581150114536285,0
0,0.09581150114536285,0
0,0.09581150114536285,0
0,0.09581150114536285,0
0,0.09581150114536285,0
0,0.09581150114536285,0
0,0.09581150114536285,0
0,0.09581150114536285,0
0,0.09581150114536285,0
0,0.09581150114536285,0
0,0.09581150114536285,0
0,0.09581150114536285,0
0,0.09581150114536285,0
0,0.09581150114536285,0
0,0.09581150114536285,0
0,0.09581150114536285,0
0,0.09581150114536285,0
0,0.09581150114536285,0
0,0.09581150114536285,0
0,0.09581150114536285,0
0,0.09581150114536285,0
0,0.09581150114536285,0
0,0.09581150114536285,0
0,0.09581150114536285,0
0,0.09581150114536285,0
0,0.09581150114536285,0
0,0.09581150114536285,0
0,0.09581150114536285,0
0,0.09581150114536285,0
0,0.09581150114536285,0
0,0.09581150114536285,0
0,0.09581150114536285,0
0,0.09581150114536285,0
0,0.09581150114536285,0
0,0.09581150114536285,0
0,0.09581150114536285,0
0,0.09581150114536285,0
0,0.09581150114536285,0
0,0.09581150114536285,0
0,0.09581150114536285,0
0,0.09581150114536285,0
0,0.09581150114536285,0
0,0.09581150114536285,0
0,0.09581150114536285,0
0,0.09581150114536285,0
0,0.09581150114536285,0
0,0.09581150114536285,0
0,0.09581150114536285,0
0,0.09581150114536285,0
0,0.09581150114536285,0
0,0.09581150114536285,0
0,0.09581150114536285,0
0,0.09581150114536285,0
0,0.09581150114536285,0
0,0.09581150114536285,0
0,0.09581150114536285,0
0,0.09581150114536285,0
0,0.09581150114536285,0
0,0.09581150114536285,0
0,0.09581150114536285,0
0,0.09581150114536285,0
0,0.09581150114536285,0
0,0.09581150114536285,0
0,0.09581150114536285,0
0,0.09581150114536285,0
0,0.09581150114536285,0
0,0.09581150114536285,0
0,0.09581150114536285,0
0,0.09581150114536285,0
0,0.972165048122406,0
0,0.9704969525337219,0
0,0.967783510684967,0
0,0.9601088166236877,0
0,0.9493124485015869,0
0,0.9165509343147278,0
0,0.928642749786377,0
0,0.8811579942703247,0
0,0.8894487023353577,0
0,0.8919040560722351,0
0,0.8915148973464966,0
0,0.8887957334518433,0
1,0.7965283989906311,0
0,0.9096720218658447,0
0,0.9239711165428162,0
0,0.9387321472167969,0
0,0.9340667724609375,0
0,0.9309065341949463,0
0,0.9304936528205872,0
0,0.9318777918815613,0
0,0.9317482709884644,0
0,0.8641847968101501,0
0,0.8900101184844971,0
0,0.7469439506530762,0
0,0.7541808485984802,0
0,0.7545438408851624,0
0,0.7282616496086121,0
0,0.6804725527763367,0
0,0.6562877893447876,0
0,0.6852715611457825,0
0,0.7351422905921936,0
0,0.7442667484283447,0
0,0.7101284265518188,0
0,0.6404545903205872,0
0,0.5794359445571899,0
0,0.5981054902076721,0
0,0.6770144104957581,0
0,0.7196396589279175,0
0,0.7175034880638123,0
0,0.6955389380455017,0
0,0.670813798904419,0
0,0.6545332670211792,0
0,0.6471360921859741,0
0,0.5066333413124084,0
0,0.09581150114536285,0
0,0.09581150114536285,0
0,0.09581150114536285,0
0,0.09581150114536285,0
0,0.09581150114536285,0
0,0.09581150114536285,0
0,0.09581150114536285,0
0,0.09581150114536285,0
0,0.09581150114536285,0
1,0.09581150114536285,0
1,0.8923224210739136,0
1,0.981092631816864,1
1,0.9951452612876892,1
1,0.9975383281707764,1
1,0.9980528354644775,1
0,0.9982194304466248,1
0,0.9637929201126099,0
0,0.9393293857574463,0
0,0.8813084959983826,0
0,0.8437442183494568,0
0,0.8017504811286926,0
0,0.7653970718383789,0
0,0.7412471771240234,0
0,0.7191314101219177,0
0,0.6870467066764832,0
0,0.6562547087669373,0
0,0.6610658168792725,0
0,0.7032487392425537,0
0,0.7341420650482178,0
0,0.744835615158081,0
0,0.7431511282920837,0
0,0.7363757491111755,0
0,0.7327325940132141,0
0,0.7375019192695618,0
0,0.7491926550865173,0
0,0.7439706325531006,0
0,0.7247675657272339,0
0,0.7009644508361816,0
0,0.6718314290046692,0
0,0.6369685530662537,0
0,0.5668166279792786,0
0,0.5609846711158752,0
0,0.5560351610183716,0
0,0.5501806735992432,0
0,0.5379312634468079,0
0,0.5066333413124084,0
0,0.09581150114536285,0
0,0.09581150114536285,0
0,0.09581150114536285,0
0,0.09581150114536285,0
0,0.09581150114536285,0
0,0.09581150114536285,0
0,0.09581150114536285,0
0,0.09581150114536285,0
0,0.09581150114536285,0
0,0.09581150114536285,0
0,0.09581150114536285,0
0,0.09581150114536285,0
0,0.09581150114536285,0
0,0.09581150114536285,0
0,0.09581150114536285,0
0,0.09581150114536285,0
0,0.09581150114536285,0
0,0.09581150114536285,0
0,0.09581150114536285,0
0,0.09581150114536285,0
0,0.09581150114536285,0
0,0.09581150114536285,0
1,0.09581150114536285,0
0,0.8923224210739136,0
0,0.8895574808120728,0
0,0.883767306804657,0
0,0.8632813096046448,0
0,0.8468464016914368,0
0,0.8307079672813416,0
0,0.8125883340835571,0
0,0.7851958274841309,0
0,0.7540867328643799,0
0,0.7434166669845581,0
0,0.7469439506530762,0
0,0.7541808485984802,0
1,0.7545438408851624,0
0,0.9387353658676147,0
0,0.9011293649673462,0
0,0.8911697864532471,0
0,0.864963948726654,0
0,0.8677751421928406,0
0,0.8698545098304749,0
0,0.8594659566879272,0
0,0.8405354022979736,0
0,0.8309268355369568,0
0,0.8455684185028076,0
1,0.8693753480911255,0
0,0.9415187239646912,0
0,0.9388602375984192,0
0,0.9367491006851196,0
0,0.9148523807525635,0
0,0.9009743332862854,0
0,0.8955858945846558,0
0,0.9151129722595215,0
0,0.8566641807556152,0
0,0.8537601232528687,0
0,0.8513389825820923,0
0,0.8617543578147888,0
0,0.8773375749588013,0
0,0.8627195954322815,0
0,0.8104521632194519,0
0,0.7645467519760132,0
0,0.7600353956222534,0
0,0.8159599304199219,0
0,0.8695427775382996,0
0,0.8807320594787598,0
0,0.8809713125228882,0
0,0.6404545903205872,0
0,0.5794359445571899,0
0,0.5981054902076721,0
0,0.6770144104957581,0
0,0.7196396589279175,0
0,0.7175034880638123,0
0,0.6955389380455017,0
0,0.670813798904419,0
0,0.6545332670211792,0
0,0.6471360921859741,0
0,0.5066333413124084,0
0,0.09581150114536285,0
0,0.09581150114536285,0
0,0.09581150114536285,0
0,0.09581150114536285,0
0,0.09581150114536285,0
0,0.09581150114536285,0
1,0.09581150114536285,0
0,0.8923224210739136,0
0,0.8895574808120728,0
0,0.883767306804657,0
1,0.8632813096046448,0
0,0.09581150114536285,0
0,0.09581150114536285,0
0,0.09581150114536285,0
0,0.09581150114536285,0
0,0.09581150114536285,0
0,0.09581150114536285,0
0,0.09581150114536285,0
0,0.09581150114536285,0
0,0.09581150114536285,0
0,0.09581150114536285,0
0,0.09581150114536285,0
0,0.09581150114536285,0
0,0.09581150114536285,0
0,0.09581150114536285,0
0,0.09581150114536285,0
0,0.09581150114536285,0
0,0.09581150114536285,0
0,0.09581150114536285,0
0,0.09581150114536285,0
0,0.09581150114536285,0
0,0.09581150114536285,0
0,0.09581150114536285,0
0,0.09581150114536285,0
0,0.09581150114536285,0
0,0.09581150114536285,0
0,0.09581150114536285,0
0,0.09581150114536285,0
0,0.09581150114536285,0
0,0.09581150114536285,0
0,0.09581150114536285,0
0,0.09581150114536285,0
0,0.09581150114536285,0
0,0.09581150114536285,0
0,0.09581150114536285,0
0,0.09581150114536285,0
0,0.09581150114536285,0
0,0.09581150114536285,0
0,0.09581150114536285,0
0,0.09581150114536285,0
0,0.09581150114536285,0
0,0.09581150114536285,0
0,0.09581150114536285,0
0,0.09581150114536285,0
0,0.09581150114536285,0
0,0.09581150114536285,0
0,0.09581150114536285,0
0,0.09581150114536285,0
0,0.09581150114536285,0
0,0.09581150114536285,0
0,0.09581150114536285,0
0,0.09581150114536285,0
0,0.09581150114536285,0
0,0.09581150114536285,0
0,0.09581150114536285,0
0,0.09581150114536285,0
0,0.09581150114536285,0
0,0.09581150114536285,0
0,0.09581150114536285,0
0,0.09581150114536285,0
0,0.09581150114536285,0
0,0.09581150114536285,0
0,0.09581150114536285,0
0,0.09581150114536285,0
0,0.09581150114536285,0
0,0.09581150114536285,0
0,0.09581150114536285,0
0,0.09581150114536285,0
0,0.09581150114536285,0
0,0.09581150114536285,0
0,0.09581150114536285,0
0,0.09581150114536285,0
0,0.09581150114536285,0
0,0.09581150114536285,0
0,0.09581150114536285,0
0,0.09581150114536285,0
0,0.09581150114536285,0
0,0.09581150114536285,0
0,0.09581150114536285,0
0,0.09581150114536285,0
0,0.09581150114536285,0
0,0.09581150114536285,0
0,0.09581150114536285,0
0,0.09581150114536285,0
0,0.09581150114536285,0
0,0.09581150114536285,0
0,0.09581150114536285,0
0,0.09581150114536285,0
0,0.09581150114536285,0
0,0.09581150114536285,0
0,0.09581150114536285,0
0,0.09581150114536285,0
0,0.09581150114536285,0
0,0.09581150114536285,0
0,0.09581150114536285,0
0,0.09581150114536285,0
0,0.09581150114536285,0
0,0.09581150114536285,0
0,0.09581150114536285,0
0,0.09581150114536285,0
0,0.09581150114536285,0
0,0.09581150114536285,0
0,0.09581150114536285,0
0,0.09581150114536285,0
0,0.09581150114536285,0
0,0.09581150114536285,0
0,0.09581150114536285,0
0,0.09581150114536285,0
0,0.09581150114536285,0
0,0.09581150114536285,0
0,0.09581150114536285,0
0,0.09581150114536285,0
0,0.09581150114536285,0
0,0.09581150114536285,0
0,0.09581150114536285,0
0,0.09581150114536285,0
0,0.09581150114536285,0
0,0.09581150114536285,0
0,0.09581150114536285,0
0,0.09581150114536285,0
0,0.09581150114536285,0
0,0.09581150114536285,0
0,0.09581150114536285,0
0,0.09581150114536285,0
0,0.09581150114536285,0
0,0.09581150114536285,0
0,0.09581150114536285,0
0,0.09581150114536285,0
0,0.09581150114536285,0
0,0.09581150114536285,0
0,0.09581150114536285,0
0,0.09581150114536285,0
0,0.09581150114536285,0
0,0.09581150114536285,0
0,0.09581150114536285,0
0,0.09581150114536285,0
0,0.09581150114536285,0
0,0.09581150114536285,0
0,0.09581150114536285,0
0,0.09581150114536285,0
0,0.09581150114536285,0
0,0.09581150114536285,0
0,0.09581150114536285,0
0,0.09581150114536285,0
0,0.09581150114536285,0
0,0.09581150114536285,0
0,0.09581150114536285,0
0,0.09581150114536285,0
0,0.09581150114536285,0
0,0.09581150114536285,0
0,0.09581150114536285,0
0,0.09581150114536285,0
0,0.09581150114536285,0
0,0.09581150114536285,0
0,0.09581150114536285,0
0,0.09581150114536285,0
0,0.09581150114536285,0
0,0.09581150114536285,0
0,0.09581150114536285,0
0,0.09581150114536285,0
0,0.09581150114536285,0
0,0.09581150114536285,0
0,0.09581150114536285,0
0,0.09581150114536285,0
0,0.09581150114536285,0
0,0.09581150114536285,0
0,0.09581150114536285,0
0,0.09581150114536285,0
0,0.09581150114536285,0
0,0.09581150114536285,0
0,0.09581150114536285,0
0,0.09581150114536285,0
0,0.09581150114536285,0
0,0.09581150114536285,0
0,0.09581150114536285,0
0,0.09581150114536285,0
0,0.09581150114536285,0
0,0.09581150114536285,0
0,0.09581150114536285,0
0,0.09581150114536285,0
0,0.5066333413124084,0
0,0.09581150114536285,0
0,0.09581150114536285,0
0,0.09581150114536285,0
0,0.09581150114536285,0
0,0.09581150114536285,0
0,0.09581150114536285,0
0,0.09581150114536285,0
0,0.09581150114536285,0
0,0.09581150114536285,0
0,0.09581150114536285,0
0,0.09581150114536285,0
0,0.09581150114536285,0
0,0.09581150114536285,0
0,0.09581150114536285,0
0,0.09581150114536285,0
0,0.09581150114536285,0
0,0.09581150114536285,0
0,0.09581150114536285,0
0,0.09581150114536285,0
0,0.09581150114536285,0
0,0.09581150114536285,0
0,0.09581150114536285,0
0,0.09581150114536285,0
0,0.09581150114536285,0
0,0.09581150114536285,0
0,0.09581150114536285,0
0,0.09581150114536285,0
0,0.09581150114536285,0
0,0.09581150114536285,0
0,0.09581150114536285,0
0,0.09581150114536285,0
0,0.09581150114536285,0
0,0.09581150114536285,0
0,0.09581150114536285,0
0,0.09581150114536285,0
0,0.09581150114536285,0
0,0.09581150114536285,0
0,0.09581150114536285,0
0,0.09581150114536285,0
0,0.09581150114536285,0
0,0.09581150114536285,0
0,0.09581150114536285,0
0,0.09581150114536285,0
0,0.09581150114536285,0
0,0.09581150114536285,0
0,0.09581150114536285,0
0,0.09581150114536285,0
0,0.09581150114536285,0
0,0.09581150114536285,0
0,0.09581150114536285,0
0,0.09581150114536285,0
0,0.09581150114536285,0
0,0.09581150114536285,0
0,0.09581150114536285,0
0,0.09581150114536285,0
0,0.09581150114536285,0
0,0.09581150114536285,0
0,0.09581150114536285,0
0,0.09581150114536285,0
0,0.09581150114536285,0
0,0.09581150114536285,0
0,0.09581150114536285,0
0,0.09581150114536285,0
0,0.09581150114536285,0
0,0.09581150114536285,0
0,0.09581150114536285,0
0,0.09581150114536285,0
0,0.09581150114536285,0
0,0.09581150114536285,0
0,0.09581150114536285,0
0,0.09581150114536285,0
0,0.09581150114536285,0
0,0.09581150114536285,0
0,0.09581150114536285,0
0,0.09581150114536285,0
0,0.09581150114536285,0
0,0.09581150114536285,0
0,0.09581150114536285,0
0,0.09581150114536285,0
0,0.09581150114536285,0
0,0.09581150114536285,0
0,0.09581150114536285,0
0,0.09581150114536285,0
0,0.09581150114536285,0
0,0.09581150114536285,0
0,0.09581150114536285,0
0,0.09581150114536285,0
0,0.09581150114536285,0
0,0.09581150114536285,0
0,0.09581150114536285,0
0,0.09581150114536285,0
0,0.09581150114536285,0
0,0.09581150114536285,0
0,0.09581150114536285,0
0,0.09581150114536285,0
0,0.09581150114536285,0
0,0.09581150114536285,0
0,0.09581150114536285,0
0,0.09581150114536285,0
0,0.09581150114536285,0
0,0.09581150114536285,0
0,0.09581150114536285,0
0,0.09581150114536285,0
0,0.09581150114536285,0
0,0.09581150114536285,0
0,0.09581150114536285,0
0,0.09581150114536285,0
0,0.09581150114536285,0
0,0.09581150114536285,0
0,0.09581150114536285,0
0,0.09581150114536285,0
0,0.09581150114536285,0
0,0.09581150114536285,0
0,0.09581150114536285,0
0,0.09581150114536285,0
0,0.09581150114536285,0
0,0.09581150114536285,0
0,0.09581150114536285,0
0,0.09581150114536285,0
0,0.09581150114536285,0
0,0.09581150114536285,0
0,0.09581150114536285,0
0,0.09581150114536285,0
0,0.09581150114536285,0
0,0.09581150114536285,0
0,0.09581150114536285,0
0,0.09581150114536285,0
0,0.09581150114536285,0
0,0.09581150114536285,0
0,0.09581150114536285,0
0,0.09581150114536285,0
0,0.09581150114536285,0
0,0.09581150114536285,0
0,0.09581150114536285,0
0,0.09581150114536285,0
0,0.09581150114536285,0
0,0.09581150114536285,0
0,0.09581150114536285,0
0,0.09581150114536285,0
0,0.09581150114536285,0
0,0.09581150114536285,0
0,0.09581150114536285,0
0,0.09581150114536285,0
0,0.09581150114536285,0
0,0.09581150114536285,0
0,0.09581150114536285,0
0,0.09581150114536285,0
0,0.09581150114536285,0
0,0.09581150114536285,0
0,0.09581150114536285,0
0,0.09581150114536285,0
0,0.09581150114536285,0
0,0.09581150114536285,0
0,0.09581150114536285,0
0,0.09581150114536285,0
0,0.09581150114536285,0
0,0.09581150114536285,0
0,0.09581150114536285,0
0,0.09581150114536285,0
0,0.09581150114536285,0
0,0.09581150114536285,0
0,0.09581150114536285,0
0,0.09581150114536285,0
0,0.09581150114536285,0
0,0.09581150114536285,0
0,0.09581150114536285,0
0,0.09581150114536285,0
0,0.09581150114536285,0
0,0.09581150114536285,0
0,0.09581150114536285,0
0,0.09581150114536285,0
0,0.09581150114536285,0
0,0.09581150114536285,0
0,0.09581150114536285,0
0,0.09581150114536285,0
0,0.09581150114536285,0
0,0.09581150114536285,0
0,0.09581150114536285,0
0,0.9863452315330505,1
0,0.9816537499427795,1
0,0.9754761457443237,0
0,0.9713422656059265,0
0,0.9692376852035522,0
0,0.9697856307029724,0
0,0.9711570739746094,0
0,0.966802716255188,0
0,0.9484013319015503,0
0,0.9219136834144592,0
0,0.9182522296905518,0
0,0.9288743138313293,0
0,0.9411882758140564,0
0,0.9478108882904053,0
0,0.9454266428947449,0
0,0.936284601688385,0
0,0.9333081245422363,0
0,0.7156140804290771,0
0,0.7365089654922485,0
0,0.736833393573761,0
0,0.7225140929222107,0
1,0.7015150189399719,0
0,0.8941858410835266,0
0,0.8989320397377014,0
0,0.9260326027870178,0
0,0.9098117351531982,0
0,0.9039477705955505,0
0,0.8990108966827393,0
0,0.8125883340835571,0
0,0.7851958274841309,0
0,0.7540867328643799,0
0,0.7434166669845581,0
0,0.7469439506530762,0
0,0.7541808485984802,0
0,0.7545438408851624,0
0,0.7282616496086121,0
0,0.6804725527763367,0
0,0.6562877893447876,0
0,0.6852715611457825,0
0,0.7351422905921936,0
0,0.7442667484283447,0
0,0.7101284265518188,0
0,0.6404545903205872,0
0,0.5794359445571899,0
0,0.5981054902076721,0
0,0.6770144104957581,0
0,0.7196396589279175,0
0,0.7175034880638123,0
0,0.6955389380455017,0
0,0.670813798904419,0
0,0.6545332670211792,0
0,0.6471360921859741,0
0,0.5066333413124084,0
0,0.09581150114536285,0
0,0.09581150114536285,0
0,0.09581150114536285,0
0,0.09581150114536285,0
0,0.09581150114536285,0
0,0.09581150114536285,0
0,0.09581150114536285,0
0,0.09581150114536285,0
0,0.09581150114536285,0
0,0.09581150114536285,0
0,0.09581150114536285,0
0,0.09581150114536285,0
0,0.09581150114536285,0
0,0.09581150114536285,0
0,0.09581150114536285,0
0,0.09581150114536285,0
0,0.09581150114536285,0
0,0.09581150114536285,0
0,0.09581150114536285,0
0,0.09581150114536285,0
0,0.09581150114536285,0
0,0.09581150114536285,0
0,0.09581150114536285,0
0,0.09581150114536285,0
0,0.09581150114536285,0
0,0.09581150114536285,0
0,0.09581150114536285,0
0,0.09581150114536285,0
0,0.09581150114536285,0
0,0.09581150114536285,0
0,0.09581150114536285,0
0,0.09581150114536285,0
0,0.09581150114536285,0
0,0.09581150114536285,0
0,0.09581150114536285,0
0,0.09581150114536285,0
0,0.09581150114536285,0
0,0.09581150114536285,0
0,0.09581150114536285,0
0,0.09581150114536285,0
0,0.09581150114536285,0
0,0.09581150114536285,0
0,0.09581150114536285,0
0,0.09581150114536285,0
0,0.09581150114536285,0
0,0.09581150114536285,0
0,0.09581150114536285,0
0,0.09581150114536285,0
0,0.09581150114536285,0
0,0.09581150114536285,0
0,0.09581150114536285,0
0,0.09581150114536285,0
0,0.09581150114536285,0
0,0.09581150114536285,0
0,0.09581150114536285,0
0,0.09581150114536285,0
0,0.09581150114536285,0
0,0.09581150114536285,0
0,0.09581150114536285,0
0,0.09581150114536285,0
0,0.09581150114536285,0
0,0.09581150114536285,0
0,0.09581150114536285,0
0,0.09581150114536285,0
0,0.09581150114536285,0
0,0.09581150114536285,0
0,0.09581150114536285,0
0,0.09581150114536285,0
0,0.09581150114536285,0
0,0.09581150114536285,0
0,0.09581150114536285,0
0,0.09581150114536285,0
0,0.09581150114536285,0
0,0.09581150114536285,0
0,0.09581150114536285,0
0,0.09581150114536285,0
0,0.09581150114536285,0
0,0.09581150114536285,0
0,0.09581150114536285,0
0,0.09581150114536285,0
0,0.09581150114536285,0
0,0.09581150114536285,0
0,0.09581150114536285,0
0,0.09581150114536285,0
0,0.09581150114536285,0
0,0.09581150114536285,0
0,0.09581150114536285,0
0,0.09581150114536285,0
0,0.09581150114536285,0
0,0.09581150114536285,0
0,0.09581150114536285,0
0,0.09581150114536285,0
0,0.09581150114536285,0
0,0.09581150114536285,0
0,0.09581150114536285,0
0,0.09581150114536285,0
0,0.09581150114536285,0
0,0.09581150114536285,0
0,0.09581150114536285,0
0,0.09581150114536285,0
0,0.09581150114536285,0
0,0.09581150114536285,0
0,0.09581150114536285,0
0,0.09581150114536285,0
0,0.09581150114536285,0
0,0.09581150114536285,0
0,0.09581150114536285,0
0,0.09581150114536285,0
0,0.09581150114536285,0
0,0.09581150114536285,0
0,0.09581150114536285,0
0,0.09581150114536285,0
0,0.09581150114536285,0
0,0.09581150114536285,0
0,0.09581150114536285,0
0,0.09581150114536285,0
0,0.09581150114536285,0
0,0.09581150114536285,0
0,0.09581150114536285,0
0,0.09581150114536285,0
0,0.09581150114536285,0
0,0.09581150114536285,0
0,0.09581150114536285,0
0,0.09581150114536285,0
0,0.09581150114536285,0
0,0.09581150114536285,0
0,0.8430419564247131,0
0,0.8674026131629944,0
0,0.8783283829689026,0
0,0.8868000507354736,0
0,0.8931639194488525,0
0,0.7375648021697998,0
0,0.7320771217346191,0
0,0.7162224650382996,0
0,0.6687300205230713,0
0,0.5379312634468079,0
0,0.5066333413124084,0
0,0.09581150114536285,0
0,0.09581150114536285,0
0,0.09581150114536285,0
0,0.09581150114536285,0
0,0.09581150114536285,0
0,0.09581150114536285,0
0,0.09581150114536285,0
0,0.09581150114536285,0
0,0.09581150114536285,0
0,0.09581150114536285,0
0,0.09581150114536285,0
0,0.09581150114536285,0
0,0.09581150114536285,0
0,0.09581150114536285,0
0,0.09581150114536285,0
0,0.09581150114536285,0
0,0.09581150114536285,0
0,0.09581150114536285,0
0,0.09581150114536285,0
0,0.09581150114536285,0
0,0.09581150114536285,0
0,0.09581150114536285,0
0,0.09581150114536285,0
0,0.09581150114536285,0
0,0.09581150114536285,0
0,0.09581150114536285,0
0,0.09581150114536285,0
0,0.09581150114536285,0
0,0.09581150114536285,0
0,0.09581150114536285,0
0,0.09581150114536285,0
0,0.09581150114536285,0
0,0.09581150114536285,0
0,0.09581150114536285,0
0,0.09581150114536285,0
0,0.09581150114536285,0
0,0.09581150114536285,0
0,0.09581150114536285,0
0,0.09581150114536285,0
0,0.09581150114536285,0
0,0.09581150114536285,0
0,0.09581150114536285,0
0,0.09581150114536285,0
0,0.09581150114536285,0
0,0.09581150114536285,0
0,0.09581150114536285,0
0,0.09581150114536285,0
0,0.09581150114536285,0
0,0.09581150114536285,0
0,0.09581150114536285,0
0,0.09581150114536285,0
0,0.09581150114536285,0
0,0.09581150114536285,0
0,0.09581150114536285,0
0,0.09581150114536285,0
0,0.09581150114536285,0
0,0.09581150114536285,0
0,0.09581150114536285,0
0,0.09581150114536285,0
0,0.09581150114536285,0
0,0.09581150114536285,0
0,0.09581150114536285,0
0,0.09581150114536285,0
0,0.09581150114536285,0
0,0.09581150114536285,0
0,0.09581150114536285,0
0,0.09581150114536285,0
0,0.09581150114536285,0
0,0.09581150114536285,0
0,0.09581150114536285,0
0,0.09581150114536285,0
0,0.09581150114536285,0
0,0.09581150114536285,0
0,0.09581150114536285,0
0,0.09581150114536285,0
0,0.09581150114536285,0
0,0.09581150114536285,0
0,0.09581150114536285,0
0,0.09581150114536285,0
0,0.09581150114536285,0
0,0.09581150114536285,0
0,0.09581150114536285,0
0,0.09581150114536285,0
0,0.09581150114536285,0
0,0.09581150114536285,0
0,0.09581150114536285,0
0,0.09581150114536285,0
0,0.09581150114536285,0
0,0.09581150114536285,0
0,0.09581150114536285,0
0,0.09581150114536285,0
0,0.09581150114536285,0
0,0.09581150114536285,0
0,0.09581150114536285,0
0,0.09581150114536285,0
0,0.09581150114536285,0
0,0.09581150114536285,0
0,0.09581150114536285,0
0,0.09581150114536285,0
0,0.09581150114536285,0
0,0.09581150114536285,0
0,0.09581150114536285,0
0,0.09581150114536285,0
0,0.09581150114536285,0
0,0.09581150114536285,0
0,0.09581150114536285,0
0,0.09581150114536285,0
0,0.09581150114536285,0
0,0.09581150114536285,0
0,0.09581150114536285,0
0,0.09581150114536285,0
0,0.09581150114536285,0
0,0.09581150114536285,0
0,0.09581150114536285,0
0,0.09581150114536285,0
0,0.09581150114536285,0
0,0.09581150114536285,0
0,0.09581150114536285,0
0,0.09581150114536285,0
0,0.09581150114536285,0
0,0.09581150114536285,0
0,0.09581150114536285,0
0,0.09581150114536285,0
0,0.09581150114536285,0
0,0.09581150114536285,0
0,0.09581150114536285,0
0,0.09581150114536285,0
0,0.09581150114536285,0
0,0.09581150114536285,0
0,0.09581150114536285,0
0,0.09581150114536285,0
0,0.09581150114536285,0
0,0.09581150114536285,0
0,0.09581150114536285,0
0,0.09581150114536285,0
0,0.09581150114536285,0
0,0.09581150114536285,0
0,0.09581150114536285,0
0,0.09581150114536285,0
0,0.09581150114536285,0
0,0.09581150114536285,0
0,0.09581150114536285,0
0,0.09581150114536285,0
0,0.09581150114536285,0
0,0.09581150114536285,0
0,0.09581150114536285,0
0,0.09581150114536285,0
0,0.09581150114536285,0
0,0.09581150114536285,0
0,0.09581150114536285,0
0,0.09581150114536285,0
0,0.09581150114536285,0
0,0.09581150114536285,0
0,0.09581150114536285,0
0,0.09581150114536285,0
0,0.09581150114536285,0
0,0.09581150114536285,0
0,0.09581150114536285,0
0,0.09581150114536285,0
0,0.09581150114536285,0
0,0.09581150114536285,0
0,0.09581150114536285,0
0,0.09581150114536285,0
0,0.09581150114536285,0
0,0.09581150114536285,0
0,0.09581150114536285,0
0,0.09581150114536285,0
0,0.09581150114536285,0
0,0.09581150114536285,0
0,0.09581150114536285,0
0,0.09581150114536285,0
0,0.09581150114536285,0
0,0.09581150114536285,0
0,0.09581150114536285,0
0,0.09581150114536285,0
0,0.09581150114536285,0
0,0.09581150114536285,0
0,0.09581150114536285,0
0,0.09581150114536285,0
0,0.09581150114536285,0
0,0.09581150114536285,0
0,0.09581150114536285,0
0,0.09581150114536285,0
0,0.09581150114536285,0
0,0.09581150114536285,0
0,0.09581150114536285,0
0,0.09581150114536285,0
0,0.09581150114536285,0
0,0.09581150114536285,0
0,0.09581150114536285,0
0,0.09581150114536285,0
0,0.09581150114536285,0
0,0.09581150114536285,0
0,0.09581150114536285,0
0,0.09581150114536285,0
0,0.09581150114536285,0
0,0.09581150114536285,0
0,0.09581150114536285,0
0,0.09581150114536285,0
0,0.09581150114536285,0
0,0.09581150114536285,0
0,0.09581150114536285,0
0,0.09581150114536285,0
0,0.09581150114536285,0
0,0.09581150114536285,0
0,0.09581150114536285,0
0,0.09581150114536285,0
0,0.09581150114536285,0
0,0.09581150114536285,0
0,0.09581150114536285,0
0,0.09581150114536285,0
0,0.09581150114536285,0
0,0.09581150114536285,0
0,0.09581150114536285,0
0,0.09581150114536285,0
0,0.09581150114536285,0
0,0.09581150114536285,0
0,0.09581150114536285,0
0,0.09581150114536285,0
0,0.09581150114536285,0
0,0.09581150114536285,0
0,0.09581150114536285,0
0,0.09581150114536285,0
0,0.09581150114536285,0
0,0.09581150114536285,0
0,0.09581150114536285,0
0,0.09581150114536285,0
0,0.09581150114536285,0
0,0.09581150114536285,0
0,0.09581150114536285,0
0,0.09581150114536285,0
0,0.09581150114536285,0
0,0.09581150114536285,0
0,0.09581150114536285,0
0,0.09581150114536285,0
0,0.09581150114536285,0
0,0.09581150114536285,0
0,0.09581150114536285,0
0,0.09581150114536285,0
0,0.09581150114536285,0
0,0.09581150114536285,0
0,0.09581150114536285,0
0,0.09581150114536285,0
0,0.09581150114536285,0
0,0.09581150114536285,0
0,0.09581150114536285,0
0,0.09581150114536285,0
0,0.09581150114536285,0
0,0.09581150114536285,0
0,0.09581150114536285,0
0,0.09581150114536285,0
0,0.09581150114536285,0
0,0.09581150114536285,0
0,0.09581150114536285,0
0,0.09581150114536285,0
0,0.09581150114536285,0
0,0.09581150114536285,0
0,0.09581150114536285,0
0,0.09581150114536285,0
0,0.09581150114536285,0
0,0.09581150114536285,0
0,0.09581150114536285,0
0,0.09581150114536285,0
0,0.09581150114536285,0
0,0.09581150114536285,0
0,0.09581150114536285,0
0,0.09581150114536285,0
0,0.09581150114536285,0
0,0.09581150114536285,0
0,0.09581150114536285,0
0,0.09581150114536285,0
0,0.09581150114536285,0
0,0.09581150114536285,0
0,0.09581150114536285,0
0,0.09581150114536285,0
0,0.09581150114536285,0
0,0.09581150114536285,0
0,0.09581150114536285,0
0,0.09581150114536285,0
0,0.09581150114536285,0
0,0.09581150114536285,0
0,0.09581150114536285,0
0,0.09581150114536285,0
0,0.09581150114536285,0
0,0.09581150114536285,0
0,0.09581150114536285,0
0,0.09581150114536285,0
0,0.09581150114536285,0
0,0.09581150114536285,0
0,0.09581150114536285,0
0,0.09581150114536285,0
0,0.09581150114536285,0
0,0.09581150114536285,0
0,0.09581150114536285,0
0,0.09581150114536285,0
0,0.09581150114536285,0
0,0.09581150114536285,0
0,0.09581150114536285,0
0,0.09581150114536285,0
0,0.09581150114536285,0
0,0.09581150114536285,0
0,0.09581150114536285,0
0,0.09581150114536285,0
0,0.09581150114536285,0
0,0.09581150114536285,0
0,0.09581150114536285,0
0,0.09581150114536285,0
0,0.09581150114536285,0
0,0.09581150114536285,0
0,0.09581150114536285,0
0,0.09581150114536285,0
0,0.09581150114536285,0
0,0.09581150114536285,0
0,0.09581150114536285,0
0,0.09581150114536285,0
0,0.09581150114536285,0
0,0.09581150114536285,0
0,0.09581150114536285,0
0,0.09581150114536285,0
0,0.09581150114536285,0
0,0.09581150114536285,0
0,0.09581150114536285,0
0,0.09581150114536285,0
0,0.09581150114536285,0
0,0.09581150114536285,0
0,0.09581150114536285,0
0,0.09581150114536285,0
0,0.09581150114536285,0
0,0.09581150114536285,0
0,0.09581150114536285,0
0,0.09581150114536285,0
0,0.09581150114536285,0
0,0.09581150114536285,0
0,0.09581150114536285,0
0,0.09581150114536285,0
0,0.09581150114536285,0
0,0.09581150114536285,0
0,0.09581150114536285,0
0,0.09581150114536285,0
0,0.09581150114536285,0
0,0.09581150114536285,0
0,0.09581150114536285,0
0,0.09581150114536285,0
0,0.09581150114536285,0
0,0.09581150114536285,0
0,0.09581150114536285,0
0,0.09581150114536285,0
0,0.09581150114536285,0
0,0.09581150114536285,0
0,0.09581150114536285,0
0,0.09581150114536285,0
0,0.09581150114536285,0
0,0.09581150114536285,0
0,0.09581150114536285,0
0,0.09581150114536285,0
0,0.09581150114536285,0
0,0.09581150114536285,0
0,0.09581150114536285,0
0,0.09581150114536285,0
0,0.09581150114536285,0
0,0.09581150114536285,0
0,0.09581150114536285,0
0,0.09581150114536285,0
0,0.09581150114536285,0
0,0.09581150114536285,0
0,0.09581150114536285,0
0,0.09581150114536285,0
0,0.09581150114536285,0
0,0.09581150114536285,0
0,0.09581150114536285,0
0,0.09581150114536285,0
0,0.09581150114536285,0
0,0.09581150114536285,0
0,0.09581150114536285,0
0,0.09581150114536285,0
0,0.09581150114536285,0
0,0.09581150114536285,0
0,0.09581150114536285,0
0,0.09581150114536285,0
0,0.09581150114536285,0
0,0.09581150114536285,0
0,0.09581150114536285,0
0,0.09581150114536285,0
0,0.09581150114536285,0
0,0.09581150114536285,0
0,0.09581150114536285,0
0,0.09581150114536285,0
0,0.09581150114536285,0
0,0.09581150114536285,0
0,0.09581150114536285,0
0,0.09581150114536285,0
0,0.09581150114536285,0
0,0.09581150114536285,0
0,0.09581150114536285,0
0,0.09581150114536285,0
0,0.09581150114536285,0
0,0.09581150114536285,0
0,0.09581150114536285,0
0,0.09581150114536285,0
0,0.09581150114536285,0
0,0.09581150114536285,0
0,0.09581150114536285,0
0,0.09581150114536285,0
0,0.09581150114536285,0
0,0.09581150114536285,0
0,0.09581150114536285,0
0,0.09581150114536285,0
0,0.09581150114536285,0
0,0.09581150114536285,0
0,0.09581150114536285,0
0,0.09581150114536285,0
0,0.09581150114536285,0
0,0.09581150114536285,0
0,0.09581150114536285,0
0,0.09581150114536285,0
0,0.09581150114536285,0
0,0.09581150114536285,0
0,0.09581150114536285,0
0,0.09581150114536285,0
0,0.09581150114536285,0
0,0.09581150114536285,0
0,0.09581150114536285,0
0,0.09581150114536285,0
0,0.09581150114536285,0
0,0.09581150114536285,0
0,0.09581150114536285,0
0,0.09581150114536285,0
0,0.09581150114536285,0
0,0.09581150114536285,0
0,0.09581150114536285,0
0,0.09581150114536285,0
0,0.09581150114536285,0
0,0.09581150114536285,0
0,0.09581150114536285,0
0,0.09581150114536285,0
0,0.09581150114536285,0
0,0.09581150114536285,0
0,0.09581150114536285,0
0,0.09581150114536285,0
0,0.09581150114536285,0
0,0.09581150114536285,0
0,0.09581150114536285,0
0,0.09581150114536285,0
0,0.09581150114536285,0
0,0.09581150114536285,0
0,0.09581150114536285,0
0,0.09581150114536285,0
0,0.09581150114536285,0
0,0.09581150114536285,0
0,0.09581150114536285,0
0,0.09581150114536285,0
0,0.09581150114536285,0
0,0.09581150114536285,0
0,0.09581150114536285,0
0,0.09581150114536285,0
0,0.09581150114536285,0
0,0.09581150114536285,0
0,0.09581150114536285,0
0,0.09581150114536285,0
0,0.09581150114536285,0
0,0.09581150114536285,0
0,0.09581150114536285,0
0,0.09581150114536285,0
0,0.09581150114536285,0
0,0.09581150114536285,0
0,0.09581150114536285,0
0,0.09581150114536285,0
0,0.09581150114536285,0
0,0.09581150114536285,0
0,0.09581150114536285,0
0,0.09581150114536285,0
0,0.09581150114536285,0
0,0.09581150114536285,0
0,0.09581150114536285,0
0,0.09581150114536285,0
0,0.09581150114536285,0
0,0.09581150114536285,0
0,0.09581150114536285,0
0,0.09581150114536285,0
0,0.09581150114536285,0
0,0.09581150114536285,0
0,0.09581150114536285,0
0,0.09581150114536285,0
0,0.09581150114536285,0
0,0.09581150114536285,0
0,0.09581150114536285,0
0,0.09581150114536285,0
0,0.09581150114536285,0
0,0.09581150114536285,0
0,0.09581150114536285,0
0,0.09581150114536285,0
0,0.09581150114536285,0
0,0.09581150114536285,0
0,0.09581150114536285,0
0,0.09581150114536285,0
0,0.09581150114536285,0
0,0.09581150114536285,0
0,0.09581150114536285,0
0,0.09581150114536285,0
0,0.09581150114536285,0
0,0.09581150114536285,0
0,0.09581150114536285,0
0,0.09581150114536285,0
0,0.09581150114536285,0
0,0.09581150114536285,0
0,0.09581150114536285,0
0,0.09581150114536285,0
0,0.09581150114536285,0
0,0.09581150114536285,0
0,0.09581150114536285,0
0,0.09581150114536285,0
0,0.09581150114536285,0
0,0.09581150114536285,0
0,0.09581150114536285,0
0,0.09581150114536285,0
0,0.09581150114536285,0
0,0.09581150114536285,0
0,0.09581150114536285,0
0,0.09581150114536285,0
0,0.09581150114536285,0
0,0.09581150114536285,0
0,0.09581150114536285,0
0,0.09581150114536285,0
0,0.09581150114536285,0
0,0.09581150114536285,0
0,0.09581150114536285,0
0,0.931738018989563,0
0,0.9156571626663208,0
0,0.9107558727264404,0
0,0.9117114543914795,0
0,0.9255157113075256,0
0,0.9125306606292725,0
0,0.7438809871673584,0
0,0.7287083864212036,0
0,0.6997513175010681,0
0,0.6747884154319763,0
0,0.6947636008262634,0
0,0.7340033054351807,0
0,0.7579355239868164,0
0,0.7603940367698669,0
0,0.7519252300262451,0
1,0.735304594039917,0
0,0.8767181038856506,0
1,0.8977846503257751,0
0,0.9736807346343994,0
0,0.9660796523094177,0
0,0.9641845226287842,0
0,0.9560935497283936,0
1,0.9416640400886536,0
1,0.9608351588249207,0
0,0.9863592982292175,1
1,0.9812163710594177,1
0,0.988944411277771,1
1,0.9871691465377808,1
0,0.9908697009086609,1
0,0.9889377355575562,1
0,0.9866494536399841,1
0,0.9806137084960938,1
0,0.9727349877357483,0
0,0.9716048836708069,0
0,0.9723676443099976,0
0,0.971583366394043,0
0,0.9693933129310608,0
0,0.9616677761077881,0
0,0.9491884112358093,0
0,0.9356090426445007,0
0,0.9282181262969971,0
0,0.9255417585372925,0
0,0.9178144931793213,0
0,0.9095863103866577,0
0,0.9078025221824646,0
0,0.9101019501686096,0
0,0.9225380420684814,0
0,0.8943058848381042,0
0,0.9067584276199341,0
0,0.8589111566543579,0
0,0.8566979169845581,0
1,0.8473948240280151,0
0,0.9493668079376221,0
0,0.9731969237327576,0
0,0.9754603505134583,0
0,0.9578874111175537,0
0,0.9584224820137024,0
0,0.8783161044120789,0
0,0.8889403939247131,0
0,0.7851958274841309,0
0,0.7540867328643799,0
0,0.7434166669845581,0
0,0.7469439506530762,0
0,0.7541808485984802,0
0,0.7545438408851624,0
0,0.7282616496086121,0
0,0.6804725527763367,0
0,0.6562877893447876,0
0,0.6852715611457825,0
0,0.7351422905921936,0
0,0.7442667484283447,0
0,0.7101284265518188,0
0,0.6404545903205872,0
0,0.5794359445571899,0
0,0.5981054902076721,0
0,0.6770144104957581,0
0,0.7196396589279175,0
1,0.7175034880638123,0
0,0.8885724544525146,0
0,0.8983141183853149,0
0,0.9082868099212646,0
0,0.8937538862228394,0
0,0.9056203961372375,0
0,0.8307079672813416,0
0,0.8125883340835571,0
0,0.7851958274841309,0
0,0.7540867328643799,0
0,0.7434166669845581,0
0,0.7469439506530762,0
0,0.7541808485984802,0
0,0.7545438408851624,0
0,0.7282616496086121,0
0,0.6804725527763367,0
0,0.6562877893447876,0
0,0.6852715611457825,0
0,0.7351422905921936,0
0,0.7442667484283447,0
0,0.7101284265518188,0
0,0.6404545903205872,0
0,0.5794359445571899,0
0,0.5981054902076721,0
0,0.6770144104957581,0
0,0.7196396589279175,0
0,0.7175034880638123,0
0,0.6955389380455017,0
0,0.670813798904419,0
0,0.6545332670211792,0
0,0.6471360921859741,0
0,0.5066333413124084,0
0,0.09581150114536285,0
0,0.09581150114536285,0
0,0.09581150114536285,0
0,0.09581150114536285,0
0,0.09581150114536285,0
0,0.09581150114536285,0
0,0.09581150114536285,0
0,0.09581150114536285,0
0,0.09581150114536285,0
0,0.09581150114536285,0
0,0.09581150114536285,0
0,0.09581150114536285,0
0,0.09581150114536285,0
0,0.09581150114536285,0
0,0.09581150114536285,0
0,0.09581150114536285,0
0,0.09581150114536285,0
0,0.09581150114536285,0
0,0.09581150114536285,0
0,0.09581150114536285,0
0,0.09581150114536285,0
0,0.09581150114536285,0
0,0.09581150114536285,0
0,0.09581150114536285,0
0,0.09581150114536285,0
0,0.09581150114536285,0
0,0.09581150114536285,0
0,0.09581150114536285,0
0,0.09581150114536285,0
0,0.09581150114536285,0
0,0.09581150114536285,0
0,0.09581150114536285,0
0,0.09581150114536285,0
0,0.09581150114536285,0
0,0.09581150114536285,0
0,0.09581150114536285,0
0,0.09581150114536285,0
0,0.09581150114536285,0
0,0.09581150114536285,0
0,0.09581150114536285,0
0,0.09581150114536285,0
0,0.09581150114536285,0
0,0.09581150114536285,0
0,0.09581150114536285,0
0,0.09581150114536285,0
0,0.09581150114536285,0
0,0.09581150114536285,0
0,0.09581150114536285,0
1,0.09581150114536285,0
0,0.8923224210739136,0
0,0.8895574808120728,0
0,0.883767306804657,0
0,0.8632813096046448,0
0,0.8468464016914368,0
0,0.8307079672813416,0
0,0.8125883340835571,0
0,0.7851958274841309,0
0,0.7540867328643799,0
0,0.7434166669845581,0
0,0.7469439506530762,0
0,0.7541808485984802,0
0,0.7545438408851624,0
0,0.7282616496086121,0
0,0.6804725527763367,0
0,0.6562877893447876,0
0,0.6852715611457825,0
0,0.7351422905921936,0
0,0.7442667484283447,0
0,0.7101284265518188,0
0,0.6404545903205872,0
1,0.9334236979484558,0
0,0.9644404053688049,0
0,0.9604761004447937,0
0,0.9644748568534851,0
0,0.9586912393569946,0
0,0.9501055479049683,0
0,0.9360918998718262,0
0,0.9162505269050598,0
0,0.9068057537078857,0
0,0.9141920804977417,0
0,0.9259229302406311,0
0,0.9351407289505005,0
1,0.9383188486099243,0
0,0.9638093113899231,0
0,0.9554904699325562,0
0,0.9483265280723572,0
0,0.9282155632972717,0
0,0.9239497184753418,0
0,0.9284520745277405,0
0,0.9303821921348572,0
0,0.9322623014450073,0
0,0.9363411068916321,0
0,0.9440892934799194,0
0,0.9310481548309326,0
0,0.938014805316925,0
0,0.8962761759757996,0
0,0.8699278235435486,0
0,0.8485509753227234,0
0,0.8577384948730469,0
0,0.9027876257896423,0
0,0.8705987334251404,0
0,0.8981260061264038,0
0,0.7101284265518188,0
0,0.6404545903205872,0
0,0.5794359445571899,0
0,0.5981054902076721,0
0,0.6770144104957581,0
0,0.7196396589279175,0
0,0.7175034880638123,0
0,0.6955389380455017,0
0,0.670813798904419,0
0,0.6545332670211792,0
0,0.6471360921859741,0
0,0.5066333413124084,0
0,0.09581150114536285,0
0,0.09581150114536285,0
0,0.09581150114536285,0
0,0.09581150114536285,0
0,0.09581150114536285,0
0,0.09581150114536285,0
0,0.09581150114536285,0
0,0.09581150114536285,0
0,0.09581150114536285,0
0,0.09581150114536285,0
0,0.09581150114536285,0
0,0.09581150114536285,0
0,0.09581150114536285,0
0,0.09581150114536285,0
0,0.09581150114536285,0
0,0.09581150114536285,0
0,0.09581150114536285,0
0,0.09581150114536285,0
0,0.09581150114536285,0
0,0.09581150114536285,0
0,0.09581150114536285,0
0,0.09581150114536285,0
0,0.09581150114536285,0
0,0.09581150114536285,0
0,0.09581150114536285,0
0,0.09581150114536285,0
0,0.09581150114536285,0
0,0.09581150114536285,0
0,0.09581150114536285,0
0,0.09581150114536285,0
0,0.09581150114536285,0
0,0.09581150114536285,0
0,0.09581150114536285,0
0,0.09581150114536285,0
0,0.09581150114536285,0
0,0.09581150114536285,0
0,0.09581150114536285,0
0,0.09581150114536285,0
0,0.09581150114536285,0
0,0.09581150114536285,0
0,0.09581150114536285,0
0,0.09581150114536285,0
0,0.09581150114536285,0
0,0.09581150114536285,0
0,0.09581150114536285,0
0,0.09581150114536285,0
0,0.09581150114536285,0
0,0.09581150114536285,0
0,0.09581150114536285,0
0,0.09581150114536285,0
0,0.09581150114536285,0
0,0.09581150114536285,0
0,0.09581150114536285,0
0,0.09581150114536285,0
0,0.09581150114536285,0
0,0.09581150114536285,0
0,0.09581150114536285,0
0,0.09581150114536285,0
0,0.09581150114536285,0
0,0.09581150114536285,0
0,0.09581150114536285,0
0,0.09581150114536285,0
0,0.09581150114536285,0
0,0.09581150114536285,0
0,0.09581150114536285,0
0,0.09581150114536285,0
0,0.09581150114536285,0
0,0.09581150114536285,0
0,0.09581150114536285,0
0,0.09581150114536285,0
0,0.09581150114536285,0
0,0.09581150114536285,0
0,0.09581150114536285,0
0,0.09581150114536285,0
0,0.09581150114536285,0
0,0.09581150114536285,0
0,0.09581150114536285,0
0,0.09581150114536285,0
0,0.09581150114536285,0
0,0.09581150114536285,0
0,0.09581150114536285,0
0,0.09581150114536285,0
0,0.09581150114536285,0
0,0.09581150114536285,0
0,0.09581150114536285,0
0,0.09581150114536285,0
0,0.09581150114536285,0
0,0.09581150114536285,0
0,0.09581150114536285,0
0,0.09581150114536285,0
0,0.09581150114536285,0
0,0.09581150114536285,0
0,0.09581150114536285,0
0,0.09581150114536285,0
0,0.09581150114536285,0
0,0.09581150114536285,0
0,0.09581150114536285,0
0,0.09581150114536285,0
0,0.09581150114536285,0
0,0.09581150114536285,0
0,0.09581150114536285,0
0,0.09581150114536285,0
0,0.09581150114536285,0
0,0.09581150114536285,0
0,0.09581150114536285,0
0,0.09581150114536285,0
0,0.09581150114536285,0
0,0.09581150114536285,0
0,0.09581150114536285,0
0,0.09581150114536285,0
0,0.09581150114536285,0
0,0.09581150114536285,0
0,0.09581150114536285,0
0,0.09581150114536285,0
0,0.09581150114536285,0
0,0.09581150114536285,0
0,0.09581150114536285,0
0,0.09581150114536285,0
0,0.09581150114536285,0
0,0.09581150114536285,0
0,0.09581150114536285,0
0,0.09581150114536285,0
0,0.09581150114536285,0
0,0.09581150114536285,0
0,0.09581150114536285,0
0,0.09581150114536285,0
0,0.09581150114536285,0
0,0.09581150114536285,0
0,0.09581150114536285,0
0,0.09581150114536285,0
0,0.09581150114536285,0
0,0.09581150114536285,0
0,0.09581150114536285,0
0,0.09581150114536285,0
0,0.09581150114536285,0
0,0.09581150114536285,0
0,0.09581150114536285,0
0,0.09581150114536285,0
0,0.09581150114536285,0
0,0.09581150114536285,0
0,0.09581150114536285,0
0,0.09581150114536285,0
0,0.09581150114536285,0
0,0.09581150114536285,0
0,0.09581150114536285,0
0,0.09581150114536285,0
0,0.09581150114536285,0
0,0.09581150114536285,0
0,0.09581150114536285,0
0,0.09581150114536285,0
0,0.09581150114536285,0
0,0.09581150114536285,0
0,0.09581150114536285,0
0,0.09581150114536285,0
0,0.09581150114536285,0
0,0.09581150114536285,0
0,0.09581150114536285,0
0,0.09581150114536285,0
0,0.09581150114536285,0
0,0.09581150114536285,0
0,0.09581150114536285,0
0,0.09581150114536285,0
0,0.09581150114536285,0
0,0.09581150114536285,0
0,0.09581150114536285,0
0,0.09581150114536285,0
0,0.09581150114536285,0
0,0.09581150114536285,0
0,0.09581150114536285,0
0,0.09581150114536285,0
0,0.09581150114536285,0
0,0.09581150114536285,0
0,0.09581150114536285,0
0,0.09581150114536285,0
0,0.09581150114536285,0
0,0.09581150114536285,0
0,0.09581150114536285,0
0,0.09581150114536285,0
0,0.09581150114536285,0
0,0.09581150114536285,0
0,0.09581150114536285,0
0,0.09581150114536285,0
0,0.09581150114536285,0
0,0.09581150114536285,0
0,0.09581150114536285,0
0,0.09581150114536285,0
0,0.09581150114536285,0
0,0.09581150114536285,0
0,0.09581150114536285,0
0,0.09581150114536285,0
0,0.09581150114536285,0
0,0.09581150114536285,0
0,0.09581150114536285,0
0,0.09581150114536285,0
0,0.09581150114536285,0
0,0.09581150114536285,0
0,0.09581150114536285,0
0,0.09581150114536285,0
0,0.09581150114536285,0
0,0.09581150114536285,0
0,0.09581150114536285,0
0,0.09581150114536285,0
0,0.09581150114536285,0
0,0.09581150114536285,0
0,0.09581150114536285,0
0,0.09581150114536285,0
0,0.09581150114536285,0
0,0.09581150114536285,0
0,0.09581150114536285,0
0,0.09581150114536285,0
0,0.09581150114536285,0
0,0.09581150114536285,0
0,0.09581150114536285,0
0,0.09581150114536285,0
0,0.09581150114536285,0
0,0.09581150114536285,0
0,0.09581150114536285,0
0,0.09581150114536285,0
0,0.09581150114536285,0
0,0.09581150114536285,0
0,0.09581150114536285,0
0,0.09581150114536285,0
0,0.09581150114536285,0
0,0.09581150114536285,0
0,0.09581150114536285,0
0,0.09581150114536285,0
0,0.09581150114536285,0
0,0.09581150114536285,0
0,0.09581150114536285,0
0,0.09581150114536285,0
0,0.09581150114536285,0
0,0.09581150114536285,0
0,0.09581150114536285,0
0,0.09581150114536285,0
0,0.09581150114536285,0
0,0.09581150114536285,0
0,0.09581150114536285,0
0,0.09581150114536285,0
0,0.09581150114536285,0
0,0.09581150114536285,0
0,0.09581150114536285,0
0,0.09581150114536285,0
0,0.09581150114536285,0
0,0.09581150114536285,0
0,0.09581150114536285,0
0,0.09581150114536285,0
0,0.09581150114536285,0
0,0.09581150114536285,0
0,0.09581150114536285,0
0,0.09581150114536285,0
0,0.09581150114536285,0
0,0.09581150114536285,0
0,0.09581150114536285,0
0,0.09581150114536285,0
0,0.09581150114536285,0
0,0.09581150114536285,0
0,0.09581150114536285,0
0,0.09581150114536285,0
0,0.09581150114536285,0
0,0.09581150114536285,0
0,0.09581150114536285,0
0,0.09581150114536285,0
0,0.09581150114536285,0
0,0.09581150114536285,0
0,0.09581150114536285,0
0,0.09581150114536285,0
0,0.09581150114536285,0
0,0.09581150114536285,0
0,0.09581150114536285,0
0,0.09581150114536285,0
0,0.09581150114536285,0
0,0.09581150114536285,0
0,0.09581150114536285,0
0,0.09581150114536285,0
0,0.09581150114536285,0
0,0.09581150114536285,0
0,0.09581150114536285,0
0,0.09581150114536285,0
0,0.09581150114536285,0
0,0.09581150114536285,0
0,0.09581150114536285,0
0,0.09581150114536285,0
0,0.09581150114536285,0
0,0.09581150114536285,0
0,0.09581150114536285,0
0,0.09581150114536285,0
0,0.09581150114536285,0
0,0.09581150114536285,0
0,0.09581150114536285,0
0,0.09581150114536285,0
0,0.09581150114536285,0
0,0.09581150114536285,0
0,0.09581150114536285,0
0,0.09581150114536285,0
0,0.09581150114536285,0
0,0.09581150114536285,0
0,0.09581150114536285,0
0,0.09581150114536285,0
0,0.09581150114536285,0
0,0.09581150114536285,0
0,0.09581150114536285,0
0,0.09581150114536285,0
0,0.09581150114536285,0
0,0.09581150114536285,0
0,0.09581150114536285,0
0,0.09581150114536285,0
0,0.09581150114536285,0
0,0.09581150114536285,0
0,0.09581150114536285,0
0,0.09581150114536285,0
0,0.09581150114536285,0
0,0.09581150114536285,0
0,0.09581150114536285,0
0,0.09581150114536285,0
0,0.09581150114536285,0
0,0.09581150114536285,0
0,0.09581150114536285,0
0,0.09581150114536285,0
0,0.09581150114536285,0
0,0.09581150114536285,0
0,0.09581150114536285,0
0,0.09581150114536285,0
0,0.09581150114536285,0
0,0.09581150114536285,0
0,0.09581150114536285,0
0,0.09581150114536285,0
0,0.09581150114536285,0
0,0.09581150114536285,0
0,0.09581150114536285,0
0,0.09581150114536285,0
0,0.09581150114536285,0
0,0.09581150114536285,0
0,0.09581150114536285,0
0,0.09581150114536285,0
0,0.09581150114536285,0
0,0.09581150114536285,0
0,0.09581150114536285,0
0,0.09581150114536285,0
0,0.09581150114536285,0
0,0.09581150114536285,0
0,0.09581150114536285,0
0,0.09581150114536285,0
0,0.09581150114536285,0
0,0.09581150114536285,0
0,0.09581150114536285,0
0,0.09581150114536285,0
0,0.09581150114536285,0
0,0.09581150114536285,0
0,0.09581150114536285,0
0,0.09581150114536285,0
0,0.09581150114536285,0
0,0.09581150114536285,0
0,0.09581150114536285,0
0,0.09581150114536285,0
0,0.09581150114536285,0
0,0.09581150114536285,0
0,0.09581150114536285,0
0,0.09581150114536285,0
0,0.09581150114536285,0
0,0.09581150114536285,0
0,0.09581150114536285,0
0,0.09581150114536285,0
0,0.09581150114536285,0
0,0.09581150114536285,0
0,0.09581150114536285,0
0,0.09581150114536285,0
0,0.09581150114536285,0
0,0.09581150114536285,0
0,0.09581150114536285,0
0,0.09581150114536285,0
0,0.09581150114536285,0
0,0.09581150114536285,0
0,0.09581150114536285,0
0,0.09581150114536285,0
0,0.09581150114536285,0
0,0.09581150114536285,0
0,0.09581150114536285,0
0,0.09581150114536285,0
0,0.09581150114536285,0
0,0.09581150114536285,0
0,0.09581150114536285,0
0,0.09581150114536285,0
0,0.09581150114536285,0
0,0.09581150114536285,0
0,0.09581150114536285,0
0,0.09581150114536285,0
0,0.09581150114536285,0
0,0.09581150114536285,0
0,0.09581150114536285,0
0,0.09581150114536285,0
0,0.09581150114536285,0
0,0.09581150114536285,0
0,0.09581150114536285,0
0,0.09581150114536285,0
0,0.09581150114536285,0
0,0.09581150114536285,0
0,0.09581150114536285,0
0,0.09581150114536285,0
0,0.09581150114536285,0
0,0.09581150114536285,0
0,0.09581150114536285,0
0,0.09581150114536285,0
0,0.09581150114536285,0
0,0.09581150114536285,0
0,0.09581150114536285,0
0,0.09581150114536285,0
0,0.09581150114536285,0
0,0.09581150114536285,0
0,0.09581150114536285,0
0,0.09581150114536285,0
0,0.09581150114536285,0
0,0.09581150114536285,0
0,0.09581150114536285,0
0,0.09581150114536285,0
0,0.09581150114536285,0
0,0.09581150114536285,0
0,0.09581150114536285,0
0,0.09581150114536285,0
0,0.09581150114536285,0
0,0.09581150114536285,0
0,0.09581150114536285,0
0,0.09581150114536285,0
0,0.09581150114536285,0
0,0.09581150114536285,0
0,0.09581150114536285,0
0,0.09581150114536285,0
0,0.09581150114536285,0
0,0.09581150114536285,0
0,0.09581150114536285,0
0,0.09581150114536285,0
0,0.09581150114536285,0
0,0.09581150114536285,0
0,0.09581150114536285,0
0,0.09581150114536285,0
0,0.09581150114536285,0
0,0.09581150114536285,0
0,0.09581150114536285,0
0,0.09581150114536285,0
0,0.09581150114536285,0
0,0.09581150114536285,0
0,0.09581150114536285,0
0,0.09581150114536285,0
0,0.09581150114536285,0
0,0.09581150114536285,0
0,0.09581150114536285,0
0,0.09581150114536285,0
0,0.09581150114536285,0
0,0.09581150114536285,0
0,0.09581150114536285,0
0,0.09581150114536285,0
0,0.09581150114536285,0
0,0.09581150114536285,0
0,0.09581150114536285,0
0,0.09581150114536285,0
0,0.09581150114536285,0
0,0.09581150114536285,0
0,0.09581150114536285,0
0,0.09581150114536285,0
0,0.09581150114536285,0
0,0.09581150114536285,0
0,0.09581150114536285,0
0,0.09581150114536285,0
0,0.09581150114536285,0
0,0.09581150114536285,0
0,0.09581150114536285,0
0,0.09581150114536285,0
0,0.09581150114536285,0
0,0.09581150114536285,0
0,0.09581150114536285,0
0,0.09581150114536285,0
0,0.09581150114536285,0
0,0.09581150114536285,0
0,0.09581150114536285,0
0,0.09581150114536285,0
0,0.09581150114536285,0
0,0.09581150114536285,0
0,0.09581150114536285,0
0,0.09581150114536285,0
0,0.09581150114536285,0
0,0.09581150114536285,0
0,0.09581150114536285,0
0,0.09581150114536285,0
0,0.09581150114536285,0
0,0.09581150114536285,0
0,0.09581150114536285,0
0,0.09581150114536285,0
0,0.09581150114536285,0
0,0.09581150114536285,0
0,0.09581150114536285,0
0,0.09581150114536285,0
0,0.09581150114536285,0
0,0.09581150114536285,0
0,0.09581150114536285,0
0,0.09581150114536285,0
0,0.09581150114536285,0
0,0.09581150114536285,0
0,0.09581150114536285,0
0,0.09581150114536285,0
0,0.09581150114536285,0
0,0.09581150114536285,0
0,0.09581150114536285,0
0,0.09581150114536285,0
0,0.09581150114536285,0
0,0.09581150114536285,0
0,0.09581150114536285,0
0,0.09581150114536285,0
0,0.09581150114536285,0
0,0.09581150114536285,0
0,0.09581150114536285,0
0,0.09581150114536285,0
0,0.09581150114536285,0
0,0.09581150114536285,0
0,0.09581150114536285,0
0,0.09581150114536285,0
0,0.09581150114536285,0
0,0.09581150114536285,0
0,0.09581150114536285,0
0,0.09581150114536285,0
0,0.09581150114536285,0
0,0.09581150114536285,0
0,0.09581150114536285,0
0,0.09581150114536285,0
0,0.09581150114536285,0
0,0.09581150114536285,0
0,0.09581150114536285,0
0,0.09581150114536285,0
0,0.09581150114536285,0
0,0.09581150114536285,0
0,0.09581150114536285,0
0,0.09581150114536285,0
0,0.09581150114536285,0
0,0.09581150114536285,0
0,0.09581150114536285,0
0,0.09581150114536285,0
0,0.09581150114536285,0
0,0.09581150114536285,0
0,0.09581150114536285,0
0,0.09581150114536285,0
0,0.09581150114536285,0
0,0.09581150114536285,0
0,0.09581150114536285,0
0,0.09581150114536285,0
0,0.09581150114536285,0
0,0.09581150114536285,0
0,0.09581150114536285,0
0,0.09581150114536285,0
0,0.09581150114536285,0
0,0.09581150114536285,0
0,0.09581150114536285,0
0,0.09581150114536285,0
0,0.09581150114536285,0
0,0.09581150114536285,0
0,0.09581150114536285,0
0,0.09581150114536285,0
0,0.09581150114536285,0
0,0.09581150114536285,0
0,0.09581150114536285,0
0,0.09581150114536285,0
0,0.09581150114536285,0
0,0.09581150114536285,0
0,0.09581150114536285,0
0,0.09581150114536285,0
0,0.09581150114536285,0
0,0.09581150114536285,0
0,0.09581150114536285,0
0,0.09581150114536285,0
0,0.09581150114536285,0
0,0.09581150114536285,0
0,0.09581150114536285,0
0,0.09581150114536285,0
0,0.09581150114536285,0
0,0.09581150114536285,0
0,0.09581150114536285,0
0,0.09581150114536285,0
0,0.09581150114536285,0
0,0.09581150114536285,0
0,0.09581150114536285,0
0,0.09581150114536285,0
0,0.09581150114536285,0
0,0.09581150114536285,0
0,0.09581150114536285,0
0,0.09581150114536285,0
0,0.09581150114536285,0
0,0.09581150114536285,0
0,0.09581150114536285,0
0,0.09581150114536285,0
0,0.09581150114536285,0
0,0.09581150114536285,0
0,0.09581150114536285,0
0,0.09581150114536285,0
0,0.09581150114536285,0
0,0.09581150114536285,0
0,0.09581150114536285,0
0,0.09581150114536285,0
0,0.09581150114536285,0
0,0.09581150114536285,0
0,0.09581150114536285,0
0,0.09581150114536285,0
0,0.09581150114536285,0
0,0.09581150114536285,0
0,0.09581150114536285,0
0,0.09581150114536285,0
0,0.09581150114536285,0
0,0.09581150114536285,0
0,0.09581150114536285,0
0,0.09581150114536285,0
0,0.09581150114536285,0
0,0.09581150114536285,0
0,0.09581150114536285,0
0,0.09581150114536285,0
0,0.09581150114536285,0
0,0.09581150114536285,0
0,0.09581150114536285,0
0,0.09581150114536285,0
0,0.09581150114536285,0
0,0.09581150114536285,0
0,0.09581150114536285,0
0,0.09581150114536285,0
0,0.09581150114536285,0
0,0.09581150114536285,0
0,0.09581150114536285,0
0,0.09581150114536285,0
0,0.09581150114536285,0
0,0.09581150114536285,0
0,0.09581150114536285,0
0,0.09581150114536285,0
0,0.09581150114536285,0
0,0.09581150114536285,0
0,0.09581150114536285,0
0,0.09581150114536285,0
0,0.09581150114536285,0
0,0.09581150114536285,0
0,0.09581150114536285,0
0,0.09581150114536285,0
0,0.09581150114536285,0
0,0.09581150114536285,0
0,0.09581150114536285,0
0,0.09581150114536285,0
0,0.09581150114536285,0
0,0.09581150114536285,0
0,0.09581150114536285,0
0,0.09581150114536285,0
0,0.09581150114536285,0
0,0.09581150114536285,0
0,0.09581150114536285,0
0,0.09581150114536285,0
0,0.09581150114536285,0
0,0.09581150114536285,0
0,0.09581150114536285,0
0,0.09581150114536285,0
0,0.09581150114536285,0
0,0.09581150114536285,0
0,0.09581150114536285,0
0,0.09581150114536285,0
0,0.09581150114536285,0
0,0.09581150114536285,0
0,0.09581150114536285,0
0,0.09581150114536285,0
0,0.09581150114536285,0
0,0.09581150114536285,0
0,0.09581150114536285,0
0,0.09581150114536285,0
0,0.09581150114536285,0
0,0.09581150114536285,0
0,0.09581150114536285,0
0,0.09581150114536285,0
0,0.09581150114536285,0
0,0.09581150114536285,0
0,0.09581150114536285,0
0,0.09581150114536285,0
0,0.09581150114536285,0
0,0.09581150114536285,0
1,0.9951452612876892,1
1,0.9975383281707764,1
1,0.9980528354644775,1
0,0.9982194304466248,1
0,0.9637929201126099,0
0,0.9393293857574463,0
0,0.8813084959983826,0
0,0.8437442183494568,0
0,0.8017504811286926,0
0,0.7653970718383789,0
0,0.7412471771240234,0
0,0.7191314101219177,0
0,0.6870467066764832,0
0,0.6562547087669373,0
0,0.6610658168792725,0
0,0.7032487392425537,0
0,0.7341420650482178,0
0,0.744835615158081,0
0,0.7431511282920837,0
0,0.7363757491111755,0
0,0.7327325940132141,0
0,0.7375019192695618,0
0,0.7491926550865173,0
0,0.7439706325531006,0
0,0.7247675657272339,0
0,0.7009644508361816,0
0,0.6718314290046692,0
0,0.6369685530662537,0
0,0.5668166279792786,0
0,0.5609846711158752,0
0,0.5560351610183716,0
0,0.5501806735992432,0
0,0.5379312634468079,0
0,0.5066333413124084,0
1,0.09581150114536285,0
0,0.8923224210739136,0
0,0.8895574808120728,0
0,0.883767306804657,0
0,0.8632813096046448,0
0,0.8468464016914368,0
0,0.8307079672813416,0
0,0.8125883340835571,0
0,0.7851958274841309,0
0,0.7540867328643799,0
0,0.7434166669845581,0
0,0.7469439506530762,0
0,0.7541808485984802,0
0,0.7545438408851624,0
0,0.7282616496086121,0
0,0.6804725527763367,0
0,0.6562877893447876,0
0,0.6852715611457825,0
0,0.7351422905921936,0
0,0.7442667484283447,0
0,0.7101284265518188,0
0,0.6404545903205872,0
0,0.5794359445571899,0
0,0.5981054902076721,0
0,0.6770144104957581,0
0,0.7196396589279175,0
0,0.7175034880638123,0
0,0.6955389380455017,0
0,0.670813798904419,0
0,0.6545332670211792,0
0,0.6471360921859741,0
0,0.5066333413124084,0
0,0.09581150114536285,0
0,0.09581150114536285,0
0,0.09581150114536285,0
0,0.09581150114536285,0
0,0.09581150114536285,0
0,0.09581150114536285,0
0,0.09581150114536285,0
0,0.09581150114536285,0
0,0.09581150114536285,0
0,0.09581150114536285,0
0,0.09581150114536285,0
0,0.09581150114536285,0
0,0.09581150114536285,0
0,0.09581150114536285,0
0,0.09581150114536285,0
0,0.09581150114536285,0
0,0.09581150114536285,0
0,0.09581150114536285,0
0,0.09581150114536285,0
0,0.09581150114536285,0
0,0.09581150114536285,0
0,0.09581150114536285,0
0,0.09581150114536285,0
0,0.09581150114536285,0
0,0.09581150114536285,0
0,0.09581150114536285,0
0,0.09581150114536285,0
0,0.09581150114536285,0
0,0.09581150114536285,0
0,0.09581150114536285,0
0,0.09581150114536285,0
0,0.09581150114536285,0
0,0.09581150114536285,0
0,0.09581150114536285,0
0,0.09581150114536285,0
0,0.09581150114536285,0
0,0.09581150114536285,0
0,0.09581150114536285,0
0,0.09581150114536285,0
0,0.09581150114536285,0
0,0.09581150114536285,0
0,0.09581150114536285,0
0,0.09581150114536285,0
0,0.09581150114536285,0
0,0.09581150114536285,0
0,0.09581150114536285,0
0,0.09581150114536285,0
0,0.09581150114536285,0
0,0.09581150114536285,0
0,0.09581150114536285,0
0,0.09581150114536285,0
0,0.09581150114536285,0
0,0.09581150114536285,0
0,0.09581150114536285,0
0,0.09581150114536285,0
0,0.09581150114536285,0
0,0.09581150114536285,0
0,0.09581150114536285,0
0,0.09581150114536285,0
0,0.09581150114536285,0
0,0.09581150114536285,0
0,0.09581150114536285,0
0,0.09581150114536285,0
0,0.09581150114536285,0
0,0.09581150114536285,0
0,0.09581150114536285,0
0,0.09581150114536285,0
0,0.09581150114536285,0
0,0.09581150114536285,0
0,0.09581150114536285,0
0,0.09581150114536285,0
0,0.09581150114536285,0
0,0.09581150114536285,0
0,0.09581150114536285,0
0,0.09581150114536285,0
0,0.09581150114536285,0
0,0.09581150114536285,0
0,0.09581150114536285,0
0,0.09581150114536285,0
0,0.09581150114536285,0
0,0.09581150114536285,0
0,0.09581150114536285,0
0,0.09581150114536285,0
0,0.09581150114536285,0
0,0.09581150114536285,0
0,0.09581150114536285,0
0,0.09581150114536285,0
0,0.09581150114536285,0
0,0.09581150114536285,0
0,0.09581150114536285,0
0,0.09581150114536285,0
0,0.09581150114536285,0
0,0.09581150114536285,0
0,0.09581150114536285,0
0,0.09581150114536285,0
0,0.09581150114536285,0
0,0.09581150114536285,0
0,0.09581150114536285,0
0,0.09581150114536285,0
0,0.09581150114536285,0
0,0.09581150114536285,0
0,0.09581150114536285,0
0,0.09581150114536285,0
0,0.09581150114536285,0
0,0.09581150114536285,0
0,0.09581150114536285,0
0,0.09581150114536285,0
0,0.09581150114536285,0
0,0.09581150114536285,0
0,0.09581150114536285,0
0,0.09581150114536285,0
0,0.09581150114536285,0
0,0.09581150114536285,0
0,0.09581150114536285,0
0,0.09581150114536285,0
0,0.09581150114536285,0
1,0.09581150114536285,0
0,0.8923224210739136,0
0,0.8895574808120728,0
0,0.883767306804657,0
0,0.8632813096046448,0
0,0.8468464016914368,0
0,0.8307079672813416,0
0,0.8125883340835571,0
0,0.7851958274841309,0
0,0.7540867328643799,0
0,0.7434166669845581,0
0,0.7469439506530762,0
0,0.7541808485984802,0
0,0.7545438408851624,0
1,0.7282616496086121,0
0,0.9216642379760742,0
0,0.8802832365036011,0
0,0.8856850266456604,0
0,0.8724358081817627,0
0,0.872352123260498,0
0,0.8671944737434387,0
0,0.8491445183753967,0
0,0.8291134834289551,0
0,0.8363404870033264,0
0,0.8596916198730469,0
0,0.8730645179748535,0
0,0.8730579614639282,0
0,0.8597605228424072,0
0,0.83087158203125,0
0,0.7923552393913269,0
0,0.7835221886634827,0
0,0.8587902188301086,0
0,0.7351422905921936,0
0,0.7442667484283447,0
0,0.7101284265518188,0
0,0.6404545903205872,0
0,0.5794359445571899,0
0,0.5981054902076721,0
0,0.6770144104957581,0
0,0.7196396589279175,0
0,0.7175034880638123,0
0,0.6955389380455017,0
0,0.670813798904419,0
0,0.6545332670211792,0
0,0.6471360921859741,0
0,0.5066333413124084,0
0,0.09581150114536285,0
0,0.09581150114536285,0
0,0.09581150114536285,0
1,0.09581150114536285,0
0,0.8923224210739136,0
0,0.8895574808120728,0
0,0.883767306804657,0
0,0.8632813096046448,0
0,0.8468464016914368,0
0,0.8307079672813416,0
0,0.8125883340835571,0
0,0.7851958274841309,0
0,0.7540867328643799,0
0,0.7434166669845581,0
0,0.7469439506530762,0
0,0.7541808485984802,0
0,0.7545438408851624,0
0,0.7282616496086121,0
0,0.6804725527763367,0
0,0.6562877893447876,0
0,0.6852715611457825,0
0,0.7351422905921936,0
0,0.7442667484283447,0
0,0.7101284265518188,0
0,0.6404545903205872,0
0,0.5794359445571899,0
0,0.5981054902076721,0
0,0.6770144104957581,0
0,0.7196396589279175,0
0,0.7175034880638123,0
0,0.6955389380455017,0
0,0.670813798904419,0
0,0.6545332670211792,0
0,0.6471360921859741,0
0,0.5066333413124084,0
0,0.09581150114536285,0
0,0.09581150114536285,0
0,0.09581150114536285,0
0,0.09581150114536285,0
0,0.09581150114536285,0
0,0.09581150114536285,0
0,0.09581150114536285,0
0,0.09581150114536285,0
0,0.09581150114536285,0
0,0.09581150114536285,0
0,0.09581150114536285,0
0,0.09581150114536285,0
0,0.09581150114536285,0
0,0.09581150114536285,0
0,0.09581150114536285,0
0,0.09581150114536285,0
0,0.09581150114536285,0
0,0.09581150114536285,0
0,0.09581150114536285,0
1,0.09581150114536285,0
0,0.8923224210739136,0
0,0.8895574808120728,0
0,0.883767306804657,0
0,0.8632813096046448,0
0,0.8468464016914368,0
0,0.8307079672813416,0
0,0.8125883340835571,0
0,0.7851958274841309,0
0,0.7540867328643799,0
0,0.7434166669845581,0
0,0.7469439506530762,0
0,0.7541808485984802,0
0,0.7545438408851624,0
0,0.7282616496086121,0
0,0.6804725527763367,0
0,0.6562877893447876,0
0,0.6852715611457825,0
0,0.7351422905921936,0
0,0.7442667484283447,0
0,0.7101284265518188,0
0,0.6404545903205872,0
0,0.5794359445571899,0
0,0.5981054902076721,0
0,0.6770144104957581,0
0,0.7196396589279175,0
0,0.7175034880638123,0
0,0.6955389380455017,0
0,0.670813798904419,0
0,0.6545332670211792,0
0,0.6471360921859741,0
0,0.5066333413124084,0
0,0.09581150114536285,0
0,0.09581150114536285,0
0,0.09581150114536285,0
0,0.09581150114536285,0
0,0.09581150114536285,0
0,0.09581150114536285,0
0,0.09581150114536285,0
0,0.09581150114536285,0
0,0.09581150114536285,0
0,0.09581150114536285,0
0,0.09581150114536285,0
0,0.09581150114536285,0
0,0.09581150114536285,0
0,0.09581150114536285,0
0,0.09581150114536285,0
0,0.09581150114536285,0
0,0.09581150114536285,0
0,0.09581150114536285,0
0,0.09581150114536285,0
0,0.09581150114536285,0
0,0.09581150114536285,0
0,0.09581150114536285,0
0,0.09581150114536285,0
0,0.09581150114536285,0
0,0.09581150114536285,0
0,0.09581150114536285,0
0,0.09581150114536285,0
0,0.09581150114536285,0
0,0.09581150114536285,0
0,0.09581150114536285,0
0,0.09581150114536285,0
0,0.09581150114536285,0
0,0.09581150114536285,0
0,0.09581150114536285,0
1,0.09581150114536285,0
0,0.8923224210739136,0
0,0.8895574808120728,0
0,0.883767306804657,0
0,0.8632813096046448,0
0,0.8468464016914368,0
0,0.8307079672813416,0
0,0.8125883340835571,0
0,0.7851958274841309,0
0,0.7540867328643799,0
0,0.9978781938552856,1
0,0.9856143593788147,1
0,0.9833682179450989,1
0,0.9756588935852051,0
0,0.9677149653434753,0
0,0.9614889025688171,0
0,0.9550923109054565,0
0,0.9114606380462646,0
0,0.9070466756820679,0
0,0.9101030230522156,0
0,0.8524378538131714,0
0,0.8820803761482239,0
0,0.9119961261749268,0
0,0.8553537130355835,0
0,0.8602743148803711,0
0,0.8593500852584839,0
0,0.8582728505134583,0
0,0.8552994132041931,0
0,0.8556966185569763,0
0,0.8603343367576599,0
0,0.8912095427513123,0
0,0.703151524066925,0
0,0.670001745223999,0
0,0.6321443915367126,0
0,0.5717309713363647,0
0,0.5668166279792786,0
0,0.5609846711158752,0
0,0.5560351610183716,0
0,0.5501806735992432,0
0,0.5379312634468079,0
0,0.5066333413124084,0
0,0.09581150114536285,0
0,0.09581150114536285,0
0,0.09581150114536285,0
1,0.09581150114536285,0
0,0.8923224210739136,0
1,0.8895574808120728,0
0,0.9679621458053589,0
0,0.9591277241706848,0
0,0.9501752853393555,0
0,0.9300230741500854,0
0,0.923794686794281,0
0,0.919137716293335,0
0,0.9102983474731445,0
0,0.8973365426063538,0
0,0.8864048719406128,0
0,0.8842114806175232,0
0,0.8865744471549988,0
1,0.8728995323181152,0
0,0.9523086547851562,0
0,0.9307777285575867,0
0,0.9205150008201599,0
0,0.8985914587974548,0
0,0.8975675702095032,0
0,0.9057418704032898,0
0,0.9067730903625488,0
0,0.9041452407836914,0
0,0.8984065651893616,0
0,0.8966435790061951,0
0,0.9035574197769165,0
0,0.9084722995758057,0
0,0.8962761759757996,0
0,0.8699278235435486,0
0,0.8485509753227234,0
0,0.8577384948730469,0
0,0.9027876257896423,0
0,0.8705987334251404,0
0,0.8981260061264038,0
0,0.7101284265518188,0
0,0.6404545903205872,0
0,0.5794359445571899,0
0,0.5981054902076721,0
0,0.6770144104957581,0
0,0.7196396589279175,0
0,0.7175034880638123,0
0,0.6955389380455017,0
0,0.670813798904419,0
0,0.6545332670211792,0
0,0.6471360921859741,0
1,0.5066333413124084,0
0,0.8923224210739136,0
0,0.8895574808120728,0
0,0.883767306804657,0
0,0.8632813096046448,0
1,0.8468464016914368,0
0,0.9520770311355591,0
0,0.9310202598571777,0
0,0.9284628629684448,0
0,0.9144560694694519,0
0,0.9207166433334351,0
0,0.9287199378013611,0
0,0.9241386651992798,0
0,0.9109834432601929,0
0,0.8857757449150085,0
0,0.8499132990837097,0
0,0.832208514213562,0
0,0.8419673442840576,0
0,0.8479433655738831,0
0,0.8409557342529297,0
0,0.8109745383262634,0
0,0.7899892330169678,0
0,0.8154689073562622,0
0,0.844337522983551,0
0,0.8574245572090149,0
0,0.8331239223480225,0
0,0.7820022106170654,0
0,0.7459695339202881,0
0,0.7532836198806763,0
0,0.797614574432373,0
0,0.8283282518386841,0
0,0.8516644835472107,0
0,0.6955389380455017,0
0,0.670813798904419,0
0,0.6545332670211792,0
0,0.6471360921859741,0
0,0.5066333413124084,0
0,0.09581150114536285,0
0,0.09581150114536285,0
0,0.09581150114536285,0
0,0.09581150114536285,0
0,0.09581150114536285,0
0,0.09581150114536285,0
0,0.09581150114536285,0
0,0.09581150114536285,0
0,0.09581150114536285,0
0,0.09581150114536285,0
0,0.09581150114536285,0
0,0.09581150114536285,0
0,0.09581150114536285,0
0,0.09581150114536285,0
0,0.09581150114536285,0
0,0.09581150114536285,0
1,0.09581150114536285,0
0,0.8923224210739136,0
0,0.8895574808120728,0
0,0.883767306804657,0
0,0.8632813096046448,0
0,0.8468464016914368,0
0,0.8307079672813416,0
0,0.8125883340835571,0
0,0.7851958274841309,0
0,0.7540867328643799,0
0,0.7434166669845581,0
0,0.7469439506530762,0
0,0.7541808485984802,0
0,0.7545438408851624,0
0,0.7282616496086121,0
0,0.6804725527763367,0
0,0.6562877893447876,0
0,0.6852715611457825,0
0,0.7351422905921936,0
0,0.7442667484283447,0
0,0.7101284265518188,0
0,0.6404545903205872,0
0,0.5794359445571899,0
0,0.5981054902076721,0
0,0.6770144104957581,0
0,0.7196396589279175,0
0,0.7175034880638123,0
0,0.6955389380455017,0
0,0.670813798904419,0
0,0.6545332670211792,0
0,0.6471360921859741,0
0,0.5066333413124084,0
0,0.09581150114536285,0
0,0.09581150114536285,0
0,0.09581150114536285,0
0,0.09581150114536285,0
0,0.09581150114536285,0
0,0.09581150114536285,0
0,0.09581150114536285,0
0,0.09581150114536285,0
0,0.09581150114536285,0
0,0.09581150114536285,0
0,0.09581150114536285,0
0,0.09581150114536285,0
0,0.09581150114536285,0
0,0.09581150114536285,0
0,0.09581150114536285,0
0,0.7442667484283447,0
0,0.7101284265518188,0
1,0.6404545903205872,0
0,0.8185913562774658,0
0,0.8816912174224854,0
0,0.9049597978591919,0
0,0.8916125893592834,0
0,0.8828338980674744,0
0,0.8757734298706055,0
0,0.8664048314094543,0
1,0.8599828481674194,0
0,0.9168019890785217,0
0,0.9485737085342407,0
0,0.9284868836402893,0
0,0.9234175086021423,0
0,0.9207774996757507,0
0,0.9107741713523865,0
0,0.8826040625572205,0
0,0.8388118743896484,0
0,0.8126319646835327,0
0,0.8337299227714539,0
0,0.8660703897476196,0
0,0.8901848793029785,0
0,0.8811993598937988,0
0,0.8403883576393127,0
0,0.7832936644554138,0
0,0.7563088536262512,0
0,0.7858086824417114,0
0,0.83440762758255,0
0,0.862261176109314,0
0,0.8468497395515442,0
0,0.7908004522323608,0
0,0.7442753314971924,0
0,0.7932780385017395,0
0,0.6770144104957581,0
0,0.7196396589279175,0
0,0.7175034880638123,0
0,0.6955389380455017,0
0,0.670813798904419,0
0,0.6545332670211792,0
0,0.6471360921859741,0
0,0.5066333413124084,0
0,0.09581150114536285,0
0,0.09581150114536285,0
0,0.09581150114536285,0
0,0.09581150114536285,0
0,0.09581150114536285,0
0,0.09581150114536285,0
0,0.09581150114536285,0
0,0.09581150114536285,0
0,0.09581150114536285,0
0,0.09581150114536285,0
0,0.09581150114536285,0
0,0.09581150114536285,0
0,0.09581150114536285,0
0,0.09581150114536285,0
0,0.09581150114536285,0
0,0.09581150114536285,0
0,0.09581150114536285,0
0,0.09581150114536285,0
0,0.09581150114536285,0
0,0.09581150114536285,0
0,0.09581150114536285,0
0,0.09581150114536285,0
0,0.09581150114536285,0
0,0.09581150114536285,0
0,0.09581150114536285,0
0,0.09581150114536285,0
0,0.09581150114536285,0
0,0.09581150114536285,0
0,0.09581150114536285,0
0,0.09581150114536285,0
0,0.09581150114536285,0
0,0.09581150114536285,0
1,0.09581150114536285,0
0,0.8923224210739136,0
0,0.8895574808120728,0
0,0.883767306804657,0
0,0.8632813096046448,0
0,0.8468464016914368,0
0,0.8307079672813416,0
0,0.8125883340835571,0
0,0.7851958274841309,0
0,0.7540867328643799,0
0,0.7434166669845581,0
0,0.7469439506530762,0
0,0.7541808485984802,0
0,0.7545438408851624,0
0,0.7282616496086121,0
0,0.6804725527763367,0
0,0.6562877893447876,0
0,0.6852715611457825,0
0,0.7351422905921936,0
0,0.7442667484283447,0
0,0.7101284265518188,0
0,0.6404545903205872,0
0,0.5794359445571899,0
0,0.5981054902076721,0
0,0.6770144104957581,0
0,0.7196396589279175,0
0,0.7175034880638123,0
0,0.6955389380455017,0
0,0.670813798904419,0
0,0.6545332670211792,0
0,0.6471360921859741,0
0,0.5066333413124084,0
0,0.09581150114536285,0
0,0.09581150114536285,0
0,0.09581150114536285,0
0,0.09581150114536285,0
0,0.09581150114536285,0
0,0.09581150114536285,0
0,0.09581150114536285,0
0,0.09581150114536285,0
0,0.09581150114536285,0
0,0.09581150114536285,0
0,0.09581150114536285,0
0,0.09581150114536285,0
0,0.09581150114536285,0
0,0.09581150114536285,0
0,0.09581150114536285,0
0,0.09581150114536285,0
0,0.09581150114536285,0
0,0.09581150114536285,0
0,0.09581150114536285,0
0,0.09581150114536285,0
0,0.09581150114536285,0
0,0.09581150114536285,0
0,0.09581150114536285,0
0,0.09581150114536285,0
0,0.09581150114536285,0
0,0.09581150114536285,0
0,0.09581150114536285,0
0,0.09581150114536285,0
0,0.09581150114536285,0
0,0.09581150114536285,0
0,0.09581150114536285,0
0,0.09581150114536285,0
0,0.09581150114536285,0
0,0.09581150114536285,0
0,0.09581150114536285,0
0,0.09581150114536285,0
0,0.09581150114536285,0
0,0.09581150114536285,0
0,0.09581150114536285,0
0,0.09581150114536285,0
0,0.09581150114536285,0
0,0.09581150114536285,0
0,0.09581150114536285,0
0,0.09581150114536285,0
0,0.09581150114536285,0
0,0.09581150114536285,0
0,0.09581150114536285,0
0,0.09581150114536285,0
0,0.09581150114536285,0
0,0.09581150114536285,0
0,0.09581150114536285,0
0,0.09581150114536285,0
0,0.09581150114536285,0
0,0.09581150114536285,0
0,0.09581150114536285,0
0,0.09581150114536285,0
0,0.09581150114536285,0
0,0.09581150114536285,0
0,0.09581150114536285,0
0,0.09581150114536285,0
0,0.09581150114536285,0
0,0.09581150114536285,0
0,0.09581150114536285,0
0,0.09581150114536285,0
0,0.09581150114536285,0
0,0.09581150114536285,0
0,0.09581150114536285,0
1,0.09581150114536285,0
0,0.8923224210739136,0
0,0.8895574808120728,0
0,0.883767306804657,0
0,0.8632813096046448,0
0,0.8468464016914368,0
0,0.09581150114536285,0
0,0.09581150114536285,0
0,0.09581150114536285,0
0,0.09581150114536285,0
0,0.09581150114536285,0
0,0.09581150114536285,0
0,0.09581150114536285,0
0,0.09581150114536285,0
0,0.09581150114536285,0
0,0.09581150114536285,0
0,0.09581150114536285,0
0,0.09581150114536285,0
0,0.09581150114536285,0
0,0.09581150114536285,0
0,0.09581150114536285,0
0,0.09581150114536285,0
0,0.09581150114536285,0
0,0.09581150114536285,0
0,0.09581150114536285,0
0,0.09581150114536285,0
0,0.09581150114536285,0
0,0.09581150114536285,0
0,0.09581150114536285,0
0,0.09581150114536285,0
0,0.09581150114536285,0
0,0.09581150114536285,0
0,0.09581150114536285,0
0,0.09581150114536285,0
0,0.09581150114536285,0
0,0.09581150114536285,0
0,0.09581150114536285,0
0,0.09581150114536285,0
0,0.09581150114536285,0
0,0.09581150114536285,0
0,0.09581150114536285,0
0,0.09581150114536285,0
0,0.09581150114536285,0
0,0.09581150114536285,0
0,0.09581150114536285,0
0,0.09581150114536285,0
0,0.09581150114536285,0
0,0.09581150114536285,0
0,0.09581150114536285,0
0,0.09581150114536285,0
0,0.09581150114536285,0
0,0.09581150114536285,0
0,0.09581150114536285,0
0,0.09581150114536285,0
0,0.09581150114536285,0
0,0.09581150114536285,0
0,0.09581150114536285,0
0,0.09581150114536285,0
0,0.09581150114536285,0
0,0.09581150114536285,0
0,0.09581150114536285,0
0,0.09581150114536285,0
0,0.09581150114536285,0
0,0.09581150114536285,0
0,0.09581150114536285,0
0,0.09581150114536285,0
0,0.09581150114536285,0
0,0.09581150114536285,0
0,0.09581150114536285,0
0,0.09581150114536285,0
0,0.09581150114536285,0
0,0.09581150114536285,0
0,0.09581150114536285,0
0,0.09581150114536285,0
0,0.09581150114536285,0
0,0.09581150114536285,0
0,0.09581150114536285,0
0,0.09581150114536285,0
0,0.09581150114536285,0
0,0.09581150114536285,0
0,0.09581150114536285,0
0,0.09581150114536285,0
0,0.09581150114536285,0
0,0.09581150114536285,0
0,0.09581150114536285,0
0,0.09581150114536285,0
0,0.09581150114536285,0
0,0.09581150114536285,0
0,0.09581150114536285,0
0,0.09581150114536285,0
0,0.09581150114536285,0
0,0.09581150114536285,0
0,0.09581150114536285,0
0,0.09581150114536285,0
0,0.09581150114536285,0
0,0.09581150114536285,0
0,0.09581150114536285,0
0,0.09581150114536285,0
0,0.09581150114536285,0
0,0.09581150114536285,0
0,0.09581150114536285,0
0,0.09581150114536285,0
0,0.09581150114536285,0
0,0.09581150114536285,0
0,0.09581150114536285,0
0,0.09581150114536285,0
0,0.09581150114536285,0
0,0.09581150114536285,0
0,0.09581150114536285,0
0,0.09581150114536285,0
0,0.09581150114536285,0
0,0.09581150114536285,0
0,0.09581150114536285,0
0,0.09581150114536285,0
0,0.09581150114536285,0
0,0.09581150114536285,0
0,0.09581150114536285,0
0,0.09581150114536285,0
0,0.09581150114536285,0
0,0.09581150114536285,0
0,0.09581150114536285,0
0,0.09581150114536285,0
0,0.09581150114536285,0
0,0.09581150114536285,0
0,0.09581150114536285,0
0,0.09581150114536285,0
0,0.09581150114536285,0
0,0.09581150114536285,0
0,0.09581150114536285,0
0,0.09581150114536285,0
0,0.09581150114536285,0
0,0.09581150114536285,0
0,0.09581150114536285,0
0,0.09581150114536285,0
0,0.09581150114536285,0
0,0.09581150114536285,0
0,0.09581150114536285,0
0,0.09581150114536285,0
0,0.09581150114536285,0
0,0.09581150114536285,0
0,0.09581150114536285,0
0,0.09581150114536285,0
0,0.09581150114536285,0
0,0.09581150114536285,0
0,0.09581150114536285,0
0,0.09581150114536285,0
0,0.09581150114536285,0
0,0.09581150114536285,0
0,0.09581150114536285,0
0,0.09581150114536285,0
0,0.09581150114536285,0
0,0.09581150114536285,0
0,0.09581150114536285,0
0,0.09581150114536285,0
0,0.09581150114536285,0
0,0.09581150114536285,0
0,0.09581150114536285,0
0,0.09581150114536285,0
0,0.09581150114536285,0
0,0.09581150114536285,0
0,0.09581150114536285,0
0,0.09581150114536285,0
0,0.09581150114536285,0
0,0.09581150114536285,0
0,0.09581150114536285,0
0,0.09581150114536285,0
0,0.09581150114536285,0
0,0.09581150114536285,0
0,0.09581150114536285,0
0,0.09581150114536285,0
0,0.09581150114536285,0
0,0.09581150114536285,0
0,0.09581150114536285,0
0,0.09581150114536285,0
0,0.09581150114536285,0
0,0.09581150114536285,0
0,0.09581150114536285,0
0,0.09581150114536285,0
0,0.09581150114536285,0
0,0.09581150114536285,0
0,0.09581150114536285,0
0,0.09581150114536285,0
0,0.09581150114536285,0
0,0.09581150114536285,0
0,0.09581150114536285,0
0,0.09581150114536285,0
0,0.09581150114536285,0
0,0.09581150114536285,0
0,0.09581150114536285,0
0,0.09581150114536285,0
0,0.09581150114536285,0
0,0.09581150114536285,0
0,0.09581150114536285,0
0,0.09581150114536285,0
0,0.09581150114536285,0
0,0.09581150114536285,0
0,0.09581150114536285,0
0,0.09581150114536285,0
0,0.09581150114536285,0
0,0.09581150114536285,0
0,0.09581150114536285,0
0,0.09581150114536285,0
0,0.09581150114536285,0
0,0.09581150114536285,0
0,0.09581150114536285,0
0,0.09581150114536285,0
0,0.09581150114536285,0
0,0.09581150114536285,0
0,0.09581150114536285,0
0,0.09581150114536285,0
0,0.09581150114536285,0
0,0.09581150114536285,0
0,0.09581150114536285,0
0,0.09581150114536285,0
0,0.09581150114536285,0
0,0.09581150114536285,0
0,0.09581150114536285,0
0,0.09581150114536285,0
0,0.09581150114536285,0
0,0.09581150114536285,0
0,0.09581150114536285,0
0,0.09581150114536285,0
0,0.09581150114536285,0
0,0.09581150114536285,0
0,0.09581150114536285,0
0,0.09581150114536285,0
0,0.09581150114536285,0
0,0.09581150114536285,0
0,0.09581150114536285,0
0,0.09581150114536285,0
0,0.09581150114536285,0
0,0.09581150114536285,0
0,0.09581150114536285,0
0,0.09581150114536285,0
0,0.09581150114536285,0
0,0.09581150114536285,0
0,0.09581150114536285,0
0,0.09581150114536285,0
0,0.09581150114536285,0
0,0.09581150114536285,0
0,0.09581150114536285,0
0,0.09581150114536285,0
0,0.09581150114536285,0
0,0.09581150114536285,0
0,0.09581150114536285,0
0,0.09581150114536285,0
0,0.09581150114536285,0
0,0.09581150114536285,0
0,0.09581150114536285,0
0,0.09581150114536285,0
0,0.09581150114536285,0
0,0.09581150114536285,0
0,0.09581150114536285,0
0,0.09581150114536285,0
0,0.09581150114536285,0
0,0.09581150114536285,0
0,0.09581150114536285,0
0,0.09581150114536285,0
0,0.09581150114536285,0
0,0.09581150114536285,0
0,0.09581150114536285,0
0,0.09581150114536285,0
0,0.09581150114536285,0
0,0.09581150114536285,0
0,0.09581150114536285,0
0,0.09581150114536285,0
0,0.09581150114536285,0
0,0.09581150114536285,0
0,0.09581150114536285,0
0,0.09581150114536285,0
0,0.09581150114536285,0
0,0.09581150114536285,0
0,0.09581150114536285,0
0,0.09581150114536285,0
0,0.09581150114536285,0
0,0.09581150114536285,0
0,0.09581150114536285,0
0,0.09581150114536285,0
0,0.09581150114536285,0
0,0.09581150114536285,0
0,0.09581150114536285,0
0,0.09581150114536285,0
0,0.09581150114536285,0
0,0.09581150114536285,0
0,0.09581150114536285,0
0,0.09581150114536285,0
0,0.09581150114536285,0
0,0.09581150114536285,0
0,0.09581150114536285,0
0,0.09581150114536285,0
0,0.09581150114536285,0
0,0.09581150114536285,0
0,0.09581150114536285,0
0,0.09581150114536285,0
0,0.09581150114536285,0
0,0.09581150114536285,0
0,0.09581150114536285,0
0,0.09581150114536285,0
0,0.09581150114536285,0
0,0.09581150114536285,0
0,0.09581150114536285,0
0,0.09581150114536285,0
0,0.09581150114536285,0
0,0.09581150114536285,0
0,0.09581150114536285,0
0,0.09581150114536285,0
0,0.09581150114536285,0
0,0.09581150114536285,0
0,0.09581150114536285,0
0,0.09581150114536285,0
0,0.09581150114536285,0
0,0.09581150114536285,0
0,0.09581150114536285,0
0,0.09581150114536285,0
0,0.09581150114536285,0
0,0.09581150114536285,0
0,0.09581150114536285,0
0,0.09581150114536285,0
0,0.09581150114536285,0
0,0.09581150114536285,0
0,0.09581150114536285,0
0,0.09581150114536285,0
0,0.09581150114536285,0
0,0.09581150114536285,0
0,0.09581150114536285,0
0,0.09581150114536285,0
0,0.09581150114536285,0
0,0.09581150114536285,0
0,0.09581150114536285,0
0,0.09581150114536285,0
0,0.09581150114536285,0
0,0.09581150114536285,0
0,0.09581150114536285,0
0,0.09581150114536285,0
0,0.09581150114536285,0
0,0.09581150114536285,0
0,0.09581150114536285,0
0,0.09581150114536285,0
0,0.09581150114536285,0
0,0.09581150114536285,0
0,0.09581150114536285,0
0,0.09581150114536285,0
0,0.09581150114536285,0
0,0.09581150114536285,0
0,0.09581150114536285,0
0,0.09581150114536285,0
0,0.09581150114536285,0
0,0.09581150114536285,0
0,0.09581150114536285,0
0,0.09581150114536285,0
0,0.09581150114536285,0
0,0.09581150114536285,0
0,0.09581150114536285,0
0,0.09581150114536285,0
0,0.09581150114536285,0
0,0.09581150114536285,0
0,0.09581150114536285,0
0,0.09581150114536285,0
0,0.09581150114536285,0
0,0.09581150114536285,0
0,0.09581150114536285,0
0,0.09581150114536285,0
0,0.09581150114536285,0
0,0.09581150114536285,0
0,0.09581150114536285,0
0,0.09581150114536285,0
0,0.09581150114536285,0
0,0.09581150114536285,0
0,0.09581150114536285,0
0,0.09581150114536285,0
0,0.09581150114536285,0
0,0.09581150114536285,0
0,0.09581150114536285,0
0,0.09581150114536285,0
0,0.09581150114536285,0
0,0.09581150114536285,0
0,0.09581150114536285,0
0,0.09581150114536285,0
0,0.09581150114536285,0
0,0.09581150114536285,0
0,0.09581150114536285,0
0,0.09581150114536285,0
0,0.09581150114536285,0
0,0.09581150114536285,0
0,0.09581150114536285,0
0,0.09581150114536285,0
0,0.09581150114536285,0
0,0.09581150114536285,0
0,0.09581150114536285,0
0,0.09581150114536285,0
0,0.09581150114536285,0
0,0.09581150114536285,0
0,0.09581150114536285,0
0,0.09581150114536285,0
0,0.09581150114536285,0
0,0.09581150114536285,0
0,0.09581150114536285,0
0,0.09581150114536285,0
0,0.09581150114536285,0
0,0.09581150114536285,0
0,0.09581150114536285,0
0,0.09581150114536285,0
0,0.09581150114536285,0
0,0.09581150114536285,0
0,0.09581150114536285,0
0,0.09581150114536285,0
0,0.09581150114536285,0
0,0.09581150114536285,0
0,0.09581150114536285,0
0,0.09581150114536285,0
0,0.09581150114536285,0
0,0.09581150114536285,0
0,0.09581150114536285,0
0,0.09581150114536285,0
0,0.09581150114536285,0
0,0.09581150114536285,0
0,0.09581150114536285,0
0,0.09581150114536285,0
0,0.09581150114536285,0
0,0.09581150114536285,0
0,0.09581150114536285,0
0,0.09581150114536285,0
0,0.09581150114536285,0
0,0.09581150114536285,0
0,0.09581150114536285,0
0,0.09581150114536285,0
0,0.09581150114536285,0
0,0.09581150114536285,0
0,0.09581150114536285,0
0,0.09581150114536285,0
0,0.09581150114536285,0
0,0.09581150114536285,0
0,0.09581150114536285,0
0,0.09581150114536285,0
0,0.09581150114536285,0
0,0.09581150114536285,0
0,0.09581150114536285,0
0,0.09581150114536285,0
0,0.09581150114536285,0
0,0.09581150114536285,0
0,0.09581150114536285,0
0,0.09581150114536285,0
0,0.09581150114536285,0
0,0.09581150114536285,0
0,0.09581150114536285,0
0,0.09581150114536285,0
0,0.09581150114536285,0
0,0.09581150114536285,0
0,0.09581150114536285,0
0,0.09581150114536285,0
0,0.09581150114536285,0
0,0.09581150114536285,0
0,0.09581150114536285,0
0,0.09581150114536285,0
0,0.09581150114536285,0
0,0.09581150114536285,0
0,0.09581150114536285,0
0,0.09581150114536285,0
0,0.09581150114536285,0
0,0.09581150114536285,0
0,0.09581150114536285,0
0,0.09581150114536285,0
0,0.09581150114536285,0
0,0.09581150114536285,0
0,0.09581150114536285,0
0,0.09581150114536285,0
0,0.09581150114536285,0
0,0.09581150114536285,0
0,0.09581150114536285,0
0,0.09581150114536285,0
0,0.09581150114536285,0
0,0.09581150114536285,0
0,0.09581150114536285,0
0,0.09581150114536285,0
0,0.09581150114536285,0
0,0.09581150114536285,0
0,0.09581150114536285,0
0,0.09581150114536285,0
0,0.09581150114536285,0
0,0.09581150114536285,0
0,0.09581150114536285,0
0,0.09581150114536285,0
0,0.09581150114536285,0
0,0.09581150114536285,0
0,0.09581150114536285,0
0,0.09581150114536285,0
0,0.09581150114536285,0
0,0.09581150114536285,0
0,0.09581150114536285,0
0,0.09581150114536285,0
0,0.09581150114536285,0
0,0.09581150114536285,0
0,0.09581150114536285,0
0,0.09581150114536285,0
0,0.09581150114536285,0
0,0.09581150114536285,0
0,0.09581150114536285,0
0,0.09581150114536285,0
0,0.09581150114536285,0
0,0.09581150114536285,0
0,0.09581150114536285,0
0,0.09581150114536285,0
0,0.09581150114536285,0
0,0.09581150114536285,0
0,0.09581150114536285,0
0,0.09581150114536285,0
0,0.09581150114536285,0
0,0.09581150114536285,0
0,0.09581150114536285,0
0,0.09581150114536285,0
0,0.09581150114536285,0
0,0.09581150114536285,0
0,0.09581150114536285,0
0,0.09581150114536285,0
0,0.09581150114536285,0
0,0.09581150114536285,0
0,0.09581150114536285,0
0,0.09581150114536285,0
0,0.09581150114536285,0
0,0.09581150114536285,0
0,0.09581150114536285,0
0,0.09581150114536285,0
0,0.09581150114536285,0
0,0.09581150114536285,0
0,0.09581150114536285,0
0,0.09581150114536285,0
0,0.09581150114536285,0
0,0.09581150114536285,0
0,0.09581150114536285,0
0,0.09581150114536285,0
0,0.09581150114536285,0
0,0.09581150114536285,0
0,0.09581150114536285,0
0,0.09581150114536285,0
0,0.09581150114536285,0
0,0.09581150114536285,0
0,0.09581150114536285,0
0,0.09581150114536285,0
0,0.09581150114536285,0
0,0.09581150114536285,0
0,0.09581150114536285,0
0,0.09581150114536285,0
0,0.09581150114536285,0
0,0.09581150114536285,0
0,0.09581150114536285,0
0,0.09581150114536285,0
0,0.09581150114536285,0
0,0.09581150114536285,0
0,0.09581150114536285,0
0,0.09581150114536285,0
0,0.09581150114536285,0
0,0.09581150114536285,0
0,0.09581150114536285,0
0,0.09581150114536285,0
0,0.09581150114536285,0
0,0.09581150114536285,0
0,0.09581150114536285,0
0,0.09581150114536285,0
0,0.09581150114536285,0
0,0.09581150114536285,0
0,0.09581150114536285,0
0,0.09581150114536285,0
0,0.09581150114536285,0
0,0.09581150114536285,0
0,0.09581150114536285,0
0,0.09581150114536285,0
0,0.09581150114536285,0
0,0.09581150114536285,0
0,0.09581150114536285,0
0,0.09581150114536285,0
0,0.09581150114536285,0
0,0.09581150114536285,0
0,0.09581150114536285,0
0,0.09581150114536285,0
0,0.09581150114536285,0
0,0.09581150114536285,0
0,0.09581150114536285,0
0,0.09581150114536285,0
0,0.09581150114536285,0
0,0.09581150114536285,0
0,0.09581150114536285,0
0,0.09581150114536285,0
0,0.09581150114536285,0
0,0.09581150114536285,0
0,0.09581150114536285,0
0,0.09581150114536285,0
0,0.09581150114536285,0
0,0.09581150114536285,0
0,0.09581150114536285,0
0,0.09581150114536285,0
0,0.09581150114536285,0
0,0.09581150114536285,0
0,0.09581150114536285,0
0,0.09581150114536285,0
0,0.09581150114536285,0
0,0.09581150114536285,0
0,0.09581150114536285,0
0,0.09581150114536285,0
0,0.09581150114536285,0
0,0.09581150114536285,0
0,0.09581150114536285,0
0,0.09581150114536285,0
0,0.09581150114536285,0
0,0.09581150114536285,0
0,0.09581150114536285,0
0,0.09581150114536285,0
0,0.09581150114536285,0
0,0.09581150114536285,0
0,0.09581150114536285,0
0,0.09581150114536285,0
0,0.09581150114536285,0
0,0.09581150114536285,0
0,0.09581150114536285,0
0,0.09581150114536285,0
0,0.09581150114536285,0
0,0.09581150114536285,0
0,0.09581150114536285,0
0,0.09581150114536285,0
0,0.09581150114536285,0
0,0.09581150114536285,0
0,0.09581150114536285,0
0,0.09581150114536285,0
0,0.09581150114536285,0
0,0.09581150114536285,0
0,0.09581150114536285,0
0,0.09581150114536285,0
0,0.09581150114536285,0
0,0.09581150114536285,0
0,0.09581150114536285,0
0,0.09581150114536285,0
0,0.09581150114536285,0
0,0.09581150114536285,0
0,0.09581150114536285,0
0,0.09581150114536285,0
0,0.09581150114536285,0
0,0.09581150114536285,0
0,0.09581150114536285,0
0,0.09581150114536285,0
0,0.09581150114536285,0
0,0.09581150114536285,0
0,0.09581150114536285,0
0,0.09581150114536285,0
0,0.09581150114536285,0
0,0.09581150114536285,0
0,0.09581150114536285,0
0,0.09581150114536285,0
0,0.09581150114536285,0
0,0.09581150114536285,0
0,0.09581150114536285,0
0,0.09581150114536285,0
0,0.09581150114536285,0
0,0.09581150114536285,0
0,0.09581150114536285,0
0,0.09581150114536285,0
0,0.09581150114536285,0
0,0.09581150114536285,0
0,0.09581150114536285,0
0,0.09581150114536285,0
0,0.09581150114536285,0
0,0.09581150114536285,0
0,0.09581150114536285,0
0,0.09581150114536285,0
0,0.09581150114536285,0
0,0.09581150114536285,0
0,0.09581150114536285,0
0,0.09581150114536285,0
0,0.09581150114536285,0
0,0.09581150114536285,0
0,0.09581150114536285,0
0,0.09581150114536285,0
0,0.09581150114536285,0
0,0.09581150114536285,0
0,0.09581150114536285,0
0,0.09581150114536285,0
0,0.09581150114536285,0
0,0.09581150114536285,0
0,0.09581150114536285,0
0,0.09581150114536285,0
0,0.09581150114536285,0
0,0.09581150114536285,0
0,0.09581150114536285,0
0,0.09581150114536285,0
0,0.09581150114536285,0
0,0.09581150114536285,0
0,0.09581150114536285,0
0,0.09581150114536285,0
0,0.09581150114536285,0
0,0.09581150114536285,0
0,0.09581150114536285,0
0,0.09581150114536285,0
0,0.09581150114536285,0
0,0.09581150114536285,0
0,0.09581150114536285,0
0,0.09581150114536285,0
0,0.09581150114536285,0
0,0.09581150114536285,0
0,0.09581150114536285,0
0,0.09581150114536285,0
0,0.09581150114536285,0
0,0.09581150114536285,0
0,0.09581150114536285,0
0,0.09581150114536285,0
0,0.09581150114536285,0
0,0.09581150114536285,0
0,0.09581150114536285,0
0,0.09581150114536285,0
0,0.09581150114536285,0
0,0.09581150114536285,0
0,0.09581150114536285,0
0,0.09581150114536285,0
0,0.09581150114536285,0
0,0.09581150114536285,0
0,0.09581150114536285,0
0,0.09581150114536285,0
0,0.09581150114536285,0
0,0.09581150114536285,0
0,0.09581150114536285,0
0,0.09581150114536285,0
0,0.09581150114536285,0
0,0.09581150114536285,0
0,0.09581150114536285,0
0,0.09581150114536285,0
0,0.09581150114536285,0
0,0.09581150114536285,0
0,0.09581150114536285,0
0,0.09581150114536285,0
0,0.09581150114536285,0
0,0.09581150114536285,0
0,0.09581150114536285,0
0,0.09581150114536285,0
0,0.09581150114536285,0
0,0.09581150114536285,0
0,0.09581150114536285,0
0,0.09581150114536285,0
0,0.09581150114536285,0
0,0.09581150114536285,0
0,0.09581150114536285,0
0,0.09581150114536285,0
0,0.09581150114536285,0
0,0.09581150114536285,0
0,0.09581150114536285,0
0,0.09581150114536285,0
0,0.09581150114536285,0
0,0.09581150114536285,0
0,0.09581150114536285,0
0,0.09581150114536285,0
0,0.09581150114536285,0
0,0.09581150114536285,0
0,0.09581150114536285,0
0,0.09581150114536285,0
0,0.09581150114536285,0
0,0.09581150114536285,0
0,0.09581150114536285,0
0,0.09581150114536285,0
0,0.09581150114536285,0
0,0.09581150114536285,0
0,0.09581150114536285,0
0,0.09581150114536285,0
0,0.09581150114536285,0
0,0.09581150114536285,0
0,0.09581150114536285,0
0,0.09581150114536285,0
0,0.09581150114536285,0
0,0.09581150114536285,0
0,0.09581150114536285,0
0,0.09581150114536285,0
0,0.09581150114536285,0
0,0.09581150114536285,0
0,0.09581150114536285,0
0,0.09581150114536285,0
0,0.09581150114536285,0
0,0.09581150114536285,0
0,0.09581150114536285,0
0,0.09581150114536285,0
0,0.09581150114536285,0
0,0.09581150114536285,0
0,0.09581150114536285,0
0,0.09581150114536285,0
0,0.09581150114536285,0
0,0.09581150114536285,0
0,0.09581150114536285,0
0,0.09581150114536285,0
0,0.09581150114536285,0
0,0.09581150114536285,0
0,0.09581150114536285,0
0,0.09581150114536285,0
0,0.09581150114536285,0
0,0.09581150114536285,0
0,0.09581150114536285,0
0,0.09581150114536285,0
0,0.09581150114536285,0
0,0.09581150114536285,0
0,0.09581150114536285,0
0,0.09581150114536285,0
0,0.09581150114536285,0
0,0.09581150114536285,0
0,0.09581150114536285,0
0,0.09581150114536285,0
0,0.09581150114536285,0
0,0.09581150114536285,0
0,0.09581150114536285,0
0,0.09581150114536285,0
0,0.09581150114536285,0
0,0.09581150114536285,0
0,0.09581150114536285,0
0,0.09581150114536285,0
0,0.09581150114536285,0
0,0.09581150114536285,0
0,0.09581150114536285,0
0,0.09581150114536285,0
0,0.09581150114536285,0
0,0.09581150114536285,0
0,0.09581150114536285,0
0,0.09581150114536285,0
0,0.09581150114536285,0
0,0.09581150114536285,0
0,0.09581150114536285,0
0,0.09581150114536285,0
0,0.09581150114536285,0
0,0.09581150114536285,0
0,0.09581150114536285,0
0,0.09581150114536285,0
0,0.09581150114536285,0
0,0.09581150114536285,0
0,0.09581150114536285,0
0,0.09581150114536285,0
0,0.09581150114536285,0
0,0.09581150114536285,0
0,0.09581150114536285,0
0,0.09581150114536285,0
0,0.09581150114536285,0
0,0.09581150114536285,0
0,0.09581150114536285,0
0,0.09581150114536285,0
0,0.09581150114536285,0
0,0.09581150114536285,0
0,0.09581150114536285,0
0,0.09581150114536285,0
0,0.09581150114536285,0
0,0.09581150114536285,0
0,0.09581150114536285,0
0,0.09581150114536285,0
0,0.09581150114536285,0
0,0.09581150114536285,0
0,0.09581150114536285,0
0,0.09581150114536285,0
0,0.09581150114536285,0
0,0.09581150114536285,0
0,0.09581150114536285,0
0,0.09581150114536285,0
0,0.09581150114536285,0
0,0.09581150114536285,0
0,0.09581150114536285,0
0,0.09581150114536285,0
0,0.09581150114536285,0
0,0.09581150114536285,0
0,0.09581150114536285,0
0,0.09581150114536285,0
0,0.09581150114536285,0
0,0.09581150114536285,0
0,0.09581150114536285,0
0,0.09581150114536285,0
0,0.09581150114536285,0
0,0.09581150114536285,0
0,0.09581150114536285,0
0,0.09581150114536285,0
0,0.09581150114536285,0
0,0.09581150114536285,0
0,0.09581150114536285,0
0,0.09581150114536285,0
0,0.09581150114536285,0
0,0.09581150114536285,0
0,0.09581150114536285,0
0,0.09581150114536285,0
0,0.09581150114536285,0
0,0.09581150114536285,0
0,0.09581150114536285,0
0,0.09581150114536285,0
0,0.09581150114536285,0
0,0.09581150114536285,0
0,0.09581150114536285,0
0,0.09581150114536285,0
0,0.09581150114536285,0
0,0.09581150114536285,0
0,0.09581150114536285,0
0,0.09581150114536285,0
0,0.09581150114536285,0
0,0.09581150114536285,0
0,0.09581150114536285,0
0,0.09581150114536285,0
0,0.09581150114536285,0
0,0.09581150114536285,0
0,0.09581150114536285,0
0,0.09581150114536285,0
0,0.09581150114536285,0
0,0.09581150114536285,0
0,0.09581150114536285,0
0,0.09581150114536285,0
0,0.09581150114536285,0
0,0.09581150114536285,0
0,0.09581150114536285,0
0,0.09581150114536285,0
0,0.09581150114536285,0
0,0.09581150114536285,0
0,0.09581150114536285,0
0,0.09581150114536285,0
0,0.09581150114536285,0
0,0.09581150114536285,0
0,0.09581150114536285,0
0,0.09581150114536285,0
0,0.09581150114536285,0
0,0.09581150114536285,0
0,0.09581150114536285,0
0,0.09581150114536285,0
0,0.09581150114536285,0
0,0.09581150114536285,0
0,0.09581150114536285,0
0,0.09581150114536285,0
0,0.09581150114536285,0
0,0.09581150114536285,0
0,0.09581150114536285,0
0,0.09581150114536285,0
0,0.09581150114536285,0
0,0.09581150114536285,0
0,0.09581150114536285,0
0,0.09581150114536285,0
0,0.09581150114536285,0
0,0.09581150114536285,0
0,0.09581150114536285,0
0,0.09581150114536285,0
0,0.09581150114536285,0
0,0.09581150114536285,0
0,0.09581150114536285,0
0,0.09581150114536285,0
0,0.09581150114536285,0
0,0.09581150114536285,0
0,0.09581150114536285,0
0,0.09581150114536285,0
0,0.09581150114536285,0
0,0.09581150114536285,0
0,0.09581150114536285,0
0,0.09581150114536285,0
0,0.09581150114536285,0
0,0.09581150114536285,0
0,0.09581150114536285,0
0,0.09581150114536285,0
0,0.09581150114536285,0
0,0.09581150114536285,0
0,0.09581150114536285,0
0,0.09581150114536285,0
0,0.09581150114536285,0
0,0.09581150114536285,0
0,0.09581150114536285,0
0,0.09581150114536285,0
0,0.09581150114536285,0
0,0.09581150114536285,0
0,0.09581150114536285,0
0,0.09581150114536285,0
0,0.09581150114536285,0
0,0.09581150114536285,0
0,0.09581150114536285,0
0,0.09581150114536285,0
0,0.09581150114536285,0
0,0.09581150114536285,0
0,0.09581150114536285,0
0,0.09581150114536285,0
0,0.09581150114536285,0
0,0.09581150114536285,0
0,0.09581150114536285,0
0,0.09581150114536285,0
0,0.09581150114536285,0
0,0.09581150114536285,0
0,0.09581150114536285,0
0,0.09581150114536285,0
0,0.09581150114536285,0
0,0.09581150114536285,0
0,0.09581150114536285,0
0,0.09581150114536285,0
0,0.09581150114536285,0
0,0.09581150114536285,0
0,0.09581150114536285,0
0,0.09581150114536285,0
0,0.09581150114536285,0
0,0.09581150114536285,0
0,0.09581150114536285,0
0,0.09581150114536285,0
0,0.09581150114536285,0
0,0.09581150114536285,0
0,0.09581150114536285,0
0,0.09581150114536285,0
0,0.09581150114536285,0
0,0.09581150114536285,0
0,0.09581150114536285,0
0,0.09581150114536285,0
0,0.09581150114536285,0
0,0.09581150114536285,0
0,0.09581150114536285,0
0,0.09581150114536285,0
0,0.09581150114536285,0
0,0.09581150114536285,0
0,0.09581150114536285,0
0,0.09581150114536285,0
0,0.09581150114536285,0
0,0.09581150114536285,0
0,0.09581150114536285,0
0,0.09581150114536285,0
0,0.09581150114536285,0
0,0.09581150114536285,0
0,0.09581150114536285,0
0,0.09581150114536285,0
0,0.09581150114536285,0
0,0.09581150114536285,0
0,0.09581150114536285,0
0,0.09581150114536285,0
0,0.09581150114536285,0
0,0.09581150114536285,0
0,0.09581150114536285,0
0,0.09581150114536285,0
0,0.09581150114536285,0
0,0.09581150114536285,0
0,0.09581150114536285,0
0,0.09581150114536285,0
0,0.09581150114536285,0
0,0.09581150114536285,0
0,0.09581150114536285,0
0,0.09581150114536285,0
0,0.09581150114536285,0
0,0.09581150114536285,0
0,0.09581150114536285,0
0,0.09581150114536285,0
0,0.09581150114536285,0
0,0.09581150114536285,0
0,0.09581150114536285,0
0,0.09581150114536285,0
0,0.09581150114536285,0
0,0.09581150114536285,0
0,0.09581150114536285,0
0,0.09581150114536285,0
0,0.09581150114536285,0
0,0.09581150114536285,0
0,0.09581150114536285,0
0,0.09581150114536285,0
0,0.09581150114536285,0
0,0.09581150114536285,0
0,0.09581150114536285,0
0,0.09581150114536285,0
0,0.09581150114536285,0
0,0.09581150114536285,0
0,0.09581150114536285,0
0,0.09581150114536285,0
0,0.09581150114536285,0
0,0.09581150114536285,0
0,0.09581150114536285,0
0,0.09581150114536285,0
0,0.09581150114536285,0
0,0.09581150114536285,0
0,0.09581150114536285,0
0,0.09581150114536285,0
0,0.09581150114536285,0
0,0.09581150114536285,0
0,0.09581150114536285,0
0,0.09581150114536285,0
0,0.09581150114536285,0
0,0.09581150114536285,0
0,0.09581150114536285,0
0,0.09581150114536285,0
0,0.09581150114536285,0
0,0.09581150114536285,0
0,0.09581150114536285,0
0,0.09581150114536285,0
0,0.09581150114536285,0
0,0.09581150114536285,0
0,0.09581150114536285,0
0,0.09581150114536285,0
0,0.09581150114536285,0
0,0.09581150114536285,0
0,0.09581150114536285,0
0,0.09581150114536285,0
0,0.09581150114536285,0
0,0.09581150114536285,0
0,0.09581150114536285,0
0,0.09581150114536285,0
0,0.09581150114536285,0
0,0.09581150114536285,0
0,0.09581150114536285,0
0,0.09581150114536285,0
0,0.09581150114536285,0
0,0.09581150114536285,0
0,0.09581150114536285,0
0,0.09581150114536285,0
0,0.09581150114536285,0
0,0.09581150114536285,0
0,0.09581150114536285,0
0,0.09581150114536285,0
0,0.09581150114536285,0
0,0.09581150114536285,0
0,0.09581150114536285,0
0,0.09581150114536285,0
0,0.09581150114536285,0
0,0.09581150114536285,0
0,0.09581150114536285,0
0,0.09581150114536285,0
0,0.09581150114536285,0
0,0.09581150114536285,0
0,0.09581150114536285,0
0,0.09581150114536285,0
0,0.09581150114536285,0
0,0.09581150114536285,0
0,0.09581150114536285,0
0,0.09581150114536285,0
0,0.09581150114536285,0
0,0.09581150114536285,0
0,0.09581150114536285,0
0,0.09581150114536285,0
0,0.09581150114536285,0
0,0.09581150114536285,0
0,0.09581150114536285,0
0,0.09581150114536285,0
0,0.09581150114536285,0
0,0.09581150114536285,0
0,0.09581150114536285,0
0,0.09581150114536285,0
0,0.09581150114536285,0
0,0.09581150114536285,0
0,0.09581150114536285,0
0,0.09581150114536285,0
0,0.09581150114536285,0
0,0.09581150114536285,0
0,0.09581150114536285,0
0,0.09581150114536285,0
0,0.09581150114536285,0
0,0.09581150114536285,0
0,0.09581150114536285,0
0,0.09581150114536285,0
0,0.09581150114536285,0
0,0.09581150114536285,0
0,0.09581150114536285,0
0,0.09581150114536285,0
0,0.09581150114536285,0
0,0.09581150114536285,0
0,0.09581150114536285,0
0,0.09581150114536285,0
0,0.09581150114536285,0
0,0.09581150114536285,0
0,0.09581150114536285,0
0,0.09581150114536285,0
0,0.09581150114536285,0
0,0.09581150114536285,0
0,0.09581150114536285,0
0,0.09581150114536285,0
0,0.09581150114536285,0
0,0.09581150114536285,0
0,0.09581150114536285,0
0,0.09581150114536285,0
0,0.09581150114536285,0
0,0.09581150114536285,0
0,0.09581150114536285,0
0,0.09581150114536285,0
0,0.09581150114536285,0
0,0.09581150114536285,0
0,0.09581150114536285,0
0,0.09581150114536285,0
0,0.09581150114536285,0
0,0.09581150114536285,0
0,0.09581150114536285,0
0,0.09581150114536285,0
0,0.09581150114536285,0
0,0.09581150114536285,0
0,0.09581150114536285,0
0,0.09581150114536285,0
0,0.09581150114536285,0
0,0.09581150114536285,0
0,0.09581150114536285,0
0,0.09581150114536285,0
0,0.09581150114536285,0
0,0.09581150114536285,0
0,0.09581150114536285,0
0,0.09581150114536285,0
0,0.09581150114536285,0
0,0.09581150114536285,0
0,0.09581150114536285,0
0,0.09581150114536285,0
0,0.09581150114536285,0
0,0.09581150114536285,0
0,0.09581150114536285,0
0,0.09581150114536285,0
0,0.09581150114536285,0
0,0.09581150114536285,0
0,0.09581150114536285,0
0,0.09581150114536285,0
0,0.09581150114536285,0
0,0.09581150114536285,0
0,0.09581150114536285,0
0,0.09581150114536285,0
0,0.09581150114536285,0
0,0.09581150114536285,0
0,0.09581150114536285,0
0,0.09581150114536285,0
0,0.09581150114536285,0
0,0.09581150114536285,0
0,0.09581150114536285,0
0,0.09581150114536285,0
0,0.09581150114536285,0
0,0.09581150114536285,0
0,0.09581150114536285,0
0,0.09581150114536285,0
0,0.09581150114536285,0
0,0.09581150114536285,0
0,0.09581150114536285,0
0,0.09581150114536285,0
0,0.09581150114536285,0
0,0.09581150114536285,0
0,0.09581150114536285,0
0,0.09581150114536285,0
0,0.09581150114536285,0
0,0.09581150114536285,0
0,0.09581150114536285,0
0,0.09581150114536285,0
0,0.09581150114536285,0
0,0.09581150114536285,0
0,0.09581150114536285,0
0,0.09581150114536285,0
0,0.09581150114536285,0
0,0.09581150114536285,0
0,0.09581150114536285,0
0,0.09581150114536285,0
0,0.09581150114536285,0
0,0.09581150114536285,0
0,0.09581150114536285,0
0,0.09581150114536285,0
0,0.09581150114536285,0
0,0.09581150114536285,0
0,0.09581150114536285,0
0,0.09581150114536285,0
0,0.09581150114536285,0
0,0.09581150114536285,0
0,0.09581150114536285,0
0,0.09581150114536285,0
0,0.09581150114536285,0
0,0.09581150114536285,0
0,0.09581150114536285,0
0,0.09581150114536285,0
0,0.09581150114536285,0
0,0.09581150114536285,0
0,0.09581150114536285,0
0,0.09581150114536285,0
0,0.09581150114536285,0
0,0.09581150114536285,0
0,0.09581150114536285,0
0,0.09581150114536285,0
0,0.09581150114536285,0
0,0.09581150114536285,0
0,0.09581150114536285,0
0,0.09581150114536285,0
0,0.09581150114536285,0
0,0.09581150114536285,0
0,0.09581150114536285,0
0,0.09581150114536285,0
0,0.09581150114536285,0
0,0.09581150114536285,0
0,0.09581150114536285,0
0,0.09581150114536285,0
0,0.09581150114536285,0
0,0.09581150114536285,0
0,0.09581150114536285,0
0,0.09581150114536285,0
0,0.09581150114536285,0
0,0.09581150114536285,0
0,0.09581150114536285,0
0,0.09581150114536285,0
0,0.09581150114536285,0
0,0.09581150114536285,0
0,0.09581150114536285,0
0,0.09581150114536285,0
0,0.09581150114536285,0
0,0.09581150114536285,0
0,0.09581150114536285,0
0,0.09581150114536285,0
0,0.09581150114536285,0
0,0.09581150114536285,0
0,0.09581150114536285,0
0,0.09581150114536285,0
0,0.09581150114536285,0
0,0.09581150114536285,0
0,0.09581150114536285,0
0,0.09581150114536285,0
0,0.09581150114536285,0
0,0.09581150114536285,0
0,0.09581150114536285,0
0,0.09581150114536285,0
0,0.09581150114536285,0
0,0.09581150114536285,0
0,0.09581150114536285,0
0,0.09581150114536285,0
0,0.09581150114536285,0
0,0.09581150114536285,0
0,0.09581150114536285,0
0,0.09581150114536285,0
0,0.09581150114536285,0
0,0.09581150114536285,0
0,0.09581150114536285,0
0,0.09581150114536285,0
0,0.09581150114536285,0
0,0.09581150114536285,0
0,0.09581150114536285,0
0,0.09581150114536285,0
0,0.09581150114536285,0
0,0.09581150114536285,0
0,0.09581150114536285,0
0,0.09581150114536285,0
0,0.09581150114536285,0
0,0.09581150114536285,0
0,0.09581150114536285,0
0,0.09581150114536285,0
0,0.09581150114536285,0
0,0.09581150114536285,0
0,0.09581150114536285,0
0,0.09581150114536285,0
0,0.09581150114536285,0
0,0.09581150114536285,0
0,0.09581150114536285,0
0,0.09581150114536285,0
0,0.09581150114536285,0
0,0.09581150114536285,0
0,0.09581150114536285,0
0,0.09581150114536285,0
0,0.09581150114536285,0
0,0.09581150114536285,0
0,0.09581150114536285,0
0,0.09581150114536285,0
0,0.09581150114536285,0
0,0.09581150114536285,0
0,0.09581150114536285,0
0,0.09581150114536285,0
0,0.09581150114536285,0
0,0.09581150114536285,0
0,0.09581150114536285,0
0,0.09581150114536285,0
0,0.09581150114536285,0
0,0.09581150114536285,0
0,0.09581150114536285,0
0,0.09581150114536285,0
0,0.09581150114536285,0
0,0.09581150114536285,0
0,0.09581150114536285,0
0,0.09581150114536285,0
0,0.09581150114536285,0
0,0.09581150114536285,0
0,0.09581150114536285,0
0,0.09581150114536285,0
0,0.09581150114536285,0
0,0.09581150114536285,0
0,0.09581150114536285,0
0,0.09581150114536285,0
0,0.09581150114536285,0
0,0.09581150114536285,0
0,0.09581150114536285,0
0,0.09581150114536285,0
0,0.09581150114536285,0
0,0.09581150114536285,0
0,0.09581150114536285,0
0,0.09581150114536285,0
0,0.09581150114536285,0
0,0.09581150114536285,0
0,0.09581150114536285,0
0,0.09581150114536285,0
0,0.09581150114536285,0
0,0.09581150114536285,0
0,0.09581150114536285,0
0,0.09581150114536285,0
0,0.09581150114536285,0
0,0.09581150114536285,0
0,0.09581150114536285,0
0,0.09581150114536285,0
0,0.09581150114536285,0
0,0.09581150114536285,0
0,0.09581150114536285,0
0,0.09581150114536285,0
0,0.09581150114536285,0
0,0.09581150114536285,0
0,0.09581150114536285,0
0,0.09581150114536285,0
0,0.09581150114536285,0
0,0.09581150114536285,0
0,0.09581150114536285,0
0,0.09581150114536285,0
0,0.09581150114536285,0
0,0.09581150114536285,0
0,0.09581150114536285,0
0,0.09581150114536285,0
0,0.09581150114536285,0
0,0.09581150114536285,0
0,0.09581150114536285,0
0,0.09581150114536285,0
0,0.09581150114536285,0
0,0.09581150114536285,0
0,0.09581150114536285,0
0,0.09581150114536285,0
0,0.09581150114536285,0
0,0.09581150114536285,0
0,0.09581150114536285,0
0,0.09581150114536285,0
0,0.09581150114536285,0
0,0.09581150114536285,0
0,0.09581150114536285,0
0,0.09581150114536285,0
0,0.09581150114536285,0
0,0.09581150114536285,0
0,0.09581150114536285,0
0,0.09581150114536285,0
0,0.09581150114536285,0
0,0.09581150114536285,0
0,0.09581150114536285,0
0,0.09581150114536285,0
0,0.09581150114536285,0
0,0.09581150114536285,0
0,0.09581150114536285,0
0,0.09581150114536285,0
0,0.09581150114536285,0
0,0.09581150114536285,0
0,0.09581150114536285,0
0,0.09581150114536285,0
0,0.09581150114536285,0
0,0.09581150114536285,0
0,0.09581150114536285,0
0,0.09581150114536285,0
0,0.09581150114536285,0
0,0.09581150114536285,0
0,0.09581150114536285,0
0,0.09581150114536285,0
0,0.09581150114536285,0
0,0.09581150114536285,0
0,0.09581150114536285,0
0,0.09581150114536285,0
0,0.09581150114536285,0
0,0.09581150114536285,0
0,0.09581150114536285,0
0,0.09581150114536285,0
0,0.09581150114536285,0
0,0.09581150114536285,0
0,0.09581150114536285,0
0,0.09581150114536285,0
0,0.09581150114536285,0
0,0.09581150114536285,0
0,0.09581150114536285,0
0,0.09581150114536285,0
0,0.09581150114536285,0
0,0.09581150114536285,0
0,0.09581150114536285,0
0,0.09581150114536285,0
0,0.09581150114536285,0
0,0.09581150114536285,0
0,0.09581150114536285,0
0,0.09581150114536285,0
0,0.09581150114536285,0
0,0.09581150114536285,0
0,0.09581150114536285,0
0,0.09581150114536285,0
0,0.09581150114536285,0
0,0.09581150114536285,0
0,0.09581150114536285,0
0,0.09581150114536285,0
0,0.09581150114536285,0
0,0.09581150114536285,0
0,0.09581150114536285,0
0,0.09581150114536285,0
0,0.09581150114536285,0
0,0.09581150114536285,0
0,0.09581150114536285,0
0,0.09581150114536285,0
0,0.09581150114536285,0
0,0.09581150114536285,0
0,0.09581150114536285,0
0,0.09581150114536285,0
0,0.09581150114536285,0
0,0.09581150114536285,0
0,0.09581150114536285,0
0,0.09581150114536285,0
0,0.09581150114536285,0
0,0.09581150114536285,0
0,0.09581150114536285,0
0,0.09581150114536285,0
0,0.09581150114536285,0
0,0.09581150114536285,0
0,0.09581150114536285,0
0,0.09581150114536285,0
0,0.09581150114536285,0
0,0.09581150114536285,0
0,0.09581150114536285,0
0,0.09581150114536285,0
0,0.09581150114536285,0
0,0.09581150114536285,0
0,0.09581150114536285,0
0,0.09581150114536285,0
0,0.09581150114536285,0
0,0.09581150114536285,0
0,0.09581150114536285,0
0,0.09581150114536285,0
0,0.09581150114536285,0
0,0.09581150114536285,0
0,0.09581150114536285,0
0,0.09581150114536285,0
0,0.09581150114536285,0
0,0.09581150114536285,0
0,0.09581150114536285,0
0,0.09581150114536285,0
0,0.09581150114536285,0
0,0.09581150114536285,0
0,0.09581150114536285,0
0,0.09581150114536285,0
0,0.09581150114536285,0
0,0.09581150114536285,0
0,0.09581150114536285,0
0,0.09581150114536285,0
0,0.09581150114536285,0
0,0.09581150114536285,0
0,0.09581150114536285,0
0,0.09581150114536285,0
0,0.09581150114536285,0
0,0.09581150114536285,0
0,0.09581150114536285,0
0,0.09581150114536285,0
0,0.09581150114536285,0
0,0.09581150114536285,0
0,0.09581150114536285,0
0,0.09581150114536285,0
0,0.09581150114536285,0
0,0.09581150114536285,0
0,0.09581150114536285,0
0,0.09581150114536285,0
0,0.09581150114536285,0
0,0.09581150114536285,0
0,0.09581150114536285,0
0,0.09581150114536285,0
0,0.09581150114536285,0
0,0.09581150114536285,0
0,0.09581150114536285,0
0,0.09581150114536285,0
0,0.09581150114536285,0
0,0.09581150114536285,0
0,0.09581150114536285,0
0,0.09581150114536285,0
0,0.09581150114536285,0
0,0.09581150114536285,0
0,0.09581150114536285,0
0,0.09581150114536285,0
0,0.09581150114536285,0
0,0.09581150114536285,0
0,0.09581150114536285,0
0,0.09581150114536285,0
0,0.09581150114536285,0
0,0.09581150114536285,0
0,0.09581150114536285,0
0,0.09581150114536285,0
0,0.09581150114536285,0
0,0.09581150114536285,0
0,0.09581150114536285,0
0,0.09581150114536285,0
0,0.09581150114536285,0
0,0.09581150114536285,0
0,0.09581150114536285,0
0,0.09581150114536285,0
0,0.09581150114536285,0
0,0.09581150114536285,0
0,0.09581150114536285,0
0,0.09581150114536285,0
0,0.09581150114536285,0
0,0.09581150114536285,0
0,0.09581150114536285,0
0,0.09581150114536285,0
0,0.09581150114536285,0
0,0.09581150114536285,0
0,0.09581150114536285,0
0,0.09581150114536285,0
0,0.09581150114536285,0
0,0.09581150114536285,0
0,0.09581150114536285,0
0,0.09581150114536285,0
0,0.09581150114536285,0
0,0.09581150114536285,0
0,0.09581150114536285,0
0,0.09581150114536285,0
0,0.09581150114536285,0
0,0.09581150114536285,0
0,0.09581150114536285,0
0,0.09581150114536285,0
0,0.09581150114536285,0
0,0.09581150114536285,0
0,0.09581150114536285,0
0,0.09581150114536285,0
0,0.09581150114536285,0
0,0.09581150114536285,0
0,0.09581150114536285,0
0,0.09581150114536285,0
0,0.09581150114536285,0
0,0.09581150114536285,0
0,0.09581150114536285,0
0,0.09581150114536285,0
0,0.09581150114536285,0
0,0.09581150114536285,0
0,0.09581150114536285,0
0,0.09581150114536285,0
0,0.09581150114536285,0
0,0.09581150114536285,0
0,0.09581150114536285,0
0,0.09581150114536285,0
0,0.09581150114536285,0
0,0.09581150114536285,0
0,0.09581150114536285,0
0,0.09581150114536285,0
0,0.09581150114536285,0
0,0.09581150114536285,0
0,0.09581150114536285,0
0,0.09581150114536285,0
0,0.09581150114536285,0
0,0.09581150114536285,0
0,0.09581150114536285,0
0,0.09581150114536285,0
0,0.09581150114536285,0
0,0.09581150114536285,0
0,0.09581150114536285,0
0,0.09581150114536285,0
0,0.09581150114536285,0
0,0.09581150114536285,0
0,0.09581150114536285,0
0,0.09581150114536285,0
0,0.09581150114536285,0
0,0.09581150114536285,0
0,0.09581150114536285,0
0,0.09581150114536285,0
0,0.09581150114536285,0
0,0.09581150114536285,0
0,0.09581150114536285,0
0,0.09581150114536285,0
0,0.09581150114536285,0
0,0.09581150114536285,0
0,0.09581150114536285,0
0,0.09581150114536285,0
0,0.09581150114536285,0
0,0.09581150114536285,0
0,0.09581150114536285,0
0,0.09581150114536285,0
0,0.09581150114536285,0
0,0.09581150114536285,0
0,0.09581150114536285,0
0,0.09581150114536285,0
1,0.09581150114536285,0
0,0.8923224210739136,0
0,0.8895574808120728,0
0,0.883767306804657,0
0,0.8632813096046448,0
0,0.8468464016914368,0
0,0.8307079672813416,0
0,0.8125883340835571,0
0,0.7851958274841309,0
0,0.7540867328643799,0
0,0.7434166669845581,0
0,0.7469439506530762,0
0,0.7541808485984802,0
0,0.7545438408851624,0
0,0.7282616496086121,0
0,0.6804725527763367,0
0,0.6562877893447876,0
0,0.6852715611457825,0
0,0.7351422905921936,0
0,0.7442667484283447,0
0,0.7101284265518188,0
0,0.6404545903205872,0
0,0.5794359445571899,0
0,0.5981054902076721,0
0,0.6770144104957581,0
0,0.7196396589279175,0
0,0.7175034880638123,0
0,0.6955389380455017,0
0,0.670813798904419,0
0,0.6545332670211792,0
0,0.6471360921859741,0
0,0.5066333413124084,0
0,0.09581150114536285,0
0,0.09581150114536285,0
0,0.09581150114536285,0
0,0.09581150114536285,0
0,0.09581150114536285,0
0,0.09581150114536285,0
0,0.09581150114536285,0
0,0.09581150114536285,0
0,0.09581150114536285,0
0,0.09581150114536285,0
0,0.09581150114536285,0
0,0.09581150114536285,0
0,0.09581150114536285,0
0,0.09581150114536285,0
0,0.09581150114536285,0
0,0.09581150114536285,0
0,0.09581150114536285,0
0,0.09581150114536285,0
0,0.09581150114536285,0
0,0.09581150114536285,0
0,0.09581150114536285,0
0,0.09581150114536285,0
0,0.09581150114536285,0
0,0.09581150114536285,0
0,0.09581150114536285,0
0,0.09581150114536285,0
0,0.09581150114536285,0
0,0.09581150114536285,0
0,0.09581150114536285,0
0,0.09581150114536285,0
0,0.09581150114536285,0
0,0.09581150114536285,0
0,0.09581150114536285,0
0,0.09581150114536285,0
0,0.09581150114536285,0
0,0.09581150114536285,0
0,0.09581150114536285,0
0,0.09581150114536285,0
0,0.09581150114536285,0
0,0.09581150114536285,0
0,0.09581150114536285,0
0,0.09581150114536285,0
0,0.09581150114536285,0
0,0.09581150114536285,0
0,0.09581150114536285,0
0,0.09581150114536285,0
0,0.09581150114536285,0
0,0.09581150114536285,0
0,0.09581150114536285,0
0,0.09581150114536285,0
0,0.09581150114536285,0
0,0.09581150114536285,0
0,0.09581150114536285,0
0,0.09581150114536285,0
0,0.09581150114536285,0
0,0.09581150114536285,0
0,0.09581150114536285,0
0,0.09581150114536285,0
0,0.09581150114536285,0
0,0.09581150114536285,0
0,0.09581150114536285,0
0,0.09581150114536285,0
0,0.09581150114536285,0
0,0.09581150114536285,0
0,0.09581150114536285,0
0,0.09581150114536285,0
0,0.09581150114536285,0
0,0.09581150114536285,0
0,0.09581150114536285,0
0,0.09581150114536285,0
0,0.09581150114536285,0
0,0.09581150114536285,0
0,0.09581150114536285,0
0,0.09581150114536285,0
0,0.09581150114536285,0
0,0.09581150114536285,0
0,0.09581150114536285,0
0,0.09581150114536285,0
0,0.09581150114536285,0
0,0.09581150114536285,0
0,0.09581150114536285,0
0,0.09581150114536285,0
0,0.09581150114536285,0
0,0.09581150114536285,0
0,0.09581150114536285,0
0,0.09581150114536285,0
0,0.09581150114536285,0
0,0.09581150114536285,0
0,0.09581150114536285,0
0,0.09581150114536285,0
0,0.09581150114536285,0
0,0.09581150114536285,0
0,0.09581150114536285,0
0,0.09581150114536285,0
0,0.09581150114536285,0
0,0.09581150114536285,0
0,0.09581150114536285,0
0,0.09581150114536285,0
0,0.09581150114536285,0
0,0.09581150114536285,0
0,0.09581150114536285,0
0,0.09581150114536285,0
0,0.09581150114536285,0
0,0.09581150114536285,0
0,0.09581150114536285,0
0,0.09581150114536285,0
0,0.09581150114536285,0
0,0.09581150114536285,0
0,0.09581150114536285,0
0,0.09581150114536285,0
0,0.09581150114536285,0
0,0.09581150114536285,0
0,0.09581150114536285,0
0,0.09581150114536285,0
0,0.09581150114536285,0
0,0.09581150114536285,0
0,0.09581150114536285,0
0,0.09581150114536285,0
0,0.09581150114536285,0
0,0.09581150114536285,0
0,0.09581150114536285,0
0,0.09581150114536285,0
0,0.09581150114536285,0
0,0.09581150114536285,0
0,0.09581150114536285,0
0,0.09581150114536285,0
0,0.09581150114536285,0
0,0.09581150114536285,0
0,0.09581150114536285,0
0,0.09581150114536285,0
0,0.09581150114536285,0
0,0.09581150114536285,0
0,0.09581150114536285,0
0,0.09581150114536285,0
0,0.09581150114536285,0
0,0.09581150114536285,0
0,0.09581150114536285,0
0,0.09581150114536285,0
0,0.09581150114536285,0
0,0.09581150114536285,0
0,0.09581150114536285,0
0,0.09581150114536285,0
0,0.09581150114536285,0
0,0.09581150114536285,0
0,0.09581150114536285,0
0,0.09581150114536285,0
0,0.09581150114536285,0
0,0.09581150114536285,0
0,0.09581150114536285,0
0,0.09581150114536285,0
0,0.09581150114536285,0
0,0.09581150114536285,0
0,0.09581150114536285,0
0,0.09581150114536285,0
0,0.09581150114536285,0
0,0.09581150114536285,0
0,0.09581150114536285,0
0,0.09581150114536285,0
0,0.09581150114536285,0
0,0.09581150114536285,0
0,0.09581150114536285,0
0,0.09581150114536285,0
0,0.09581150114536285,0
0,0.09581150114536285,0
0,0.09581150114536285,0
0,0.09581150114536285,0
0,0.09581150114536285,0
0,0.09581150114536285,0
0,0.09581150114536285,0
0,0.09581150114536285,0
0,0.09581150114536285,0
0,0.09581150114536285,0
0,0.09581150114536285,0
0,0.09581150114536285,0
0,0.09581150114536285,0
0,0.09581150114536285,0
0,0.09581150114536285,0
0,0.09581150114536285,0
0,0.09581150114536285,0
0,0.09581150114536285,0
0,0.09581150114536285,0
0,0.09581150114536285,0
0,0.09581150114536285,0
0,0.09581150114536285,0
0,0.09581150114536285,0
0,0.09581150114536285,0
0,0.09581150114536285,0
0,0.09581150114536285,0
0,0.09581150114536285,0
0,0.09581150114536285,0
0,0.09581150114536285,0
0,0.09581150114536285,0
0,0.09581150114536285,0
0,0.09581150114536285,0
0,0.09581150114536285,0
0,0.09581150114536285,0
0,0.09581150114536285,0
0,0.09581150114536285,0
0,0.09581150114536285,0
0,0.09581150114536285,0
0,0.09581150114536285,0
0,0.09581150114536285,0
0,0.09581150114536285,0
0,0.09581150114536285,0
0,0.09581150114536285,0
0,0.09581150114536285,0
0,0.09581150114536285,0
0,0.09581150114536285,0
0,0.09581150114536285,0
0,0.09581150114536285,0
0,0.09581150114536285,0
0,0.09581150114536285,0
0,0.09581150114536285,0
0,0.09581150114536285,0
0,0.09581150114536285,0
0,0.09581150114536285,0
0,0.09581150114536285,0
0,0.09581150114536285,0
0,0.09581150114536285,0
0,0.09581150114536285,0
0,0.09581150114536285,0
0,0.09581150114536285,0
0,0.09581150114536285,0
0,0.09581150114536285,0
0,0.09581150114536285,0
0,0.09581150114536285,0
0,0.09581150114536285,0
0,0.09581150114536285,0
0,0.09581150114536285,0
0,0.09581150114536285,0
0,0.09581150114536285,0
0,0.09581150114536285,0
0,0.09581150114536285,0
0,0.09581150114536285,0
0,0.09581150114536285,0
0,0.09581150114536285,0
0,0.09581150114536285,0
0,0.09581150114536285,0
0,0.09581150114536285,0
0,0.09581150114536285,0
0,0.09581150114536285,0
0,0.09581150114536285,0
0,0.09581150114536285,0
0,0.09581150114536285,0
0,0.09581150114536285,0
0,0.09581150114536285,0
0,0.09581150114536285,0
0,0.09581150114536285,0
0,0.09581150114536285,0
0,0.09581150114536285,0
0,0.09581150114536285,0
0,0.09581150114536285,0
0,0.09581150114536285,0
0,0.09581150114536285,0
0,0.09581150114536285,0
0,0.09581150114536285,0
0,0.09581150114536285,0
0,0.09581150114536285,0
0,0.09581150114536285,0
0,0.09581150114536285,0
0,0.09581150114536285,0
0,0.09581150114536285,0
0,0.09581150114536285,0
0,0.09581150114536285,0
0,0.09581150114536285,0
0,0.09581150114536285,0
0,0.09581150114536285,0
0,0.09581150114536285,0
0,0.09581150114536285,0
0,0.09581150114536285,0
0,0.09581150114536285,0
0,0.09581150114536285,0
0,0.09581150114536285,0
0,0.09581150114536285,0
0,0.09581150114536285,0
0,0.09581150114536285,0
0,0.09581150114536285,0
0,0.09581150114536285,0
0,0.09581150114536285,0
0,0.09581150114536285,0
0,0.09581150114536285,0
0,0.09581150114536285,0
0,0.09581150114536285,0
0,0.09581150114536285,0
0,0.09581150114536285,0
0,0.09581150114536285,0
0,0.09581150114536285,0
0,0.09581150114536285,0
0,0.09581150114536285,0
0,0.09581150114536285,0
0,0.09581150114536285,0
0,0.09581150114536285,0
0,0.09581150114536285,0
0,0.09581150114536285,0
0,0.09581150114536285,0
0,0.09581150114536285,0
0,0.09581150114536285,0
